0.000000000000000000e+00 6.730000000000000000e+02 0.000000000000000000e+00
3.700000000000000164e-03 6.756251200000000381e+02 6.168274000000000218e-12
7.400000000000000328e-03 6.782502399999999625e+02 1.325620999999999931e-11
1.110000000000000049e-02 6.808753600000000006e+02 2.139509000000000108e-11
1.480000000000000066e-02 6.835004800000000387e+02 3.072843999999999786e-11
1.849999999999999908e-02 6.861255999999999631e+02 4.142231999999999914e-11
2.220000000000000098e-02 6.887507200000000012e+02 5.366045999999999933e-11
2.589999999999999941e-02 6.913758400000000393e+02 6.765226999999999886e-11
2.960000000000000131e-02 6.940009599999999637e+02 8.363336000000000059e-11
3.330000000000000321e-02 6.966260800000000017e+02 1.018678000000000026e-10
3.699999999999999817e-02 6.992512000000000398e+02 1.226526999999999925e-10
4.070000000000000007e-02 7.018763199999999642e+02 1.463216000000000110e-10
4.440000000000000197e-02 7.045014400000000023e+02 1.732481000000000110e-10
4.809999999999999692e-02 7.071265600000000404e+02 2.038529999999999990e-10
5.179999999999999882e-02 7.097516799999999648e+02 2.386041999999999772e-10
5.550000000000000072e-02 7.123768000000000029e+02 2.780257999999999748e-10
5.920000000000000262e-02 7.150019200000000410e+02 3.227059999999999814e-10
6.289999999999999758e-02 7.176270399999999654e+02 3.732996000000000206e-10
6.660000000000000642e-02 7.202521600000000035e+02 4.305366999999999759e-10
7.030000000000000138e-02 7.228772800000000416e+02 4.952316999999999784e-10
7.399999999999999634e-02 7.255023999999999660e+02 5.682917000000000343e-10
7.770000000000000517e-02 7.281275200000000041e+02 6.507254999999999983e-10
8.140000000000000013e-02 7.307526400000000422e+02 7.436562999999999521e-10
8.509999999999999509e-02 7.333777599999999666e+02 8.483301999999999663e-10
8.880000000000000393e-02 7.360028800000000047e+02 9.661316999999999757e-10
9.249999999999999889e-02 7.386280000000000427e+02 1.098594000000000063e-09
9.619999999999999385e-02 7.412531199999999671e+02 1.247420999999999926e-09
9.990000000000000269e-02 7.438782400000000052e+02 1.414493999999999975e-09
1.035999999999999976e-01 7.465033600000000433e+02 1.601898999999999909e-09
1.073000000000000065e-01 7.491284799999999677e+02 1.811942000000000069e-09
1.110000000000000014e-01 7.517536000000000058e+02 2.047166999999999947e-09
1.146999999999999964e-01 7.543787200000000439e+02 2.310389000000000013e-09
1.184000000000000052e-01 7.570038399999999683e+02 2.604710000000000200e-09
1.221000000000000002e-01 7.596289600000000064e+02 2.933549000000000165e-09
1.257999999999999952e-01 7.622540800000000445e+02 3.300673999999999970e-09
1.295000000000000040e-01 7.648791999999999689e+02 3.710233999999999949e-09
1.332000000000000128e-01 7.675043200000000070e+02 4.166790999999999741e-09
1.368999999999999939e-01 7.701294400000000451e+02 4.675362000000000093e-09
1.406000000000000028e-01 7.727545599999999695e+02 5.241456999999999677e-09
1.443000000000000116e-01 7.753796800000000076e+02 5.871125999999999729e-09
1.479999999999999927e-01 7.780048000000000457e+02 6.571004999999999686e-09
1.517000000000000015e-01 7.806299199999999701e+02 7.348370000000000340e-09
1.554000000000000103e-01 7.832550400000000081e+02 8.211191999999999866e-09
1.590999999999999914e-01 7.858801600000000462e+02 9.168198000000000025e-09
1.628000000000000003e-01 7.885052799999999706e+02 1.022893999999999921e-08
1.665000000000000091e-01 7.911304000000000087e+02 1.140386000000000078e-08
1.701999999999999902e-01 7.937555200000000468e+02 1.270435999999999975e-08
1.738999999999999990e-01 7.963806399999999712e+02 1.414289999999999921e-08
1.776000000000000079e-01 7.990057600000000093e+02 1.573309000000000155e-08
1.812999999999999889e-01 8.016308800000000474e+02 1.748975999999999938e-08
1.849999999999999978e-01 8.042559999999999718e+02 1.942907000000000061e-08
1.887000000000000066e-01 8.068811200000000099e+02 2.156864000000000049e-08
1.923999999999999877e-01 8.095062400000000480e+02 2.392762999999999878e-08
1.960999999999999965e-01 8.121313599999999724e+02 2.652692000000000087e-08
1.998000000000000054e-01 8.147564800000000105e+02 2.938920000000000021e-08
2.034999999999999865e-01 8.173816000000000486e+02 3.253910000000000316e-08
2.071999999999999953e-01 8.200067199999999730e+02 3.600342999999999961e-08
2.109000000000000041e-01 8.226318400000000111e+02 3.981124000000000200e-08
2.146000000000000130e-01 8.252569600000000491e+02 4.399408999999999898e-08
2.182999999999999940e-01 8.278820799999999736e+02 4.858616999999999705e-08
2.220000000000000029e-01 8.305072000000000116e+02 5.362453999999999771e-08
2.257000000000000117e-01 8.331323200000000497e+02 5.914933999999999832e-08
2.293999999999999928e-01 8.357574399999999741e+02 6.520404000000000555e-08
2.331000000000000016e-01 8.383825600000000122e+02 7.183566000000000627e-08
2.368000000000000105e-01 8.410076800000000503e+02 7.909502999999999751e-08
2.404999999999999916e-01 8.436327999999999747e+02 8.703711000000000241e-08
2.442000000000000004e-01 8.462579200000000128e+02 9.572127000000000068e-08
2.479000000000000092e-01 8.488830400000000509e+02 1.052115999999999943e-07
2.515999999999999903e-01 8.515081599999999753e+02 1.155772000000000008e-07
2.553000000000000269e-01 8.541332800000000134e+02 1.268928000000000125e-07
2.590000000000000080e-01 8.567584000000000515e+02 1.392386999999999907e-07
2.626999999999999891e-01 8.593835199999999759e+02 1.527015999999999914e-07
2.664000000000000257e-01 8.620086400000000140e+02 1.673747999999999907e-07
2.701000000000000068e-01 8.646337600000000521e+02 1.833586999999999914e-07
2.737999999999999878e-01 8.672588799999999765e+02 2.007614000000000020e-07
2.775000000000000244e-01 8.698840000000000146e+02 2.196991999999999984e-07
2.812000000000000055e-01 8.725091200000000526e+02 2.402968999999999790e-07
2.848999999999999866e-01 8.751342399999999770e+02 2.626888000000000196e-07
2.886000000000000232e-01 8.777593600000000151e+02 2.870190000000000107e-07
2.923000000000000043e-01 8.803844800000000532e+02 3.134422000000000193e-07
2.959999999999999853e-01 8.830095999999999776e+02 3.421242999999999767e-07
2.997000000000000219e-01 8.856347200000000157e+02 3.732432999999999790e-07
3.034000000000000030e-01 8.882598400000000538e+02 4.069901000000000122e-07
3.070999999999999841e-01 8.908849599999999782e+02 4.435688999999999744e-07
3.108000000000000207e-01 8.935100800000000163e+02 4.831987999999999738e-07
3.145000000000000018e-01 8.961352000000000544e+02 5.261139999999999954e-07
3.181999999999999829e-01 8.987603199999999788e+02 5.725653000000000481e-07
3.219000000000000195e-01 9.013854400000000169e+02 6.228208999999999969e-07
3.256000000000000005e-01 9.040105600000000550e+02 6.771673999999999601e-07
3.292999999999999816e-01 9.066356799999999794e+02 7.359113000000000339e-07
3.330000000000000182e-01 9.092608000000000175e+02 7.993798999999999568e-07
3.366999999999999993e-01 9.118859200000000556e+02 8.679224000000000294e-07
3.403999999999999804e-01 9.145110399999999800e+02 9.419120999999999895e-07
3.441000000000000170e-01 9.171361600000000180e+02 1.021746999999999918e-06
3.477999999999999980e-01 9.197612800000000561e+02 1.107850999999999932e-06
3.514999999999999791e-01 9.223863999999999805e+02 1.200675999999999971e-06
3.552000000000000157e-01 9.250115200000000186e+02 1.300705000000000026e-06
3.588999999999999968e-01 9.276366400000000567e+02 1.408451000000000070e-06
3.625999999999999779e-01 9.302617599999999811e+02 1.524460999999999955e-06
3.663000000000000145e-01 9.328868800000000192e+02 1.649317000000000077e-06
3.699999999999999956e-01 9.355119999999999436e+02 1.783636999999999920e-06
3.699999999999999956e-01 9.355119999999999436e+02 1.783636999999999920e-06
3.737400000000000166e-01 9.421568800000000010e+02 1.946697999999999873e-06
3.774799999999999822e-01 9.488017599999999447e+02 2.142029000000000155e-06
3.812200000000000033e-01 9.554466400000000021e+02 2.375430000000000142e-06
3.849600000000000244e-01 9.620915199999999459e+02 2.653634999999999793e-06
3.886999999999999900e-01 9.687364000000000033e+02 2.984446999999999990e-06
3.924400000000000110e-01 9.753812799999999470e+02 3.376885999999999842e-06
3.961799999999999766e-01 9.820261600000000044e+02 3.841357000000000057e-06
3.999199999999999977e-01 9.886710399999999481e+02 4.389836000000000028e-06
4.036600000000000188e-01 9.953159200000000055e+02 5.036080000000000240e-06
4.073999999999999844e-01 1.001960799999999949e+03 5.795859000000000204e-06
4.111400000000000055e-01 1.008605680000000007e+03 6.687215000000000314e-06
4.148800000000000265e-01 1.015250559999999950e+03 7.730745999999999522e-06
4.186199999999999921e-01 1.021895440000000008e+03 8.949925999999999935e-06
4.223600000000000132e-01 1.028540320000000065e+03 1.037145999999999946e-05
4.260999999999999788e-01 1.035185199999999895e+03 1.202565000000000064e-05
4.298399999999999999e-01 1.041830079999999953e+03 1.394686000000000084e-05
4.335800000000000209e-01 1.048474960000000010e+03 1.617394000000000053e-05
4.373199999999999865e-01 1.055119840000000067e+03 1.875078999999999941e-05
4.410600000000000076e-01 1.061764719999999897e+03 2.172687000000000159e-05
4.447999999999999732e-01 1.068409599999999955e+03 2.515785999999999904e-05
4.485399999999999943e-01 1.075054480000000012e+03 2.910631000000000017e-05
4.522800000000000153e-01 1.081699360000000070e+03 3.364239000000000097e-05
4.560199999999999809e-01 1.088344239999999900e+03 3.884468999999999688e-05
4.597600000000000020e-01 1.094989119999999957e+03 4.480106999999999829e-05
4.635000000000000231e-01 1.101634000000000015e+03 5.160963999999999737e-05
4.672399999999999887e-01 1.108278880000000072e+03 5.937976000000000083e-05
4.709800000000000098e-01 1.114923759999999902e+03 6.823316000000000656e-05
4.747199999999999753e-01 1.121568639999999959e+03 7.830512999999999883e-05
4.784599999999999964e-01 1.128213520000000017e+03 8.974583000000000603e-05
4.822000000000000175e-01 1.134858400000000074e+03 1.027217000000000028e-04
4.859399999999999831e-01 1.141503279999999904e+03 1.174168999999999972e-04
4.896800000000000042e-01 1.148148159999999962e+03 1.340350000000000135e-04
4.934200000000000252e-01 1.154793040000000019e+03 1.528006999999999955e-04
4.971599999999999908e-01 1.161437920000000076e+03 1.739617000000000051e-04
5.009000000000000119e-01 1.168082799999999907e+03 1.977907999999999901e-04
5.046399999999999775e-01 1.174727679999999964e+03 2.245876999999999910e-04
5.083800000000000541e-01 1.181372560000000021e+03 2.546817999999999847e-04
5.121200000000000196e-01 1.188017440000000079e+03 2.884342000000000242e-04
5.158599999999999852e-01 1.194662319999999909e+03 3.262407000000000154e-04
5.195999999999999508e-01 1.201307199999999966e+03 3.685343999999999795e-04
5.233400000000000274e-01 1.207952080000000024e+03 4.157885999999999852e-04
5.270799999999999930e-01 1.214596960000000081e+03 4.685202000000000073e-04
5.308199999999999585e-01 1.221241839999999911e+03 5.272929999999999675e-04
5.345600000000000351e-01 1.227886719999999968e+03 5.927210999999999721e-04
5.383000000000000007e-01 1.234531600000000026e+03 6.654729999999999760e-04
5.420399999999999663e-01 1.241176480000000083e+03 7.462750000000000199e-04
5.457800000000000429e-01 1.247821359999999913e+03 8.359158999999999904e-04
5.495200000000000085e-01 1.254466239999999971e+03 9.352505000000000540e-04
5.532599999999999740e-01 1.261111120000000028e+03 1.045204000000000098e-03
5.570000000000000506e-01 1.267756000000000085e+03 1.166776999999999918e-03
5.607400000000000162e-01 1.274400879999999916e+03 1.301045999999999930e-03
5.644799999999999818e-01 1.281045759999999973e+03 1.449168999999999935e-03
5.682199999999999473e-01 1.287690640000000030e+03 1.612387999999999972e-03
5.719600000000000239e-01 1.294335520000000088e+03 1.792025999999999949e-03
5.756999999999999895e-01 1.300980399999999918e+03 1.989485000000000038e-03
5.794399999999999551e-01 1.307625279999999975e+03 2.206242000000000186e-03
5.831800000000000317e-01 1.314270160000000033e+03 2.443873999999999960e-03
5.869199999999999973e-01 1.320915040000000090e+03 2.703937000000000007e-03
5.906599999999999628e-01 1.327559919999999920e+03 2.988044000000000030e-03
5.944000000000000394e-01 1.334204799999999977e+03 3.297810999999999885e-03
5.981400000000000050e-01 1.340849680000000035e+03 3.634841000000000200e-03
6.018799999999999706e-01 1.347494560000000092e+03 4.000728000000000270e-03
6.056200000000000472e-01 1.354139439999999922e+03 4.397093999999999829e-03
6.093600000000000128e-01 1.360784319999999980e+03 4.825636000000000335e-03
6.130999999999999783e-01 1.367429200000000037e+03 5.288145000000000172e-03
6.168400000000000549e-01 1.374074080000000095e+03 5.786470999999999629e-03
6.205800000000000205e-01 1.380718959999999925e+03 6.322475999999999617e-03
6.243199999999999861e-01 1.387363839999999982e+03 6.898015999999999870e-03
6.280599999999999516e-01 1.394008720000000039e+03 7.514924000000000083e-03
6.318000000000000282e-01 1.400653600000000097e+03 8.174993999999999664e-03
6.355399999999999938e-01 1.407298479999999927e+03 8.879969999999999183e-03
6.392799999999999594e-01 1.413943359999999984e+03 9.631527000000000838e-03
6.430200000000000360e-01 1.420588240000000042e+03 1.043125999999999949e-02
6.467600000000000016e-01 1.427233120000000099e+03 1.128065999999999965e-02
6.504999999999999671e-01 1.433877999999999929e+03 1.218113000000000008e-02
6.542400000000000437e-01 1.440522879999999986e+03 1.313392000000000032e-02
6.579800000000000093e-01 1.447167760000000044e+03 1.414019000000000040e-02
6.617199999999999749e-01 1.453812640000000101e+03 1.520093999999999959e-02
6.654600000000000515e-01 1.460457519999999931e+03 1.631702999999999973e-02
6.692000000000000171e-01 1.467102399999999989e+03 1.748921000000000156e-02
6.729399999999999826e-01 1.473747280000000046e+03 1.871806999999999985e-02
6.766799999999999482e-01 1.480392160000000104e+03 2.000408999999999868e-02
6.804200000000000248e-01 1.487037039999999934e+03 2.134762999999999938e-02
6.841599999999999904e-01 1.493681919999999991e+03 2.274895999999999863e-02
6.878999999999999559e-01 1.500326800000000048e+03 2.420825999999999881e-02
6.916400000000000325e-01 1.506971680000000106e+03 2.572566000000000089e-02
6.953799999999999981e-01 1.513616559999999936e+03 2.730124999999999913e-02
6.991199999999999637e-01 1.520261439999999993e+03 2.893511000000000000e-02
7.028600000000000403e-01 1.526906320000000051e+03 3.062729999999999966e-02
7.066000000000000059e-01 1.533551200000000108e+03 3.237795999999999730e-02
7.103399999999999714e-01 1.540196079999999938e+03 3.418721999999999733e-02
7.140800000000000480e-01 1.546840959999999995e+03 3.605532999999999655e-02
7.178200000000000136e-01 1.553485840000000053e+03 3.798257000000000022e-02
7.215599999999999792e-01 1.560130720000000110e+03 3.996935000000000071e-02
7.252999999999999448e-01 1.566775599999999940e+03 4.201614000000000043e-02
7.290400000000000214e-01 1.573420479999999998e+03 4.412353000000000108e-02
7.327799999999999869e-01 1.580065360000000055e+03 4.629218999999999695e-02
7.365199999999999525e-01 1.586710240000000113e+03 4.852290000000000075e-02
7.402600000000000291e-01 1.593355119999999943e+03 5.081650000000000056e-02
7.439999999999999947e-01 1.600000000000000000e+03 5.317393000000000119e-02
7.439999999999999947e-01 1.600000000000000000e+03 5.317393000000000119e-02
7.728300000000000169e-01 1.600000000000000000e+03 6.820727999999999513e-02
8.016600000000000392e-01 1.600000000000000000e+03 8.116157999999999706e-02
8.304899999999999505e-01 1.600000000000000000e+03 9.264189999999999925e-02
8.593199999999999728e-01 1.600000000000000000e+03 1.030202000000000062e-01
8.881499999999999950e-01 1.600000000000000000e+03 1.125402000000000069e-01
9.169800000000000173e-01 1.600000000000000000e+03 1.213697999999999999e-01
9.458100000000000396e-01 1.600000000000000000e+03 1.296297999999999895e-01
9.746399999999999508e-01 1.600000000000000000e+03 1.374102000000000101e-01
1.003470000000000084e+00 1.600000000000000000e+03 1.447798999999999892e-01
1.032299999999999995e+00 1.600000000000000000e+03 1.517929000000000084e-01
1.061129999999999907e+00 1.600000000000000000e+03 1.584926000000000113e-01
1.089960000000000040e+00 1.600000000000000000e+03 1.649141000000000079e-01
1.118789999999999951e+00 1.600000000000000000e+03 1.710866000000000053e-01
1.147620000000000084e+00 1.600000000000000000e+03 1.770346999999999893e-01
1.176449999999999996e+00 1.600000000000000000e+03 1.827788999999999942e-01
1.205279999999999907e+00 1.600000000000000000e+03 1.883369000000000015e-01
1.234110000000000040e+00 1.600000000000000000e+03 1.937242000000000131e-01
1.262939999999999952e+00 1.600000000000000000e+03 1.989538999999999891e-01
1.291770000000000085e+00 1.600000000000000000e+03 2.040377999999999914e-01
1.320599999999999996e+00 1.600000000000000000e+03 2.089861000000000080e-01
1.349429999999999907e+00 1.600000000000000000e+03 2.138081000000000009e-01
1.378260000000000041e+00 1.600000000000000000e+03 2.185118000000000060e-01
1.407089999999999952e+00 1.600000000000000000e+03 2.231045999999999863e-01
1.435920000000000085e+00 1.600000000000000000e+03 2.275929999999999898e-01
1.464749999999999996e+00 1.600000000000000000e+03 2.319830999999999976e-01
1.493579999999999908e+00 1.600000000000000000e+03 2.362801999999999958e-01
1.522410000000000041e+00 1.600000000000000000e+03 2.404892999999999892e-01
1.551239999999999952e+00 1.600000000000000000e+03 2.446148999999999962e-01
1.580070000000000086e+00 1.600000000000000000e+03 2.486610999999999960e-01
1.608899999999999997e+00 1.600000000000000000e+03 2.526318000000000175e-01
1.637729999999999908e+00 1.600000000000000000e+03 2.565303999999999918e-01
1.666560000000000041e+00 1.600000000000000000e+03 2.603601999999999861e-01
1.695389999999999953e+00 1.600000000000000000e+03 2.641241999999999757e-01
1.724220000000000086e+00 1.600000000000000000e+03 2.678251999999999855e-01
1.753049999999999997e+00 1.600000000000000000e+03 2.714657999999999793e-01
1.781879999999999908e+00 1.600000000000000000e+03 2.750484000000000262e-01
1.810710000000000042e+00 1.600000000000000000e+03 2.785753000000000257e-01
1.839539999999999953e+00 1.600000000000000000e+03 2.820485999999999827e-01
1.868370000000000086e+00 1.600000000000000000e+03 2.854703000000000102e-01
1.897199999999999998e+00 1.600000000000000000e+03 2.888422999999999963e-01
1.926029999999999909e+00 1.600000000000000000e+03 2.921662999999999899e-01
1.954860000000000042e+00 1.600000000000000000e+03 2.954439999999999844e-01
1.983689999999999953e+00 1.600000000000000000e+03 2.986770000000000258e-01
2.012519999999999865e+00 1.600000000000000000e+03 3.018666999999999878e-01
2.041349999999999998e+00 1.600000000000000000e+03 3.050145000000000217e-01
2.070180000000000131e+00 1.600000000000000000e+03 3.081218000000000012e-01
2.099009999999999820e+00 1.600000000000000000e+03 3.111898000000000164e-01
2.127839999999999954e+00 1.600000000000000000e+03 3.142195999999999878e-01
2.156670000000000087e+00 1.600000000000000000e+03 3.172125000000000083e-01
2.185500000000000220e+00 1.600000000000000000e+03 3.201695999999999986e-01
2.214329999999999909e+00 1.600000000000000000e+03 3.230916999999999817e-01
2.243160000000000043e+00 1.600000000000000000e+03 3.259798999999999891e-01
2.271990000000000176e+00 1.600000000000000000e+03 3.288351999999999942e-01
2.300819999999999865e+00 1.600000000000000000e+03 3.316584000000000199e-01
2.329649999999999999e+00 1.600000000000000000e+03 3.344503999999999810e-01
2.358480000000000132e+00 1.600000000000000000e+03 3.372120000000000117e-01
2.387309999999999821e+00 1.600000000000000000e+03 3.399439000000000211e-01
2.416139999999999954e+00 1.600000000000000000e+03 3.426469999999999794e-01
2.444970000000000088e+00 1.600000000000000000e+03 3.453219000000000150e-01
2.473800000000000221e+00 1.600000000000000000e+03 3.479692999999999814e-01
2.502629999999999910e+00 1.600000000000000000e+03 3.505898000000000070e-01
2.531460000000000043e+00 1.600000000000000000e+03 3.531842000000000037e-01
2.560290000000000177e+00 1.600000000000000000e+03 3.557529999999999859e-01
2.589119999999999866e+00 1.600000000000000000e+03 3.582967000000000235e-01
2.617949999999999999e+00 1.600000000000000000e+03 3.608160000000000256e-01
2.646780000000000133e+00 1.600000000000000000e+03 3.633115000000000094e-01
2.675609999999999822e+00 1.600000000000000000e+03 3.657834999999999837e-01
2.704439999999999955e+00 1.600000000000000000e+03 3.682326000000000210e-01
2.733270000000000088e+00 1.600000000000000000e+03 3.706594000000000277e-01
2.762100000000000222e+00 1.600000000000000000e+03 3.730642000000000125e-01
2.790929999999999911e+00 1.600000000000000000e+03 3.754474999999999896e-01
2.819760000000000044e+00 1.600000000000000000e+03 3.778097999999999734e-01
2.848590000000000177e+00 1.600000000000000000e+03 3.801513999999999727e-01
2.877419999999999867e+00 1.600000000000000000e+03 3.824729000000000045e-01
2.906250000000000000e+00 1.600000000000000000e+03 3.847745000000000193e-01
2.935080000000000133e+00 1.600000000000000000e+03 3.870566999999999758e-01
2.963909999999999823e+00 1.600000000000000000e+03 3.893197999999999936e-01
2.992739999999999956e+00 1.600000000000000000e+03 3.915641999999999734e-01
3.021570000000000089e+00 1.600000000000000000e+03 3.937902999999999820e-01
3.050399999999999778e+00 1.600000000000000000e+03 3.959983000000000253e-01
3.079229999999999912e+00 1.600000000000000000e+03 3.981886000000000037e-01
3.108060000000000045e+00 1.600000000000000000e+03 4.003614999999999813e-01
3.136890000000000178e+00 1.600000000000000000e+03 4.025173000000000223e-01
3.165719999999999867e+00 1.600000000000000000e+03 4.046564000000000272e-01
3.194550000000000001e+00 1.600000000000000000e+03 4.067788999999999988e-01
3.223380000000000134e+00 1.600000000000000000e+03 4.088853000000000071e-01
3.252209999999999823e+00 1.600000000000000000e+03 4.109756999999999993e-01
3.281039999999999957e+00 1.600000000000000000e+03 4.130503999999999842e-01
3.309870000000000090e+00 1.600000000000000000e+03 4.151097000000000259e-01
3.338699999999999779e+00 1.600000000000000000e+03 4.171538000000000190e-01
3.367529999999999912e+00 1.600000000000000000e+03 4.191829999999999723e-01
3.396360000000000046e+00 1.600000000000000000e+03 4.211975000000000025e-01
3.425190000000000179e+00 1.600000000000000000e+03 4.231976000000000071e-01
3.454019999999999868e+00 1.600000000000000000e+03 4.251833999999999891e-01
3.482850000000000001e+00 1.600000000000000000e+03 4.271552000000000127e-01
3.511680000000000135e+00 1.600000000000000000e+03 4.291132999999999753e-01
3.540509999999999824e+00 1.600000000000000000e+03 4.310576999999999881e-01
3.569339999999999957e+00 1.600000000000000000e+03 4.329887000000000041e-01
3.598170000000000091e+00 1.600000000000000000e+03 4.349065999999999765e-01
3.626999999999999780e+00 1.600000000000000000e+03 4.368115000000000192e-01
