[[ 1.00000923e+00,  4.58300584e-05],
 [ 1.00006229e+00, -2.23335241e-05],
 [ 1.00012992e+00,  1.03669236e-05],
 [ 9.99808324e-01,  3.70513178e-05],
 [ 9.99820305e-01,  1.22050300e-04],
 [ 1.00008648e+00,  7.69399892e-06],
 [ 9.99912304e-01,  8.28388518e-05],
 [ 9.99942391e-01,  4.97060058e-05],
 [ 9.99982789e-01, -3.53387996e-05],
 [ 9.99966394e-01, -6.81405860e-06]]

[[ 1.00000923e+00,  4.58300584e-05],
 [ 1.00006229e+00, -2.23335241e-05],
 [ 1.00012992e+00,  1.03669236e-05],
 [ 9.99808324e-01,  3.70513178e-05],
 [ 9.99820305e-01,  1.22050300e-04],
 [ 1.00008648e+00,  7.69399892e-06],
 [ 9.99912304e-01,  8.28388518e-05],
 [ 9.99942391e-01,  4.97060058e-05],
 [ 9.99982789e-01, -3.53387996e-05],
 [ 9.99966394e-01, -6.81405860e-06],
 [ 9.99968025e-01,  6.61699611e-05],
 [ 1.00006229e+00, -2.23335241e-05],
 [ 1.00010705e+00,  1.79822277e-05],
 [ 9.99743486e-01,  8.49983409e-06],
 [ 9.99820305e-01,  1.22050300e-04],
 [ 1.00008648e+00,  7.69399892e-06],
 [ 9.99809592e-01,  1.17045409e-04],
 [ 9.99939008e-01,  5.17102765e-05],
 [ 9.99982789e-01, -3.53387996e-05],
 [ 9.99893476e-01, -1.96688317e-05]]

[[ 1.00000923e+00,  4.58300584e-05],
 [ 1.00006229e+00, -2.23335241e-05],
 [ 1.00012992e+00,  1.03669236e-05],
 [ 9.99808324e-01,  3.70513178e-05],
 [ 9.99820305e-01,  1.22050300e-04],
 [ 1.00008648e+00,  7.69399892e-06],
 [ 9.99912304e-01,  8.28388518e-05],
 [ 9.99942391e-01,  4.97060058e-05],
 [ 9.99982789e-01, -3.53387996e-05],
 [ 9.99966394e-01, -6.81405860e-06],
 [ 9.99968025e-01,  6.61699611e-05],
 [ 1.00006229e+00, -2.23335241e-05],
 [ 1.00010705e+00,  1.79822277e-05],
 [ 9.99743486e-01,  8.49983409e-06],
 [ 9.99820305e-01,  1.22050300e-04],
 [ 1.00008648e+00,  7.69399892e-06],
 [ 9.99809592e-01,  1.17045409e-04],
 [ 9.99939008e-01,  5.17102765e-05],
 [ 9.99982789e-01, -3.53387996e-05],
 [ 9.99893476e-01, -1.96688317e-05],
 [ 9.99968025e-01,  6.61699611e-05],
 [ 1.00006229e+00, -2.23335241e-05],
 [ 1.00009933e+00,  2.07835101e-05],
 [ 9.99743486e-01,  8.49983409e-06],
 [ 9.99820305e-01,  1.22050300e-04],
 [ 1.00008741e+00,  8.84521407e-06],
 [ 9.99722368e-01,  1.45054043e-04],
 [ 9.99939008e-01,  5.17102765e-05],
 [ 9.99982789e-01, -3.53387996e-05],
 [ 9.99855663e-01,  4.19585160e-05]]

[[ 1.00000923e+00,  4.58300584e-05],
 [ 1.00006229e+00, -2.23335241e-05],
 [ 1.00012992e+00,  1.03669236e-05],
 [ 9.99808324e-01,  3.70513178e-05],
 [ 9.99820305e-01,  1.22050300e-04],
 [ 1.00008648e+00,  7.69399892e-06],
 [ 9.99912304e-01,  8.28388518e-05],
 [ 9.99942391e-01,  4.97060058e-05],
 [ 9.99982789e-01, -3.53387996e-05],
 [ 9.99966394e-01, -6.81405860e-06],
 [ 9.99968025e-01,  6.61699611e-05],
 [ 1.00006229e+00, -2.23335241e-05],
 [ 1.00010705e+00,  1.79822277e-05],
 [ 9.99743486e-01,  8.49983409e-06],
 [ 9.99820305e-01,  1.22050300e-04],
 [ 1.00008648e+00,  7.69399892e-06],
 [ 9.99809592e-01,  1.17045409e-04],
 [ 9.99939008e-01,  5.17102765e-05],
 [ 9.99982789e-01, -3.53387996e-05],
 [ 9.99893476e-01, -1.96688317e-05],
 [ 9.99968025e-01,  6.61699611e-05],
 [ 1.00006229e+00, -2.23335241e-05],
 [ 1.00009933e+00,  2.07835101e-05],
 [ 9.99743486e-01,  8.49983409e-06],
 [ 9.99820305e-01,  1.22050300e-04],
 [ 1.00008741e+00,  8.84521407e-06],
 [ 9.99722368e-01,  1.45054043e-04],
 [ 9.99939008e-01,  5.17102765e-05],
 [ 9.99982789e-01, -3.53387996e-05],
 [ 9.99855663e-01,  4.19585160e-05],
 [ 9.99968025e-01,  6.61699611e-05],
 [ 1.00006229e+00, -2.23335241e-05],
 [ 1.00009933e+00,  2.07835101e-05],
 [ 9.99678391e-01, -1.09155924e-05],
 [ 9.99789187e-01,  1.92536558e-04],
 [ 1.00008741e+00,  8.84521407e-06],
 [ 9.99722368e-01,  1.45054043e-04],
 [ 9.99823325e-01,  7.40261560e-05],
 [ 9.99956157e-01, -1.68905187e-05],
 [ 9.99855663e-01,  4.19585160e-05]]

[[ 1.00000923e+00,  4.58300584e-05],
 [ 1.00006229e+00, -2.23335241e-05],
 [ 1.00012992e+00,  1.03669236e-05],
 [ 9.99808324e-01,  3.70513178e-05],
 [ 9.99820305e-01,  1.22050300e-04],
 [ 1.00008648e+00,  7.69399892e-06],
 [ 9.99912304e-01,  8.28388518e-05],
 [ 9.99942391e-01,  4.97060058e-05],
 [ 9.99982789e-01, -3.53387996e-05],
 [ 9.99966394e-01, -6.81405860e-06],
 [ 9.99968025e-01,  6.61699611e-05],
 [ 1.00006229e+00, -2.23335241e-05],
 [ 1.00010705e+00,  1.79822277e-05],
 [ 9.99743486e-01,  8.49983409e-06],
 [ 9.99820305e-01,  1.22050300e-04],
 [ 1.00008648e+00,  7.69399892e-06],
 [ 9.99809592e-01,  1.17045409e-04],
 [ 9.99939008e-01,  5.17102765e-05],
 [ 9.99982789e-01, -3.53387996e-05],
 [ 9.99893476e-01, -1.96688317e-05],
 [ 9.99968025e-01,  6.61699611e-05],
 [ 1.00006229e+00, -2.23335241e-05],
 [ 1.00009933e+00,  2.07835101e-05],
 [ 9.99743486e-01,  8.49983409e-06],
 [ 9.99820305e-01,  1.22050300e-04],
 [ 1.00008741e+00,  8.84521407e-06],
 [ 9.99722368e-01,  1.45054043e-04],
 [ 9.99939008e-01,  5.17102765e-05],
 [ 9.99982789e-01, -3.53387996e-05],
 [ 9.99855663e-01,  4.19585160e-05],
 [ 9.99968025e-01,  6.61699611e-05],
 [ 1.00006229e+00, -2.23335241e-05],
 [ 1.00009933e+00,  2.07835101e-05],
 [ 9.99678391e-01, -1.09155924e-05],
 [ 9.99789187e-01,  1.92536558e-04],
 [ 1.00008741e+00,  8.84521407e-06],
 [ 9.99722368e-01,  1.45054043e-04],
 [ 9.99823325e-01,  7.40261560e-05],
 [ 9.99956157e-01, -1.68905187e-05],
 [ 9.99855663e-01,  4.19585160e-05],
 [ 9.99944886e-01,  4.91238444e-05],
 [ 9.99987977e-01, -1.85223587e-05],
 [ 9.99935983e-01,  5.22938717e-05],
 [ 9.99678391e-01, -1.09155924e-05],
 [ 9.99767819e-01,  1.48321638e-04],
 [ 1.00008175e+00,  3.17705570e-06],
 [ 9.99497014e-01,  2.17418608e-04],
 [ 9.99739709e-01,  9.01559501e-05],
 [ 9.99861839e-01, -1.20535574e-05],
 [ 9.99855663e-01,  4.19585160e-05]]

[[ 1.00000923e+00,  4.58300584e-05],
 [ 1.00006229e+00, -2.23335241e-05],
 [ 1.00012992e+00,  1.03669236e-05],
 [ 9.99808324e-01,  3.70513178e-05],
 [ 9.99820305e-01,  1.22050300e-04],
 [ 1.00008648e+00,  7.69399892e-06],
 [ 9.99912304e-01,  8.28388518e-05],
 [ 9.99942391e-01,  4.97060058e-05],
 [ 9.99982789e-01, -3.53387996e-05],
 [ 9.99966394e-01, -6.81405860e-06],
 [ 9.99968025e-01,  6.61699611e-05],
 [ 1.00006229e+00, -2.23335241e-05],
 [ 1.00010705e+00,  1.79822277e-05],
 [ 9.99743486e-01,  8.49983409e-06],
 [ 9.99820305e-01,  1.22050300e-04],
 [ 1.00008648e+00,  7.69399892e-06],
 [ 9.99809592e-01,  1.17045409e-04],
 [ 9.99939008e-01,  5.17102765e-05],
 [ 9.99982789e-01, -3.53387996e-05],
 [ 9.99893476e-01, -1.96688317e-05],
 [ 9.99968025e-01,  6.61699611e-05],
 [ 1.00006229e+00, -2.23335241e-05],
 [ 1.00009933e+00,  2.07835101e-05],
 [ 9.99743486e-01,  8.49983409e-06],
 [ 9.99820305e-01,  1.22050300e-04],
 [ 1.00008741e+00,  8.84521407e-06],
 [ 9.99722368e-01,  1.45054043e-04],
 [ 9.99939008e-01,  5.17102765e-05],
 [ 9.99982789e-01, -3.53387996e-05],
 [ 9.99855663e-01,  4.19585160e-05],
 [ 9.99968025e-01,  6.61699611e-05],
 [ 1.00006229e+00, -2.23335241e-05],
 [ 1.00009933e+00,  2.07835101e-05],
 [ 9.99678391e-01, -1.09155924e-05],
 [ 9.99789187e-01,  1.92536558e-04],
 [ 1.00008741e+00,  8.84521407e-06],
 [ 9.99722368e-01,  1.45054043e-04],
 [ 9.99823325e-01,  7.40261560e-05],
 [ 9.99956157e-01, -1.68905187e-05],
 [ 9.99855663e-01,  4.19585160e-05],
 [ 9.99944886e-01,  4.91238444e-05],
 [ 9.99987977e-01, -1.85223587e-05],
 [ 9.99935983e-01,  5.22938717e-05],
 [ 9.99678391e-01, -1.09155924e-05],
 [ 9.99767819e-01,  1.48321638e-04],
 [ 1.00008175e+00,  3.17705570e-06],
 [ 9.99497014e-01,  2.17418608e-04],
 [ 9.99739709e-01,  9.01559501e-05],
 [ 9.99861839e-01, -1.20535574e-05],
 [ 9.99855663e-01,  4.19585160e-05],
 [ 9.99944886e-01,  4.91238444e-05],
 [ 9.99980107e-01, -6.16816458e-06],
 [ 9.99870772e-01,  7.42670195e-05],
 [ 9.99678391e-01, -1.09155924e-05],
 [ 9.99729743e-01,  1.58037043e-04],
 [ 1.00008175e+00,  3.17705570e-06],
 [ 9.99357106e-01,  2.71004528e-04],
 [ 9.99606545e-01,  1.16786646e-04],
 [ 9.99861839e-01, -1.20535574e-05],
 [ 9.99855663e-01,  4.19585160e-05]]

[[ 1.00000923e+00,  4.58300584e-05],
 [ 1.00006229e+00, -2.23335241e-05],
 [ 1.00012992e+00,  1.03669236e-05],
 [ 9.99808324e-01,  3.70513178e-05],
 [ 9.99820305e-01,  1.22050300e-04],
 [ 1.00008648e+00,  7.69399892e-06],
 [ 9.99912304e-01,  8.28388518e-05],
 [ 9.99942391e-01,  4.97060058e-05],
 [ 9.99982789e-01, -3.53387996e-05],
 [ 9.99966394e-01, -6.81405860e-06],
 [ 9.99968025e-01,  6.61699611e-05],
 [ 1.00006229e+00, -2.23335241e-05],
 [ 1.00010705e+00,  1.79822277e-05],
 [ 9.99743486e-01,  8.49983409e-06],
 [ 9.99820305e-01,  1.22050300e-04],
 [ 1.00008648e+00,  7.69399892e-06],
 [ 9.99809592e-01,  1.17045409e-04],
 [ 9.99939008e-01,  5.17102765e-05],
 [ 9.99982789e-01, -3.53387996e-05],
 [ 9.99893476e-01, -1.96688317e-05],
 [ 9.99968025e-01,  6.61699611e-05],
 [ 1.00006229e+00, -2.23335241e-05],
 [ 1.00009933e+00,  2.07835101e-05],
 [ 9.99743486e-01,  8.49983409e-06],
 [ 9.99820305e-01,  1.22050300e-04],
 [ 1.00008741e+00,  8.84521407e-06],
 [ 9.99722368e-01,  1.45054043e-04],
 [ 9.99939008e-01,  5.17102765e-05],
 [ 9.99982789e-01, -3.53387996e-05],
 [ 9.99855663e-01,  4.19585160e-05],
 [ 9.99968025e-01,  6.61699611e-05],
 [ 1.00006229e+00, -2.23335241e-05],
 [ 1.00009933e+00,  2.07835101e-05],
 [ 9.99678391e-01, -1.09155924e-05],
 [ 9.99789187e-01,  1.92536558e-04],
 [ 1.00008741e+00,  8.84521407e-06],
 [ 9.99722368e-01,  1.45054043e-04],
 [ 9.99823325e-01,  7.40261560e-05],
 [ 9.99956157e-01, -1.68905187e-05],
 [ 9.99855663e-01,  4.19585160e-05],
 [ 9.99944886e-01,  4.91238444e-05],
 [ 9.99987977e-01, -1.85223587e-05],
 [ 9.99935983e-01,  5.22938717e-05],
 [ 9.99678391e-01, -1.09155924e-05],
 [ 9.99767819e-01,  1.48321638e-04],
 [ 1.00008175e+00,  3.17705570e-06],
 [ 9.99497014e-01,  2.17418608e-04],
 [ 9.99739709e-01,  9.01559501e-05],
 [ 9.99861839e-01, -1.20535574e-05],
 [ 9.99855663e-01,  4.19585160e-05],
 [ 9.99944886e-01,  4.91238444e-05],
 [ 9.99980107e-01, -6.16816458e-06],
 [ 9.99870772e-01,  7.42670195e-05],
 [ 9.99678391e-01, -1.09155924e-05],
 [ 9.99729743e-01,  1.58037043e-04],
 [ 1.00008175e+00,  3.17705570e-06],
 [ 9.99357106e-01,  2.71004528e-04],
 [ 9.99606545e-01,  1.16786646e-04],
 [ 9.99861839e-01, -1.20535574e-05],
 [ 9.99855663e-01,  4.19585160e-05],
 [ 9.99809810e-01,  1.00113372e-04],
 [ 9.99980107e-01, -6.16816458e-06],
 [ 9.99870772e-01,  7.42670195e-05],
 [ 9.99636867e-01, -4.59978472e-05],
 [ 9.99729743e-01,  1.58037043e-04],
 [ 1.00008175e+00,  3.17705570e-06],
 [ 9.98796110e-01,  5.20590906e-04],
 [ 9.99606545e-01,  1.16786646e-04],
 [ 9.99861839e-01, -1.20535574e-05],
 [ 9.99847790e-01,  4.92161162e-05]]

[[ 1.00000923e+00,  4.58300584e-05],
 [ 1.00006229e+00, -2.23335241e-05],
 [ 1.00012992e+00,  1.03669236e-05],
 [ 9.99808324e-01,  3.70513178e-05],
 [ 9.99820305e-01,  1.22050300e-04],
 [ 1.00008648e+00,  7.69399892e-06],
 [ 9.99912304e-01,  8.28388518e-05],
 [ 9.99942391e-01,  4.97060058e-05],
 [ 9.99982789e-01, -3.53387996e-05],
 [ 9.99966394e-01, -6.81405860e-06],
 [ 9.99968025e-01,  6.61699611e-05],
 [ 1.00006229e+00, -2.23335241e-05],
 [ 1.00010705e+00,  1.79822277e-05],
 [ 9.99743486e-01,  8.49983409e-06],
 [ 9.99820305e-01,  1.22050300e-04],
 [ 1.00008648e+00,  7.69399892e-06],
 [ 9.99809592e-01,  1.17045409e-04],
 [ 9.99939008e-01,  5.17102765e-05],
 [ 9.99982789e-01, -3.53387996e-05],
 [ 9.99893476e-01, -1.96688317e-05],
 [ 9.99968025e-01,  6.61699611e-05],
 [ 1.00006229e+00, -2.23335241e-05],
 [ 1.00009933e+00,  2.07835101e-05],
 [ 9.99743486e-01,  8.49983409e-06],
 [ 9.99820305e-01,  1.22050300e-04],
 [ 1.00008741e+00,  8.84521407e-06],
 [ 9.99722368e-01,  1.45054043e-04],
 [ 9.99939008e-01,  5.17102765e-05],
 [ 9.99982789e-01, -3.53387996e-05],
 [ 9.99855663e-01,  4.19585160e-05],
 [ 9.99968025e-01,  6.61699611e-05],
 [ 1.00006229e+00, -2.23335241e-05],
 [ 1.00009933e+00,  2.07835101e-05],
 [ 9.99678391e-01, -1.09155924e-05],
 [ 9.99789187e-01,  1.92536558e-04],
 [ 1.00008741e+00,  8.84521407e-06],
 [ 9.99722368e-01,  1.45054043e-04],
 [ 9.99823325e-01,  7.40261560e-05],
 [ 9.99956157e-01, -1.68905187e-05],
 [ 9.99855663e-01,  4.19585160e-05],
 [ 9.99944886e-01,  4.91238444e-05],
 [ 9.99987977e-01, -1.85223587e-05],
 [ 9.99935983e-01,  5.22938717e-05],
 [ 9.99678391e-01, -1.09155924e-05],
 [ 9.99767819e-01,  1.48321638e-04],
 [ 1.00008175e+00,  3.17705570e-06],
 [ 9.99497014e-01,  2.17418608e-04],
 [ 9.99739709e-01,  9.01559501e-05],
 [ 9.99861839e-01, -1.20535574e-05],
 [ 9.99855663e-01,  4.19585160e-05],
 [ 9.99944886e-01,  4.91238444e-05],
 [ 9.99980107e-01, -6.16816458e-06],
 [ 9.99870772e-01,  7.42670195e-05],
 [ 9.99678391e-01, -1.09155924e-05],
 [ 9.99729743e-01,  1.58037043e-04],
 [ 1.00008175e+00,  3.17705570e-06],
 [ 9.99357106e-01,  2.71004528e-04],
 [ 9.99606545e-01,  1.16786646e-04],
 [ 9.99861839e-01, -1.20535574e-05],
 [ 9.99855663e-01,  4.19585160e-05],
 [ 9.99809810e-01,  1.00113372e-04],
 [ 9.99980107e-01, -6.16816458e-06],
 [ 9.99870772e-01,  7.42670195e-05],
 [ 9.99636867e-01, -4.59978472e-05],
 [ 9.99729743e-01,  1.58037043e-04],
 [ 1.00008175e+00,  3.17705570e-06],
 [ 9.98796110e-01,  5.20590906e-04],
 [ 9.99606545e-01,  1.16786646e-04],
 [ 9.99861839e-01, -1.20535574e-05],
 [ 9.99847790e-01,  4.92161162e-05],
 [ 9.99774632e-01,  1.32816809e-04],
 [ 9.99980107e-01, -6.16816458e-06],
 [ 9.99870772e-01,  7.42670195e-05],
 [ 9.99559088e-01, -5.50232710e-05],
 [ 9.99650581e-01,  2.59967609e-04],
 [ 9.99931900e-01, -1.33866322e-05],
 [ 9.98796110e-01,  5.20590906e-04],
 [ 9.99600002e-01,  1.51914400e-04],
 [ 9.99821412e-01, -1.40653183e-05],
 [ 9.99847790e-01,  4.92161162e-05]]

