[[ 1.00000923e+00,  4.58300584e-05],
 [ 1.00006229e+00, -2.23335241e-05],
 [ 1.00012992e+00,  1.03669236e-05],
 [ 9.99808324e-01,  3.70513178e-05],
 [ 9.99820305e-01,  1.22050300e-04],
 [ 1.00008648e+00,  7.69399892e-06],
 [ 9.99912304e-01,  8.28388518e-05],
 [ 9.99942391e-01,  4.97060058e-05],
 [ 9.99982789e-01, -3.53387996e-05],
 [ 9.99966394e-01, -6.81405860e-06]]

[[ 1.00000923e+00,  4.58300584e-05],
 [ 1.00006229e+00, -2.23335241e-05],
 [ 1.00012992e+00,  1.03669236e-05],
 [ 9.99808324e-01,  3.70513178e-05],
 [ 9.99820305e-01,  1.22050300e-04],
 [ 1.00008648e+00,  7.69399892e-06],
 [ 9.99912304e-01,  8.28388518e-05],
 [ 9.99942391e-01,  4.97060058e-05],
 [ 9.99982789e-01, -3.53387996e-05],
 [ 9.99966394e-01, -6.81405860e-06],
 [ 9.99968025e-01,  6.61699611e-05],
 [ 1.00006229e+00, -2.23335241e-05],
 [ 1.00010705e+00,  1.79822277e-05],
 [ 9.99743486e-01,  8.49983409e-06],
 [ 9.99820305e-01,  1.22050300e-04],
 [ 1.00008648e+00,  7.69399892e-06],
 [ 9.99809592e-01,  1.17045409e-04],
 [ 9.99939008e-01,  5.17102765e-05],
 [ 9.99982789e-01, -3.53387996e-05],
 [ 9.99893476e-01, -1.96688317e-05]]

[[ 1.00000923e+00,  4.58300584e-05],
 [ 1.00006229e+00, -2.23335241e-05],
 [ 1.00012992e+00,  1.03669236e-05],
 [ 9.99808324e-01,  3.70513178e-05],
 [ 9.99820305e-01,  1.22050300e-04],
 [ 1.00008648e+00,  7.69399892e-06],
 [ 9.99912304e-01,  8.28388518e-05],
 [ 9.99942391e-01,  4.97060058e-05],
 [ 9.99982789e-01, -3.53387996e-05],
 [ 9.99966394e-01, -6.81405860e-06],
 [ 9.99968025e-01,  6.61699611e-05],
 [ 1.00006229e+00, -2.23335241e-05],
 [ 1.00010705e+00,  1.79822277e-05],
 [ 9.99743486e-01,  8.49983409e-06],
 [ 9.99820305e-01,  1.22050300e-04],
 [ 1.00008648e+00,  7.69399892e-06],
 [ 9.99809592e-01,  1.17045409e-04],
 [ 9.99939008e-01,  5.17102765e-05],
 [ 9.99982789e-01, -3.53387996e-05],
 [ 9.99893476e-01, -1.96688317e-05],
 [ 9.99968025e-01,  6.61699611e-05],
 [ 1.00006229e+00, -2.23335241e-05],
 [ 1.00009933e+00,  2.07835101e-05],
 [ 9.99743486e-01,  8.49983409e-06],
 [ 9.99820305e-01,  1.22050300e-04],
 [ 1.00008741e+00,  8.84521407e-06],
 [ 9.99722368e-01,  1.45054043e-04],
 [ 9.99939008e-01,  5.17102765e-05],
 [ 9.99982789e-01, -3.53387996e-05],
 [ 9.99855663e-01,  4.19585160e-05]]

