[[ 9.30915305e-01, -9.42595850e-01],
 [ 8.95545919e-01, -5.80729430e-02],
 [ 1.06557933e+00,  3.62191158e+00],
 [ 9.26543559e-01, -2.49561150e+00],
 [ 1.00793104e+00,  4.11439610e-01],
 [ 9.12291941e-01,  1.06722649e-01],
 [ 9.49373480e-01, -9.62096754e-01],
 [ 1.05605183e+00, -9.16700386e-02],
 [ 9.70758338e-01, -2.34602879e+00],
 [ 9.89207161e-01,  1.15284554e+00],
 [ 9.75680414e-01,  1.47893140e-01],
 [ 8.38363336e-01,  1.69563605e+00],
 [ 1.09873692e+00,  9.71176241e-01],
 [ 9.42167335e-01, -2.38827162e+00],
 [ 9.66806344e-01, -5.35699553e-01],
 [ 9.53086960e-01,  2.58161171e-01],
 [ 8.78346327e-01,  1.31883347e+00],
 [ 9.69577611e-01,  2.56168335e+00],
 [ 9.41945444e-01,  4.15363883e-01],
 [ 8.70558546e-01,  1.15258678e-01],
 [ 9.42257957e-01, -1.89442933e+00],
 [ 9.71520843e-01,  7.46453266e-01],
 [ 1.18221784e+00,  1.18052923e+00],
 [ 1.00442469e+00,  3.10760574e-01],
 [ 9.12141452e-01,  3.91297291e-01],
 [ 9.66158008e-01, -9.94317124e-01],
 [ 9.53841008e-01, -1.07745005e-01],
 [ 8.90584075e-01,  1.51490531e+00],
 [ 1.12781769e+00, -2.84080086e+00],
 [ 8.26845308e-01,  2.58502292e+00],
 [ 9.61316867e-01, -9.59079925e-01],
 [ 9.08420474e-01,  1.55956089e+00],
 [ 1.00009577e+00,  2.54944948e+00],
 [ 9.83449263e-01,  1.78152716e-01],
 [ 9.01261403e-01,  1.32717403e+00],
 [ 1.02201756e+00,  5.55618489e-01],
 [ 7.67018691e-01,  1.37832422e+00],
 [ 1.02254446e+00,  1.28576694e+00],
 [ 1.00093493e+00, -1.98137997e+00],
 [ 8.85337098e-01,  1.93775945e+00],
 [ 1.07218787e+00, -7.31094707e-01],
 [ 8.61462452e-01,  4.00409934e+00],
 [ 9.50480955e-01,  2.08787119e+00],
 [ 9.02409990e-01,  3.12705546e+00],
 [ 9.12860611e-01,  7.19767199e-01],
 [ 9.25817540e-01,  3.86094721e-01],
 [ 8.42690649e-01, -9.42332209e-01],
 [ 1.08812843e+00, -7.31124527e-01],
 [ 9.60887634e-01, -3.52180055e-01],
 [ 9.72222389e-01,  2.93794404e+00],
 [ 9.40155187e-01, -1.16313694e+00],
 [ 8.77145267e-01,  2.23273254e+00],
 [ 8.86520601e-01,  1.97717234e-01],
 [ 1.14007012e+00,  1.15317726e+00],
 [ 9.37814144e-01, -2.79713669e-01],
 [ 8.91221147e-01,  2.60785185e+00],
 [ 7.81949543e-01, -6.24072266e-01],
 [ 1.18196299e+00, -1.61403746e+00],
 [ 1.05539573e+00,  9.47092974e-01],
 [ 1.11952292e+00,  9.90998289e-01],
 [ 8.90661761e-01, -3.53603949e+00],
 [ 1.01710547e+00, -1.48136062e+00],
 [ 8.01682435e-01, -3.27476776e-02],
 [ 1.05532648e+00,  1.92422602e+00],
 [ 1.06073413e+00, -2.51288272e+00],
 [ 8.13716880e-01,  3.41743795e+00],
 [ 9.50591366e-01,  1.28383557e+00],
 [ 9.25359944e-01,  1.30952085e+00],
 [ 1.00145907e+00, -4.85355875e-01],
 [ 9.88326141e-01,  8.18812079e-01],
 [ 8.62502372e-01, -2.43072054e+00],
 [ 1.11956107e+00, -2.56540977e-01],
 [ 8.52495856e-01,  1.05051392e-01],
 [ 9.90586108e-01,  1.59674181e+00],
 [ 1.05981655e+00,  1.42923225e+00],
 [ 8.43984486e-01,  4.40147239e-01],
 [ 9.53994638e-01,  2.13715738e+00],
 [ 8.95041085e-01, -6.89599023e-01],
 [ 1.05576619e+00,  2.11666587e+00],
 [ 1.01191103e+00,  1.47793804e+00],
 [ 9.32587598e-01,  2.76253179e-01],
 [ 1.06515175e+00, -8.17891210e-01],
 [ 1.04212873e+00,  5.82802841e-01],
 [ 1.08443606e+00, -5.90925910e-01],
 [ 1.06926981e+00,  1.33691001e+00],
 [ 1.00489615e+00, -1.00925233e+00],
 [ 9.80415098e-01,  7.55514839e-01],
 [ 9.63655792e-01, -2.61779524e+00],
 [ 1.01476820e+00,  4.15951277e-02],
 [ 9.85984079e-01, -1.48330232e+00],
 [ 9.60744706e-01,  1.34102606e+00],
 [ 1.14776668e+00,  5.93802482e-01],
 [ 1.00139193e+00, -1.24362653e+00],
 [ 1.03261073e+00, -4.15227642e-01],
 [ 8.97715261e-01, -1.57663144e+00],
 [ 1.19404679e+00, -8.70968838e-01],
 [ 9.91347049e-01,  1.29420158e+00],
 [ 9.97556721e-01, -7.45748867e-02],
 [ 1.06825106e+00, -2.81724411e+00],
 [ 9.89248679e-01, -8.63597323e-01],
 [ 9.43244664e-01,  1.10066640e+00],
 [ 1.07359598e+00, -4.73293678e-01],
 [ 1.03426074e+00, -1.44904098e+00],
 [ 1.06574856e+00, -5.44140384e-01],
 [ 8.42999287e-01, -1.26224888e+00],
 [ 1.05454457e+00, -2.08672785e+00],
 [ 9.94797087e-01,  1.82067971e+00],
 [ 1.03587426e+00,  3.49956171e-01],
 [ 9.84578574e-01, -1.18419687e+00],
 [ 9.60253413e-01,  3.78981338e+00],
 [ 7.48969120e-01, -3.21101596e-02],
 [ 1.03014587e+00, -1.17942278e+00],
 [ 1.02593346e+00, -2.89126733e+00],
 [ 1.05961470e+00,  9.97299738e-02],
 [ 8.54559398e-01, -6.34387165e-01],
 [ 1.07884148e+00, -6.11140149e-01],
 [ 9.82443110e-01,  2.07854051e+00],
 [ 1.07350238e+00, -5.05606962e-01],
 [ 9.50347821e-01, -1.59537748e+00],
 [ 8.49942519e-01, -1.97291919e-01],
 [ 8.11217781e-01, -1.39745816e+00],
 [ 9.74026223e-01, -9.69571611e-01],
 [ 1.06705255e+00, -3.06101204e+00],
 [ 9.80509484e-01,  8.40118207e-01],
 [ 8.90218229e-01, -2.91638918e-01],
 [ 1.01230056e+00, -7.07587296e-01],
 [ 1.06771850e+00,  8.44394337e-01],
 [ 9.83750114e-01,  1.93335403e+00],
 [ 1.04367007e+00, -1.17701845e+00],
 [ 8.03516948e-01,  4.77148455e-01],
 [ 8.57412295e-01, -6.34232306e-02],
 [ 8.19924027e-01, -2.96041290e-01],
 [ 1.15443784e+00, -4.17615443e+00],
 [ 9.87640951e-01,  1.08752649e+00],
 [ 1.02801148e+00, -4.78357174e+00],
 [ 1.14127672e+00, -1.00718749e+00],
 [ 1.13369458e+00,  1.22990992e+00],
 [ 1.05063901e+00,  1.30636862e+00],
 [ 1.09726385e+00, -2.05594146e+00],
 [ 8.86681176e-01,  7.13674616e-01],
 [ 1.02167114e+00,  7.97062694e-01],
 [ 8.77821453e-01, -2.24096944e+00],
 [ 1.04453178e+00,  1.90567600e+00],
 [ 1.01280199e+00, -9.57891561e-01],
 [ 1.02831484e+00, -2.34265433e+00],
 [ 1.20425562e+00, -8.76035012e-01],
 [ 1.12679555e+00,  5.86515716e-01],
 [ 1.07822209e+00, -4.20142155e-01],
 [ 1.09673785e+00, -2.39919360e+00],
 [ 1.11666254e+00,  4.14510000e-01],
 [ 1.01664651e+00,  1.11115931e+00],
 [ 9.52848889e-01, -1.43094782e+00],
 [ 9.56015725e-01,  2.82917373e+00],
 [ 8.99715056e-01, -2.40947045e+00],
 [ 1.16788066e+00,  9.91924461e-01],
 [ 1.05047125e+00,  2.42771122e+00],
 [ 1.08021733e+00, -6.13549282e-01],
 [ 1.09456316e+00, -1.68420423e+00],
 [ 8.40312590e-01, -1.82904054e+00],
 [ 1.16633140e+00, -1.56262566e+00],
 [ 1.03654595e+00,  3.59461735e-01],
 [ 1.05154236e+00,  6.95251022e-01],
 [ 1.04417270e+00,  1.04685654e+00],
 [ 1.00223129e+00, -2.35114104e+00],
 [ 1.16264052e+00,  8.81901415e-01],
 [ 9.38061728e-01, -1.02045043e+00],
 [ 1.06302392e+00, -1.91272759e+00],
 [ 1.16501820e+00,  6.21900891e-01],
 [ 9.17973979e-01, -1.57233014e+00],
 [ 1.09369910e+00, -1.07632070e+00],
 [ 1.03161072e+00,  5.50432054e-01],
 [ 1.13425669e+00,  4.03927292e+00],
 [ 1.13540927e+00,  4.30172860e-01],
 [ 1.17656194e+00, -3.80195642e+00],
 [ 1.12157885e+00,  5.37595546e-01],
 [ 1.01149765e+00,  4.37568141e-01],
 [ 9.87422487e-01, -1.21997066e+00],
 [ 1.05487339e+00,  1.74756621e-01],
 [ 8.47450017e-01, -8.47654031e-01],
 [ 1.03703745e+00, -1.22503899e+00],
 [ 1.07839282e+00,  4.20765361e-02],
 [ 1.03636062e+00,  2.32028071e+00],
 [ 1.02753765e+00, -5.77596950e-01],
 [ 1.15247685e+00, -1.09324372e+00],
 [ 1.08982385e+00,  1.53472128e+00],
 [ 9.72223332e-01, -5.22541967e-01],
 [ 9.53104103e-01,  1.60979572e-01],
 [ 1.06016583e+00,  2.51487780e-01],
 [ 1.03843826e+00, -1.55216950e-01],
 [ 9.76268716e-01, -3.37370063e+00],
 [ 1.25520522e+00,  2.74946511e+00],
 [ 1.02625568e+00,  1.59875792e-01],
 [ 1.03676624e+00, -3.85125333e+00],
 [ 1.17765137e+00,  5.64554534e-01],
 [ 9.53528248e-01, -1.54287220e-01],
 [ 9.11707128e-01,  1.68327289e+00],
 [ 1.01516278e+00, -1.21488376e+00],
 [ 9.54800515e-01,  7.00084700e-01],
 [ 1.03781181e+00,  1.54195175e+00],
 [ 9.17915750e-01, -1.11723741e+00],
 [ 1.10601232e+00, -7.01562958e-01],
 [ 9.60588896e-01,  8.54708976e-01],
 [ 1.07900636e+00, -8.98675045e-01],
 [ 1.04266572e+00,  2.53886810e+00],
 [ 9.52575800e-01,  1.80582269e+00],
 [ 1.08212909e+00,  5.44598602e-01],
 [ 1.16769676e+00, -1.84543117e+00],
 [ 1.04017356e+00,  1.37628253e+00],
 [ 1.02597976e+00, -2.32758382e+00],
 [ 1.01408944e+00, -1.13837171e+00],
 [ 1.12636212e+00, -9.79553638e-01],
 [ 9.32518654e-01,  1.61088799e+00],
 [ 1.11523841e+00,  5.25456635e-01],
 [ 1.18367949e+00,  9.77671043e-01],
 [ 8.78406214e-01,  1.76420137e+00],
 [ 1.02787472e+00,  6.60679454e-01],
 [ 1.21179086e+00,  6.97343871e-01],
 [ 1.01563050e+00,  1.39667129e-01],
 [ 9.06555741e-01, -2.55083633e+00],
 [ 1.04111174e+00, -8.15057225e-01],
 [ 1.10572846e+00, -1.67841930e+00],
 [ 1.11144787e+00,  1.62855240e+00],
 [ 9.62225557e-01, -1.59833941e-01],
 [ 1.15500280e+00, -1.21737107e+00],
 [ 9.84343288e-01, -2.46471996e-01],
 [ 8.38964071e-01, -1.70047111e+00],
 [ 1.18045494e+00,  2.08689152e+00],
 [ 1.10556415e+00, -1.53379858e+00],
 [ 8.32671471e-01, -1.71670529e+00],
 [ 9.34007890e-01, -9.08560494e-01],
 [ 1.06796205e+00,  2.43317871e+00],
 [ 1.09906133e+00,  1.46341477e+00],
 [ 9.96169028e-01, -1.02838658e+00],
 [ 1.15909451e+00, -2.93011068e-01],
 [ 8.46881046e-01, -3.72163834e-01],
 [ 7.38640865e-01, -1.83388583e+00],
 [ 8.91149067e-01,  3.06966021e-01],
 [ 1.03586118e+00, -1.19310805e+00],
 [ 1.01262393e+00, -2.20294686e+00],
 [ 1.05748314e+00,  1.04393505e-01],
 [ 1.11195615e+00,  2.60937328e+00],
 [ 1.04391562e+00, -1.42514521e+00],
 [ 1.07372092e+00, -3.77387214e-01],
 [ 1.09980350e+00, -1.44397005e+00],
 [ 1.04778091e+00,  6.44962204e-01],
 [ 9.28118805e-01, -6.39333503e-01],
 [ 1.00229049e+00, -6.97324847e-01],
 [ 1.00139776e+00, -6.79998670e-01],
 [ 9.77712877e-01, -4.44407279e-01],
 [ 1.15034879e+00,  1.45941103e+00],
 [ 9.11912256e-01, -1.49505187e+00],
 [ 9.36328103e-01, -8.79366514e-02],
 [ 1.04442223e+00, -3.38819865e-01],
 [ 1.08515966e+00,  1.75934372e-01],
 [ 1.04957289e+00,  1.67541163e+00],
 [ 7.64781920e-01,  6.51429981e-01],
 [ 1.15533028e+00, -4.56556938e-01],
 [ 9.37032919e-01, -8.31030451e-01],
 [ 9.67702502e-01,  4.61263460e-01],
 [ 9.61646248e-01,  2.38465450e+00],
 [ 8.61036127e-01,  1.97283227e-01],
 [ 9.47963607e-01, -4.33542725e-02],
 [ 9.24884082e-01, -1.93492360e+00],
 [ 1.12032617e+00, -7.26277403e-01],
 [ 1.16432526e+00, -1.25699506e+00],
 [ 1.11931337e+00, -7.72301429e-01],
 [ 1.17380024e+00, -1.19777942e+00],
 [ 8.01936709e-01,  2.01056660e-01],
 [ 1.00654488e+00,  3.13419378e-01],
 [ 9.50073901e-01,  2.52965174e+00],
 [ 1.10480546e+00, -2.17953011e-01],
 [ 7.68701922e-01,  1.14114070e+00],
 [ 9.43916596e-01, -1.09644719e+00],
 [ 1.03570556e+00, -4.68304964e-01],
 [ 1.13872548e+00, -1.12053813e+00],
 [ 9.89263054e-01, -2.04202673e+00],
 [ 1.14162354e+00,  3.01520712e-02],
 [ 8.45919585e-01, -9.53622099e-01],
 [ 9.93632968e-01, -1.38185095e+00],
 [ 1.01152496e+00,  2.17130896e+00],
 [ 1.08813201e+00,  2.18766973e+00],
 [ 8.99930188e-01, -1.24526888e+00],
 [ 1.05992051e+00, -4.87025932e-01],
 [ 8.79503495e-01, -2.99369708e+00],
 [ 9.49984330e-01, -2.10927840e+00],
 [ 9.15903986e-01, -9.81074185e-03],
 [ 1.09697387e+00, -1.03593419e+00],
 [ 9.60467002e-01, -2.70778621e+00],
 [ 9.51306835e-01, -1.60436025e+00],
 [ 1.18475124e+00,  2.05219337e+00],
 [ 1.20954699e+00,  1.60384286e+00],
 [ 9.94246880e-01, -4.70338827e-01],
 [ 1.08502367e+00, -1.57029772e+00],
 [ 8.86296974e-01, -9.80316547e-01],
 [ 8.54602939e-01, -1.02767798e+00],
 [ 9.59371172e-01,  6.26247150e-01],
 [ 1.05811169e+00, -1.08982825e-01],
 [ 1.04834174e+00, -3.11610899e+00],
 [ 1.02597908e+00, -2.68584858e+00],
 [ 9.08338927e-01, -4.82978030e-02],
 [ 1.06385364e+00, -7.09264621e-01],
 [ 1.02044556e+00,  3.40299913e+00],
 [ 1.06325625e+00, -1.19488583e+00],
 [ 9.53332631e-01, -1.95362738e+00],
 [ 8.95895917e-01, -1.00927699e+00],
 [ 9.96026277e-01, -6.92826009e-01],
 [ 1.08628501e+00, -2.08793937e-01],
 [ 1.01080995e+00, -3.24978289e+00],
 [ 9.68588109e-01, -2.90205697e+00],
 [ 9.17829577e-01, -5.87262096e-03],
 [ 1.04500116e+00,  2.18663775e+00],
 [ 9.94747229e-01,  2.83711960e+00],
 [ 1.06648475e+00, -2.86981741e+00],
 [ 1.01757379e+00, -1.96656225e+00],
 [ 8.10474816e-01,  4.80644099e-01],
 [ 9.77337638e-01, -1.44271414e+00],
 [ 9.50630506e-01, -1.89419391e+00],
 [ 1.00477796e+00, -1.54586492e+00],
 [ 8.47261142e-01, -3.26853288e+00],
 [ 1.08893036e+00, -3.40127224e-01],
 [ 1.01059342e+00, -9.38603896e-01],
 [ 1.06432867e+00, -4.29052173e-01],
 [ 1.09861264e+00, -3.50208371e-01],
 [ 1.10471365e+00, -1.11959473e+00],
 [ 8.78482724e-01, -8.30803400e-01],
 [ 8.77803022e-01,  7.29205807e-02],
 [ 7.35003198e-01, -6.00614598e-01],
 [ 1.10583890e+00, -1.31341057e+00],
 [ 9.88992489e-01, -1.06528548e+00],
 [ 1.01681528e+00, -4.48749610e-02],
 [ 1.13173345e+00, -3.64050125e-01],
 [ 1.07866329e+00,  5.24557723e-01],
 [ 1.02851327e+00, -1.61155464e+00],
 [ 7.91192477e-01, -1.32135823e+00],
 [ 1.07765725e+00,  3.02157786e-01],
 [ 9.93994721e-01,  1.72046493e+00],
 [ 8.82512199e-01, -3.69286243e-01],
 [ 1.00528043e+00, -9.10345044e-01],
 [ 1.20719455e+00, -9.24066874e-01],
 [ 1.04642158e+00,  1.18654391e+00],
 [ 1.05657976e+00,  1.45026982e+00],
 [ 1.06488766e+00,  5.57871208e-01],
 [ 1.01676092e+00, -6.51855319e-01],
 [ 9.20052404e-01, -6.35872758e-01],
 [ 9.25489459e-01,  3.00399878e-01],
 [ 1.04245550e+00,  2.70842344e+00],
 [ 9.84599740e-01, -5.46156474e-01],
 [ 1.11532824e+00, -7.80831088e-01],
 [ 1.15490815e+00,  1.35529871e-01],
 [ 9.55129945e-01,  1.07041141e-01],
 [ 9.64350029e-01,  1.93357380e+00],
 [ 1.25021178e+00,  8.17793251e-01],
 [ 9.86119076e-01,  3.63334808e-01],
 [ 1.02643045e+00, -6.57744600e-01],
 [ 1.04656036e+00,  6.95641912e-01],
 [ 1.08221333e+00,  3.71061983e+00],
 [ 1.03369787e+00, -1.70376942e+00],
 [ 1.16232731e+00, -2.94835227e+00],
 [ 1.05062774e+00,  1.24076942e+00],
 [ 1.23285199e+00,  1.76821594e+00],
 [ 9.33507784e-01,  1.30991287e+00],
 [ 1.23113380e+00, -3.06593235e-01],
 [ 9.72640913e-01, -1.33853113e+00],
 [ 9.84861253e-01, -7.29651522e-02],
 [ 9.15931693e-01,  1.37840964e+00],
 [ 1.08478193e+00,  1.94698568e+00],
 [ 1.10102735e+00, -1.57794410e+00],
 [ 1.00652437e+00, -1.83212822e+00],
 [ 8.26813709e-01,  2.33403372e+00],
 [ 1.14741472e+00,  1.24549398e+00],
 [ 8.48768379e-01, -3.39269314e-01],
 [ 1.11672866e+00,  9.29404720e-02],
 [ 9.07885218e-01, -2.67417417e+00],
 [ 9.98705913e-01,  2.12633590e+00],
 [ 9.51180591e-01,  1.80268300e-01],
 [ 1.02124666e+00,  2.25747109e+00],
 [ 9.70297524e-01, -1.55927682e+00],
 [ 1.08433407e+00, -6.21125606e-01],
 [ 9.09072922e-01,  1.09255327e+00],
 [ 1.03382769e+00, -1.03519949e+00],
 [ 9.42533166e-01, -5.41128274e-01],
 [ 1.23930079e+00, -9.58783067e-01],
 [ 1.05540036e+00, -6.55052066e-01],
 [ 9.64379480e-01,  3.77798233e+00],
 [ 9.87299685e-01,  4.41131213e-01],
 [ 9.73295502e-01,  2.06050488e+00],
 [ 1.04232008e+00, -2.42746045e+00],
 [ 1.06979709e+00,  8.48748885e-01],
 [ 1.00966401e+00,  1.22873527e+00],
 [ 1.12798831e+00, -6.28414819e-02],
 [ 1.04553199e+00,  2.80638668e-01],
 [ 1.04039471e+00,  2.96964621e-02],
 [ 1.05106863e+00, -1.63804628e+00],
 [ 9.89580154e-01,  9.50904797e-01],
 [ 9.04682202e-01, -8.03876428e-01],
 [ 1.10254174e+00, -2.58519999e-01],
 [ 1.02242815e+00, -1.29221508e+00],
 [ 1.18094103e+00,  3.68881175e-01],
 [ 1.01508853e+00,  1.21934245e-01],
 [ 1.06518575e+00,  1.61059496e+00],
 [ 8.47873640e-01, -2.07532713e+00],
 [ 1.07646413e+00,  4.64263769e-01],
 [ 1.05740027e+00, -2.60976892e+00],
 [ 9.59949045e-01,  1.77192250e+00],
 [ 1.07823867e+00, -3.90462545e-01],
 [ 1.07957043e+00, -2.53591447e-01],
 [ 8.80366311e-01, -2.76526416e+00],
 [ 1.08581950e+00, -3.50223906e-01],
 [ 8.20408659e-01,  9.08573782e-01],
 [ 1.14629048e+00,  3.04013717e-01],
 [ 9.50485133e-01, -8.04073821e-01],
 [ 9.73057864e-01,  1.52979229e+00],
 [ 1.13531432e+00,  4.62718355e-02],
 [ 1.02694269e+00,  1.30701007e+00],
 [ 1.17181373e+00,  1.11138660e+00],
 [ 1.11451847e+00, -1.93042334e-03],
 [ 1.04222893e+00, -1.25340035e+00],
 [ 1.08559791e+00, -9.37657091e-01],
 [ 9.67898786e-01, -3.80147145e-01],
 [ 1.04541920e+00,  7.46162955e-01],
 [ 1.06570950e+00,  1.58646444e-01],
 [ 1.00985938e+00, -3.80420794e+00],
 [ 1.26174797e+00,  6.26369890e-02],
 [ 1.06615072e+00,  2.02320073e+00],
 [ 9.24670158e-01,  1.94768112e+00],
 [ 1.14092702e+00, -2.43389123e+00],
 [ 9.15383063e-01,  8.72910628e-01],
 [ 1.11773963e+00, -2.27780263e+00],
 [ 9.43495337e-01,  3.12693594e-01],
 [ 9.16273955e-01, -4.23017919e-02],
 [ 1.00474519e+00, -1.23676817e-01],
 [ 1.02369051e+00, -2.05783112e+00],
 [ 1.09732345e+00, -2.41432681e-01],
 [ 1.02336599e+00,  8.81372733e-02],
 [ 9.17556935e-01,  3.00133664e+00],
 [ 1.06175756e+00, -2.97740990e-01],
 [ 9.90575967e-01,  1.97690224e+00],
 [ 1.06556381e+00, -2.54025258e-01],
 [ 1.06228009e+00, -1.77362423e+00],
 [ 1.00244716e+00, -2.75302020e+00],
 [ 8.87359197e-01, -7.85028412e-01],
 [ 9.52513080e-01, -1.33401955e+00],
 [ 1.04909028e+00,  3.20362514e-01],
 [ 9.45097833e-01,  2.90970530e+00],
 [ 8.81471903e-01,  2.91655151e+00],
 [ 1.04773153e+00,  1.83783685e+00],
 [ 8.86146701e-01,  9.78419735e-01],
 [ 1.01128391e+00,  1.90417978e+00],
 [ 1.06101256e+00, -8.03070807e-01],
 [ 1.00402942e+00, -2.24748865e+00],
 [ 9.15957177e-01, -1.59694656e+00],
 [ 9.52443456e-01,  3.15095667e-01],
 [ 1.07444369e+00,  1.65419775e+00],
 [ 1.02287683e+00,  2.32013294e+00],
 [ 1.03439126e+00, -4.74356481e-02],
 [ 1.03688688e+00,  1.97573519e+00],
 [ 8.11384009e-01,  1.39671089e+00],
 [ 1.06880134e+00,  1.68068085e+00],
 [ 1.04912332e+00, -1.34385611e+00],
 [ 1.03381326e+00, -1.77921585e+00],
 [ 9.59609978e-01, -2.41559962e-01],
 [ 8.96351193e-01,  5.20163963e-01],
 [ 1.05624629e+00,  1.48387403e+00],
 [ 1.03128459e+00,  1.16603908e+00],
 [ 1.01750010e+00,  5.64883338e-01],
 [ 9.35849189e-01,  2.64519570e+00],
 [ 1.15985852e+00, -7.46158673e-01],
 [ 1.02086753e+00,  9.57654738e-01],
 [ 1.00802875e+00,  2.75482401e-01],
 [ 1.08056093e+00, -8.23064951e-01],
 [ 9.42355553e-01, -6.83329602e-01],
 [ 1.25406318e+00,  2.98439805e+00],
 [ 1.04338800e+00,  3.51330019e-01],
 [ 1.17115736e+00, -2.38886386e-01],
 [ 9.91547839e-01, -1.26509065e+00],
 [ 8.34553031e-01,  2.99816116e+00],
 [ 1.14139222e+00, -1.43375835e-01],
 [ 1.06112730e+00,  1.07423721e+00],
 [ 9.65550413e-01, -1.12619975e+00],
 [ 9.37787939e-01,  5.03200700e-01],
 [ 8.82224675e-01, -2.23041927e+00],
 [ 7.87542273e-01,  1.58187310e+00],
 [ 9.67136936e-01, -2.71722670e+00],
 [ 1.16597922e+00, -1.26533734e+00],
 [ 9.89547719e-01, -5.54380379e-01],
 [ 1.06339871e+00,  1.10338589e+00],
 [ 1.09806416e+00,  4.28933023e-01],
 [ 9.98916053e-01,  4.08364102e-01],
 [ 9.52524834e-01,  9.21733228e-01],
 [ 9.59615496e-01,  2.13890733e+00],
 [ 8.79590768e-01, -1.94727860e+00],
 [ 9.75146047e-01,  2.62133946e+00],
 [ 8.26851400e-01, -5.70609355e-01],
 [ 8.91205510e-01, -5.37392781e-01],
 [ 1.06291791e+00,  5.98233301e-01],
 [ 1.06015915e+00,  2.96893922e+00],
 [ 1.13945130e+00, -1.55400002e-01],
 [ 1.12308977e+00,  2.59292229e-01],
 [ 1.01370895e+00, -1.94293718e+00],
 [ 9.33322484e-01,  3.24414910e+00],
 [ 1.06049942e+00, -2.00407769e-01],
 [ 9.90111727e-01,  1.59814590e+00],
 [ 9.01885236e-01, -1.24424659e-01],
 [ 9.48528502e-01,  1.01743259e+00],
 [ 1.08254640e+00,  1.26512340e+00],
 [ 9.15966168e-01,  4.47176929e+00],
 [ 1.09656044e+00, -1.40417603e+00],
 [ 9.45916550e-01, -1.90097788e+00],
 [ 9.41219382e-01, -2.45674562e+00],
 [ 9.29602835e-01,  1.02606428e+00],
 [ 1.00951740e+00,  5.97252937e-01],
 [ 9.15681675e-01,  3.90061740e+00],
 [ 8.66288218e-01, -7.72646018e-01],
 [ 9.63202926e-01,  1.78597952e+00],
 [ 9.97431143e-01,  9.25451818e-01],
 [ 9.57835237e-01,  3.83168564e+00],
 [ 1.03525560e+00,  9.07614896e-01],
 [ 1.01144794e+00, -1.19150125e+00],
 [ 1.08720118e+00, -3.34167004e+00],
 [ 9.41104538e-01,  1.42391426e+00],
 [ 1.03444839e+00,  9.50664370e-01],
 [ 1.08174645e+00, -3.53714347e+00],
 [ 8.88938454e-01, -4.96625313e-01],
 [ 9.83052906e-01, -7.34846632e-01],
 [ 8.25181981e-01,  2.95706080e+00],
 [ 1.05553705e+00,  6.19620322e-01],
 [ 1.09549563e+00, -8.54610677e-01],
 [ 9.71260632e-01, -2.48372168e+00],
 [ 1.00342017e+00, -3.87214727e-01],
 [ 9.44494194e-01,  2.06334799e+00],
 [ 9.53904912e-01,  1.61745430e+00],
 [ 9.41718326e-01, -2.08270195e+00],
 [ 1.02650799e+00,  1.62186322e+00],
 [ 1.00276134e+00, -1.71410118e+00],
 [ 1.01339790e+00,  9.52648567e-01],
 [ 1.14940812e+00,  3.76699324e-01],
 [ 9.50581639e-01,  3.13353276e-01],
 [ 1.00947003e+00, -1.91912791e+00],
 [ 9.26943453e-01, -6.38137229e-01],
 [ 9.16470298e-01,  3.82483418e+00],
 [ 8.49298273e-01, -4.48194170e+00],
 [ 9.92197658e-01, -2.53070393e+00],
 [ 1.14455169e+00,  1.51242884e+00],
 [ 1.08114569e+00,  6.08749780e-01],
 [ 1.06105369e+00,  1.03422159e+00],
 [ 1.09722825e+00, -2.40414227e+00],
 [ 8.13293999e-01,  1.79367925e-01],
 [ 9.89760443e-01, -1.83606179e+00],
 [ 9.28183821e-01,  1.71919825e+00],
 [ 9.07549543e-01,  2.49613938e+00],
 [ 1.00878046e+00,  1.32574375e+00],
 [ 1.10888855e+00, -1.74971546e+00],
 [ 1.11767144e+00,  1.35732581e+00],
 [ 1.01096388e+00,  5.31653048e-02],
 [ 1.05579956e+00,  1.06556166e+00],
 [ 1.11045711e+00, -6.11472335e-01],
 [ 1.02289447e+00, -2.88803984e+00],
 [ 1.01697887e+00, -2.83764071e+00],
 [ 9.39355734e-01,  2.31367536e+00],
 [ 1.02749598e+00,  7.26440132e-01],
 [ 9.64671868e-01,  9.64508337e-01],
 [ 1.04702865e+00, -2.37823892e+00],
 [ 1.20427768e+00,  1.94266512e+00],
 [ 9.04452652e-01, -6.74970716e-01],
 [ 1.07641141e+00,  7.97051332e-01],
 [ 1.01453228e+00,  2.93426855e-01],
 [ 9.96768329e-01, -6.94282720e-01],
 [ 9.66833006e-01, -1.92359471e+00],
 [ 1.00967259e+00,  1.80969094e+00],
 [ 1.02429576e+00,  6.02266618e-01],
 [ 9.24108193e-01,  1.66506168e+00],
 [ 1.01002374e+00, -9.42792535e-01],
 [ 1.08413639e+00,  2.32994244e+00],
 [ 8.63550329e-01,  7.22520024e-02],
 [ 1.12122803e+00, -1.07508312e-01],
 [ 1.00245166e+00, -1.73762611e+00],
 [ 8.65011550e-01, -7.25524255e-01],
 [ 8.76774320e-01, -4.55949177e-01],
 [ 9.25357834e-01,  2.06262451e+00],
 [ 1.01488817e+00,  7.13007068e-01],
 [ 9.37956434e-01,  3.71116127e+00],
 [ 8.71522049e-01, -7.84089731e-01],
 [ 9.93173568e-01,  2.41660786e+00],
 [ 1.01252696e+00,  5.02203877e-01],
 [ 1.08529001e+00,  2.23882861e-01],
 [ 1.01471234e+00, -3.06757518e-01],
 [ 8.72270817e-01, -3.40490642e-01],
 [ 9.50196288e-01, -8.70663549e-01],
 [ 9.77403186e-01,  1.47428804e+00],
 [ 9.82477736e-01,  2.38746119e+00],
 [ 9.81800695e-01,  9.39260094e-02],
 [ 8.98614103e-01, -2.53811177e+00],
 [ 9.45561435e-01,  5.92288281e-01],
 [ 1.07737191e+00, -1.25729880e+00],
 [ 1.22294591e+00, -2.63100750e+00],
 [ 9.89516109e-01, -9.74209296e-01],
 [ 9.20333661e-01, -8.83792375e-01],
 [ 1.08231232e+00, -5.58927084e-01],
 [ 9.50191114e-01, -3.46861911e-01],
 [ 1.01396756e+00,  3.40725780e-01],
 [ 9.38806825e-01,  2.40958182e+00],
 [ 8.96232225e-01,  7.46590234e-01],
 [ 9.68887824e-01,  2.95404973e+00],
 [ 1.11004596e+00, -1.65864394e+00],
 [ 1.06628658e+00, -3.69297960e+00],
 [ 8.70460691e-01, -8.95591723e-01],
 [ 9.89375139e-01,  7.29148966e-01],
 [ 1.05916988e+00,  1.66019472e+00],
 [ 8.77044873e-01,  1.82892923e+00],
 [ 1.19392746e+00, -1.88223264e+00],
 [ 9.28242963e-01,  1.41484260e+00],
 [ 8.31216246e-01,  1.10947761e-01],
 [ 9.73743379e-01,  2.58008463e+00],
 [ 1.29780584e+00,  4.77139450e-02],
 [ 1.09398867e+00, -1.97878143e+00],
 [ 9.67019396e-01,  1.42612198e+00],
 [ 1.02133686e+00, -1.16769742e+00],
 [ 1.04014255e+00,  5.10260153e-01],
 [ 1.01208679e+00,  1.88192389e+00],
 [ 1.10957509e+00, -8.84555797e-02],
 [ 8.64379052e-01,  2.26597831e+00],
 [ 1.08855455e+00, -1.15477960e+00],
 [ 1.03055261e+00, -1.41334575e+00],
 [ 1.13277424e+00,  6.63875500e-01],
 [ 9.50938250e-01, -8.19631418e-01],
 [ 9.12301799e-01,  2.21141418e-01],
 [ 8.53897163e-01, -3.92825130e+00],
 [ 1.08823975e+00,  1.20540452e+00],
 [ 1.00058522e+00,  3.30257377e+00],
 [ 9.99236404e-01, -2.61143400e+00],
 [ 9.43185339e-01,  1.56688550e+00],
 [ 1.32667567e+00, -4.20366478e-01],
 [ 8.44052891e-01,  1.43119607e+00],
 [ 1.10222697e+00,  4.92698186e-01],
 [ 9.52920176e-01,  1.85650673e+00],
 [ 1.13316223e+00, -8.01173337e-01],
 [ 1.00423775e+00, -6.59576969e-01],
 [ 1.13372882e+00, -6.46818973e-01],
 [ 8.77775818e-01,  1.89348637e+00],
 [ 9.37496340e-01, -1.55135261e+00],
 [ 9.55047575e-01,  6.58165384e-01],
 [ 1.03770904e+00,  1.17060118e+00],
 [ 8.70564369e-01,  2.98923577e+00],
 [ 9.98899922e-01,  1.32802282e+00],
 [ 1.16493882e+00, -6.53765203e-01],
 [ 1.09828531e+00, -7.30561067e-01],
 [ 7.37018918e-01,  1.16004414e+00],
 [ 1.09068972e+00,  3.02922651e+00],
 [ 1.07651236e+00, -1.41445949e+00],
 [ 9.74084000e-01, -1.39223893e+00],
 [ 1.02241067e+00,  4.31395034e-01],
 [ 1.17973585e+00, -6.95360157e-01],
 [ 9.95680124e-01,  7.46281559e-01],
 [ 9.67718112e-01,  8.65047800e-01],
 [ 9.67853165e-01,  8.87287682e-02],
 [ 1.03929391e+00, -2.51648723e+00],
 [ 1.03577942e+00,  1.14825618e+00],
 [ 1.05417692e+00, -2.58785362e-01],
 [ 1.05456218e+00, -6.79354861e-01],
 [ 1.00105325e+00, -5.00191718e-01],
 [ 9.14651262e-01, -1.00717661e+00],
 [ 1.06349915e+00, -8.50276408e-01],
 [ 1.19486423e+00, -2.24800106e-01],
 [ 9.06285763e-01, -2.29018490e+00],
 [ 9.78052103e-01, -7.77133459e-02],
 [ 1.08919440e+00,  3.31149350e-01],
 [ 9.75499922e-01, -5.25936691e-01],
 [ 9.45693381e-01, -2.86214075e-01],
 [ 9.11862702e-01,  1.60570750e+00],
 [ 1.06305921e+00, -1.13927323e+00],
 [ 8.74005967e-01, -2.31726890e+00],
 [ 9.50700349e-01, -1.72378957e+00],
 [ 1.03997618e+00, -2.92455157e-01],
 [ 1.08361173e+00, -1.73593207e+00],
 [ 8.93454775e-01,  5.13704379e-02],
 [ 1.07193822e+00, -1.14834351e+00],
 [ 1.01550690e+00, -5.70004355e-01],
 [ 9.37441730e-01, -6.29467038e-01],
 [ 9.82811902e-01,  1.33589743e+00],
 [ 9.91698971e-01, -1.29596302e+00],
 [ 1.00037574e+00,  9.80108252e-02],
 [ 1.00555469e+00, -1.66977661e+00],
 [ 1.15555240e+00,  3.42092505e+00],
 [ 1.17950582e+00,  1.07551590e+00],
 [ 9.21654248e-01,  1.74947859e+00],
 [ 9.33738013e-01,  3.29479782e-01],
 [ 9.52592900e-01, -5.77569903e-02],
 [ 9.26544113e-01,  3.52805678e-01],
 [ 1.01521599e+00,  1.81776851e+00],
 [ 9.28830023e-01, -2.61522208e+00],
 [ 1.05642901e+00,  1.90642580e-01],
 [ 9.04225425e-01, -1.57747033e+00],
 [ 1.05846931e+00, -4.33350106e-01],
 [ 9.71247291e-01, -5.49293902e-01],
 [ 9.49923950e-01, -3.51040625e-01],
 [ 9.91207417e-01,  5.52006945e-01],
 [ 9.25000449e-01,  9.08134850e-02],
 [ 8.67285913e-01,  1.83600468e+00],
 [ 1.05034966e+00,  1.96307244e+00],
 [ 1.06898425e+00,  1.13501658e-02],
 [ 1.08581888e+00,  8.19955862e-01],
 [ 7.85792618e-01,  2.79731607e-02],
 [ 8.96121443e-01, -1.96493354e+00],
 [ 1.06009768e+00,  1.28234330e+00],
 [ 9.42551460e-01, -1.40490582e+00],
 [ 1.07278143e+00,  1.61751806e+00],
 [ 8.91593207e-01,  1.65787252e+00],
 [ 8.52346264e-01,  1.37535629e+00],
 [ 9.21386943e-01,  1.03385201e+00],
 [ 1.05456447e+00, -9.65315393e-02],
 [ 1.06236295e+00,  1.29331046e+00],
 [ 8.06792163e-01, -3.00510297e-01],
 [ 1.05412351e+00, -2.61452805e+00],
 [ 9.20753203e-01,  2.50096792e-01],
 [ 9.12290793e-01,  3.27873550e-01],
 [ 8.68535688e-01,  1.07007124e+00],
 [ 8.72004166e-01,  4.55648681e+00],
 [ 8.32551507e-01,  5.67259095e-01],
 [ 8.58753115e-01,  2.25827237e+00],
 [ 1.10062072e+00, -5.54132509e-01],
 [ 1.16973868e+00,  2.01744418e+00],
 [ 9.23111310e-01,  3.93411467e-01],
 [ 9.37736266e-01, -4.49124154e-01],
 [ 1.05612357e+00, -1.90935815e+00],
 [ 8.60080076e-01,  2.11623218e+00],
 [ 8.99540672e-01,  2.60643381e-01],
 [ 8.43825837e-01,  7.30629352e-01],
 [ 9.40369054e-01, -2.12004371e+00],
 [ 8.65715881e-01,  4.57109521e-01],
 [ 9.73822150e-01,  9.84529886e-01],
 [ 1.16583271e+00,  1.90292076e+00],
 [ 9.89529970e-01,  1.71274769e+00],
 [ 9.24012627e-01, -1.42764491e+00],
 [ 1.11997751e+00, -3.45751201e+00],
 [ 8.64639050e-01,  2.68561617e+00],
 [ 9.75116773e-01,  4.01662979e-01],
 [ 8.06951245e-01, -2.82513015e-01],
 [ 8.74815548e-01, -2.05218066e+00],
 [ 8.90423782e-01,  2.23859898e+00],
 [ 9.62666089e-01, -1.46497629e+00],
 [ 1.16922976e+00,  6.36832205e-01],
 [ 1.25806136e+00,  1.42951866e-01],
 [ 8.74087377e-01,  1.87556924e-01],
 [ 1.27055077e+00, -2.11100693e+00],
 [ 8.87476528e-01,  7.77515189e-01],
 [ 1.20852089e+00, -1.16863958e+00],
 [ 1.05282341e+00,  2.43492102e+00],
 [ 8.53975305e-01,  4.79943116e-01],
 [ 8.20537237e-01,  3.62065049e+00],
 [ 8.72415615e-01,  5.92844925e-01],
 [ 1.08169575e+00, -1.16248056e+00],
 [ 1.02515032e+00,  1.19100151e+00],
 [ 9.76529170e-01,  8.67229717e-01],
 [ 1.04379628e+00,  3.27534158e-01],
 [ 8.16672398e-01,  7.77364024e-01],
 [ 1.09578482e+00, -2.96830646e+00],
 [ 1.01959754e+00,  2.08072302e+00],
 [ 1.11792814e+00, -8.86002432e-01],
 [ 8.76089184e-01,  1.34921300e+00],
 [ 1.19955777e+00,  5.41259071e-01],
 [ 1.06353181e+00,  1.99109177e+00],
 [ 9.57157562e-01, -3.02546003e-01],
 [ 9.84524868e-01, -6.77524354e-01],
 [ 1.02357349e+00,  3.20379585e+00],
 [ 8.39649033e-01, -9.40858207e-01],
 [ 9.72285777e-01,  7.75576525e-02],
 [ 1.00385708e+00,  2.24798982e+00],
 [ 1.12393686e+00,  6.36964393e-01],
 [ 1.03197780e+00,  1.84814497e+00],
 [ 1.04522595e+00, -3.06068958e-01],
 [ 1.08593669e+00,  1.48346797e+00],
 [ 1.00461277e+00,  1.51696228e-01],
 [ 1.07489224e+00, -3.58494069e-01],
 [ 1.03925363e+00,  6.13884480e-01],
 [ 1.02102989e+00,  1.14639600e+00],
 [ 9.57463085e-01, -1.68549797e+00],
 [ 1.06623559e+00,  3.94268180e+00],
 [ 1.06973758e+00,  2.70644070e-01],
 [ 1.09205919e+00,  1.51844168e+00],
 [ 1.02180969e+00,  6.44075190e-01],
 [ 8.44621041e-01,  2.28765360e+00],
 [ 9.13408348e-01, -5.80263326e-01],
 [ 1.04191098e+00, -5.55447707e-01],
 [ 1.06738343e+00,  1.09669763e+00],
 [ 1.00210930e+00, -3.35382391e-01],
 [ 9.38145357e-01, -3.15651814e+00],
 [ 9.52058434e-01,  1.88304490e+00],
 [ 9.31932662e-01, -1.22323646e+00],
 [ 1.09268887e+00,  2.23838618e+00],
 [ 1.11674958e+00, -4.87910079e-01],
 [ 8.23430792e-01,  3.12391482e+00],
 [ 8.68185769e-01,  2.10723662e+00],
 [ 1.06022059e+00,  1.43866586e+00],
 [ 1.30219723e+00,  8.60266750e-01],
 [ 1.03146392e+00,  9.16270428e-03],
 [ 1.00774242e+00, -1.87680931e-03],
 [ 1.06934712e+00, -1.63954681e-02],
 [ 9.72041228e-01, -7.63907857e-01],
 [ 1.09840231e+00, -1.06773956e+00],
 [ 9.75260682e-01,  2.24660425e+00],
 [ 9.46892660e-01,  2.16814672e-01],
 [ 9.07413290e-01,  2.22466038e+00],
 [ 9.95847052e-01,  1.76665160e-02],
 [ 1.10348115e+00, -3.33715563e-01],
 [ 8.09892189e-01,  5.68083116e-01],
 [ 1.15797026e+00, -1.58472334e-01],
 [ 9.78317893e-01,  1.18804445e+00],
 [ 9.37413365e-01,  1.14929723e+00],
 [ 8.76946622e-01, -4.15264994e+00],
 [ 9.50479356e-01,  1.45894439e+00],
 [ 9.26604421e-01, -2.66445280e+00],
 [ 8.89972305e-01,  4.53116973e+00],
 [ 1.17255146e+00,  2.24623313e+00],
 [ 8.39727535e-01, -1.35019579e+00],
 [ 8.89295366e-01,  1.68342877e-01],
 [ 1.05979506e+00, -6.46128279e-01],
 [ 1.09560288e+00, -8.46901664e-01],
 [ 9.15942735e-01,  1.70549126e+00],
 [ 9.75382119e-01,  1.10250844e+00],
 [ 9.67806400e-01,  1.55972063e+00],
 [ 1.05008941e+00, -2.09238888e+00],
 [ 8.76052976e-01,  1.58254845e+00],
 [ 9.51861851e-01,  9.81467285e-01],
 [ 9.45540783e-01, -1.87322379e+00],
 [ 7.96661687e-01,  1.03095887e+00],
 [ 9.33814761e-01, -4.47390082e-01],
 [ 9.99628723e-01,  1.36193634e-01],
 [ 8.38258117e-01, -1.00934372e+00],
 [ 9.90779324e-01,  9.62069242e-01],
 [ 1.06041534e+00,  1.10419970e+00],
 [ 1.03213464e+00,  1.01281460e+00],
 [ 9.61260207e-01,  1.88146693e+00],
 [ 1.01211500e+00, -4.57008009e-01],
 [ 1.03434915e+00, -4.94039542e-01],
 [ 9.25509686e-01, -4.08698326e-01],
 [ 1.01046937e+00, -8.36838008e-01],
 [ 1.11501163e+00,  1.11200687e+00],
 [ 9.10763696e-01, -2.52380664e+00],
 [ 1.08356586e+00,  1.53006682e+00],
 [ 1.04810060e+00,  8.26601133e-01],
 [ 9.58922585e-01,  2.47958381e-01],
 [ 9.26069779e-01,  8.89641499e-01],
 [ 9.94302613e-01, -1.21865907e+00],
 [ 9.91561436e-01, -1.83941253e+00],
 [ 8.55108693e-01, -1.19985447e+00],
 [ 9.68774466e-01,  4.09759669e-01],
 [ 1.14350450e+00,  1.84177264e+00],
 [ 1.00769419e+00,  4.53490188e-01],
 [ 1.05924909e+00,  2.91735455e+00],
 [ 1.22562562e+00,  1.34597769e+00],
 [ 1.01379130e+00,  1.03458325e+00],
 [ 1.02177426e+00,  2.60683647e+00],
 [ 1.08894631e+00, -2.29223012e+00],
 [ 9.60579612e-01, -3.12061176e+00],
 [ 1.09322276e+00,  1.30121561e+00],
 [ 9.36186531e-01, -3.49253600e-01],
 [ 1.06801979e+00, -8.27024449e-01],
 [ 1.11398995e+00,  8.23178667e-01],
 [ 1.09551933e+00, -3.46026854e-02],
 [ 1.08695075e+00,  2.02972777e+00],
 [ 9.05524713e-01,  1.91008202e+00],
 [ 9.62165770e-01,  3.77169485e-01],
 [ 9.35818829e-01,  1.25626336e+00],
 [ 1.03154620e+00, -1.18082743e+00],
 [ 1.07285641e+00,  3.10605686e-01],
 [ 9.18344650e-01, -6.16900690e-01],
 [ 1.16900340e+00, -3.77276363e-01],
 [ 1.31532473e+00, -6.89728703e-01],
 [ 1.01081746e+00, -1.55893682e+00],
 [ 9.08650360e-01,  2.48771096e+00],
 [ 7.64513624e-01,  1.54862991e+00],
 [ 9.73500576e-01,  5.34268866e-01],
 [ 9.50327669e-01, -1.93849668e+00],
 [ 1.10702686e+00, -1.77641897e+00],
 [ 1.05516803e+00,  1.36361190e+00],
 [ 1.07692995e+00, -1.32083102e+00],
 [ 8.42712161e-01, -1.00415649e+00],
 [ 1.06518103e+00,  1.26917934e+00],
 [ 1.02096897e+00, -3.25411390e+00],
 [ 1.03348099e+00, -4.00925856e-01],
 [ 9.16964360e-01,  2.92816908e-01],
 [ 9.91081776e-01,  3.79886107e-01],
 [ 9.13480153e-01, -2.07157788e+00],
 [ 1.01064659e+00, -2.09731405e+00],
 [ 1.11714644e+00, -1.85604846e-01],
 [ 1.13616708e+00,  7.41250654e-01],
 [ 9.34594040e-01, -4.98905568e-01],
 [ 1.00630779e+00, -5.57166561e-01],
 [ 8.43493417e-01, -1.67390670e-02],
 [ 9.79153109e-01,  2.95745038e+00],
 [ 7.97150652e-01,  2.36857412e+00],
 [ 1.14357427e+00, -8.41732221e-01],
 [ 1.15802386e+00, -6.29112851e-01],
 [ 1.01238251e+00, -4.87568758e-01],
 [ 1.00708432e+00, -1.13252898e+00],
 [ 1.03568961e+00,  2.84406318e+00],
 [ 9.03963698e-01, -1.55744932e+00],
 [ 1.11965595e+00, -1.05226182e+00],
 [ 8.72871912e-01,  1.55601956e+00],
 [ 9.18092303e-01,  8.74568256e-01],
 [ 9.33711105e-01,  1.84515314e+00],
 [ 1.19370601e+00, -7.54628734e-01],
 [ 1.16524134e+00,  2.35957286e+00],
 [ 7.85227994e-01,  1.32610245e+00],
 [ 9.94918409e-01, -2.63754408e+00],
 [ 1.08127381e+00,  2.02257167e+00],
 [ 8.38563869e-01,  1.40832343e+00],
 [ 1.08313208e+00, -1.62650743e+00],
 [ 9.24797992e-01,  1.85060088e+00],
 [ 9.45881100e-01,  1.29117687e+00],
 [ 8.21213174e-01,  2.15704997e+00],
 [ 1.03771122e+00,  1.94945993e-01],
 [ 1.04351478e+00,  6.71274679e-01],
 [ 9.69685204e-01,  4.83957262e-01],
 [ 9.98949994e-01, -7.78691727e-01],
 [ 1.14665197e+00,  1.68702714e+00],
 [ 9.52308471e-01,  1.09930574e+00],
 [ 1.05115746e+00,  3.07686183e-01],
 [ 1.04230356e+00,  9.24893598e-01],
 [ 9.04711092e-01, -5.19768476e-01],
 [ 9.57226136e-01,  1.95466544e-01],
 [ 9.92210592e-01, -9.53591960e-01],
 [ 1.01339670e+00,  2.33511086e+00],
 [ 8.75188302e-01,  9.39022543e-01],
 [ 1.02955598e+00, -2.97506883e-01],
 [ 9.24990126e-01,  2.77681062e+00],
 [ 9.67386062e-01,  6.30317208e-01],
 [ 1.04172878e+00, -2.70906508e-01],
 [ 9.88307209e-01, -1.96992133e+00],
 [ 8.74814699e-01, -3.43699854e-01],
 [ 8.02564482e-01, -3.52447480e-01],
 [ 1.05547411e+00, -2.20575255e+00],
 [ 1.25505183e+00, -4.64203967e-01],
 [ 9.81089752e-01,  1.07750699e+00],
 [ 1.04611616e+00,  5.66482483e-01],
 [ 8.29145242e-01,  1.84288726e+00],
 [ 1.07044254e+00, -7.38482908e-01],
 [ 1.05896450e+00,  6.20501600e-01],
 [ 1.08742236e+00, -3.16429482e+00],
 [ 9.18178691e-01, -2.90742932e+00],
 [ 1.23364975e+00, -1.11923181e+00],
 [ 1.04944966e+00, -3.56372463e-01],
 [ 1.18901028e+00,  2.12708797e-01],
 [ 9.14342135e-01,  2.06645867e+00],
 [ 8.96458978e-01,  9.09701364e-01],
 [ 8.77479970e-01,  1.06528578e+00],
 [ 9.27832782e-01,  2.03379179e-01],
 [ 9.62779264e-01,  9.11376709e-01],
 [ 9.39172571e-01, -9.08281241e-01],
 [ 1.10808327e+00, -2.34019880e+00],
 [ 1.14638023e+00, -1.70597911e+00],
 [ 1.11414046e+00, -2.01574634e-01],
 [ 1.01558814e+00,  1.08826025e+00],
 [ 9.65182274e-01, -1.19183731e+00],
 [ 8.90213863e-01,  2.20695098e+00],
 [ 9.43096122e-01,  3.54756147e+00],
 [ 9.37756643e-01, -5.00406826e-01],
 [ 9.75889160e-01,  3.91482923e-01],
 [ 8.75331224e-01, -5.52088529e-01],
 [ 9.65346988e-01,  6.43520489e-01],
 [ 9.98485904e-01, -2.09032458e+00],
 [ 1.15480390e+00, -9.22063016e-01],
 [ 9.81978754e-01,  1.00782700e+00],
 [ 1.03469263e+00, -2.52209971e+00],
 [ 9.69744058e-01,  2.42635345e-01],
 [ 8.54236053e-01,  1.28640987e+00],
 [ 9.71191245e-01, -9.64191610e-02],
 [ 1.15657716e+00,  2.78408378e+00],
 [ 9.32176037e-01,  5.67748871e-01],
 [ 1.09784916e+00,  4.23696003e+00],
 [ 8.62179178e-01, -2.41774918e+00],
 [ 1.06402879e+00,  8.49130024e-01],
 [ 9.96718105e-01, -1.23617749e-01],
 [ 9.80524671e-01,  3.28810467e-01],
 [ 1.21927794e+00, -3.01787490e+00],
 [ 9.02737930e-01, -3.56771672e-01],
 [ 1.01137051e+00, -6.14779932e-01],
 [ 1.15950129e+00,  5.01185825e-01],
 [ 8.77357974e-01,  1.42622312e+00],
 [ 1.00952021e+00,  2.02727716e+00],
 [ 9.83495661e-01, -3.40881535e+00],
 [ 8.22871229e-01, -1.25552292e+00],
 [ 9.30324807e-01,  9.31687033e-01],
 [ 8.33561829e-01, -1.99838889e-01],
 [ 1.13638817e+00, -1.42745271e+00],
 [ 9.53811023e-01,  2.57105708e+00],
 [ 9.50442869e-01,  1.14987887e-01],
 [ 1.07308763e+00, -6.26816591e-01],
 [ 8.28841173e-01,  2.16974000e+00],
 [ 8.74440644e-01,  1.41527967e+00],
 [ 9.75010065e-01, -3.78843893e-01],
 [ 9.56959978e-01, -1.56900049e+00],
 [ 1.08915459e+00, -6.70725264e-02],
 [ 1.05486246e+00,  8.45257528e-01],
 [ 8.82706610e-01, -7.01741465e-01],
 [ 8.75291213e-01,  1.83801008e+00],
 [ 1.06326716e+00,  4.33741483e-01],
 [ 1.10307349e+00, -1.24518823e+00],
 [ 9.42661173e-01,  2.37698349e+00],
 [ 9.53670823e-01,  4.29464241e-01],
 [ 1.06453274e+00, -3.17166615e-01],
 [ 1.00435076e+00, -7.31113542e-01],
 [ 1.11841528e+00,  1.39263515e+00],
 [ 8.29301560e-01,  2.01603935e+00],
 [ 8.45554758e-01, -2.25399803e+00],
 [ 8.65149166e-01,  4.09519406e-01],
 [ 1.08036592e+00, -1.84026863e+00],
 [ 9.40934545e-01,  8.32806229e-01],
 [ 9.59666510e-01,  1.29716941e+00],
 [ 8.40619724e-01,  4.10103103e-01],
 [ 1.10147904e+00,  7.48397433e-01],
 [ 9.60837359e-01, -3.89230485e-01],
 [ 1.05517761e+00,  1.33670045e+00],
 [ 1.21738452e+00,  1.02946460e+00],
 [ 9.93322551e-01,  6.70332420e-01],
 [ 9.89919441e-01, -1.04738490e+00],
 [ 1.11807747e+00, -3.41319082e-01],
 [ 8.08809576e-01, -6.27779626e-02],
 [ 9.38024673e-01,  1.34710806e-01],
 [ 1.01524854e+00,  2.43615334e+00],
 [ 1.12252570e+00,  5.85258763e-01],
 [ 9.79449138e-01,  9.39712542e-01],
 [ 1.07179760e+00,  4.29062290e-02],
 [ 1.02184572e+00, -8.90008355e-01],
 [ 9.15439369e-01,  6.56826188e-01],
 [ 9.64815527e-01, -1.88130711e+00],
 [ 9.39664909e-01,  2.34914020e-01],
 [ 9.54480492e-01, -1.30542652e+00],
 [ 8.46099899e-01, -1.57604504e+00],
 [ 8.87772965e-01,  5.26514759e-01],
 [ 1.14279680e+00, -1.41200874e+00],
 [ 9.55172349e-01, -7.68524010e-01],
 [ 9.10144282e-01, -1.52588239e+00],
 [ 1.05954510e+00, -7.63037821e-01],
 [ 8.99791190e-01,  5.72428630e-01],
 [ 1.12886718e+00, -3.54819998e+00],
 [ 1.11333288e+00, -2.41943224e+00],
 [ 1.10392718e+00, -2.26496113e+00],
 [ 9.05287928e-01, -1.36926936e+00],
 [ 8.98828880e-01, -8.29041429e-01],
 [ 1.04270441e+00, -1.60906730e+00],
 [ 1.09105120e+00,  2.33253712e-01],
 [ 1.07512397e+00, -3.40348473e-01],
 [ 1.09545992e+00,  1.52621858e+00],
 [ 9.42125192e-01,  1.76086646e+00],
 [ 1.02643114e+00, -4.63061152e-01],
 [ 9.75765572e-01, -2.50297146e+00],
 [ 9.96589126e-01,  1.87753770e-01],
 [ 8.71994193e-01,  1.14625371e+00],
 [ 9.19286608e-01, -1.00049463e+00],
 [ 1.02784905e+00,  3.80376488e+00],
 [ 1.05653151e+00,  1.60481717e+00],
 [ 9.47246579e-01,  5.35258517e-01],
 [ 1.01119779e+00,  8.80670813e-01],
 [ 9.62326360e-01, -1.36236160e+00],
 [ 1.07434786e+00, -1.58769376e+00],
 [ 9.69897515e-01, -1.94109097e+00],
 [ 1.20557591e+00,  1.13913535e+00],
 [ 8.47024311e-01,  4.18083779e+00],
 [ 9.59694431e-01,  1.81723869e+00],
 [ 1.01451433e+00,  1.21051944e+00],
 [ 1.12261278e+00,  3.90610446e+00],
 [ 9.67587002e-01, -1.62525467e+00],
 [ 9.37471309e-01,  2.05811661e+00],
 [ 9.34838468e-01, -7.46520663e-01],
 [ 8.55171862e-01,  6.34755450e-01],
 [ 9.52680704e-01, -8.07788459e-01],
 [ 1.21530083e+00,  8.04247289e-01],
 [ 8.59409983e-01,  3.83778704e+00],
 [ 7.88174514e-01,  1.96563952e+00],
 [ 8.97920078e-01, -2.28206740e+00],
 [ 1.05278537e+00,  2.58344297e+00],
 [ 1.04736109e+00, -2.31639158e+00],
 [ 8.52202066e-01,  5.46886988e-01],
 [ 8.54109513e-01, -1.62100527e-01],
 [ 8.72814297e-01,  1.40923555e+00],
 [ 9.47370233e-01, -1.12360102e+00],
 [ 1.00368731e+00,  2.68770281e-01],
 [ 9.57763393e-01, -3.41662714e+00],
 [ 9.01995841e-01,  8.74426258e-01],
 [ 9.59463094e-01,  1.77659932e+00],
 [ 1.12782168e+00,  2.77932888e+00],
 [ 1.04371079e+00, -3.84736758e-01],
 [ 8.95672218e-01, -2.10114568e+00],
 [ 9.75350701e-01,  2.44102735e-01],
 [ 9.13900597e-01, -5.22118156e-01],
 [ 1.02631951e+00, -6.79099459e-01],
 [ 1.20587662e+00, -1.35377608e-01],
 [ 9.60148325e-01, -1.26867324e+00],
 [ 1.07961464e+00,  7.08110544e-01],
 [ 9.94375169e-01,  2.39272415e+00],
 [ 8.71843204e-01, -8.43034265e-01],
 [ 1.03753210e+00,  7.51089301e-01],
 [ 8.94341145e-01,  3.00018772e-01],
 [ 8.53121329e-01, -4.42358905e-01],
 [ 1.22190424e+00, -8.04197700e-01],
 [ 1.17212250e+00,  1.34929106e+00],
 [ 1.06180075e+00,  1.35299785e-01],
 [ 1.00223694e+00, -6.21791408e-01],
 [ 1.01758396e+00,  2.29674480e+00],
 [ 1.01683346e+00,  1.71762796e+00],
 [ 9.72394755e-01,  7.78646624e-01],
 [ 9.36732971e-01,  1.94207770e+00],
 [ 1.04620890e+00, -1.39630381e-02],
 [ 1.04546007e+00, -3.49246156e-01],
 [ 1.10611012e+00, -6.79470415e-01],
 [ 1.17818887e+00,  1.99036211e+00],
 [ 9.70045128e-01,  6.64024685e-02],
 [ 1.02586751e+00, -2.44620858e+00],
 [ 1.05246941e+00,  1.80352776e+00],
 [ 1.15602208e+00,  3.21356813e+00],
 [ 9.61715664e-01, -9.63547427e-01],
 [ 9.65801405e-01, -4.14451192e-01],
 [ 9.99550174e-01, -2.80774363e+00],
 [ 8.80170738e-01,  2.84904475e-02],
 [ 1.07537922e+00, -4.42559538e-01],
 [ 1.11881511e+00,  1.29816175e+00],
 [ 1.20443180e+00,  1.14926313e+00],
 [ 9.97558687e-01,  7.53161952e-01],
 [ 1.00455095e+00,  9.44813329e-01],
 [ 1.01338710e+00, -2.07376507e+00],
 [ 8.56991532e-01,  1.01667178e+00],
 [ 8.54114015e-01, -7.81682860e-01],
 [ 1.15008881e+00, -1.79424497e+00],
 [ 8.39404875e-01, -1.39087467e-02],
 [ 1.20942398e+00,  1.14726052e+00],
 [ 1.03582991e+00,  1.18285906e+00],
 [ 1.06974054e+00,  2.72138916e-01],
 [ 1.01375602e+00,  2.08099944e-01],
 [ 8.43391617e-01,  2.62625429e+00],
 [ 1.00328039e+00, -1.26144660e+00],
 [ 9.42863604e-01,  1.46600182e-01],
 [ 8.97131625e-01,  2.48306288e-01],
 [ 1.22399752e+00, -2.42724285e+00],
 [ 8.99207958e-01,  3.83842005e-01],
 [ 1.07612395e+00,  1.18251825e+00],
 [ 1.12003388e+00,  2.27544170e+00],
 [ 1.04691046e+00,  2.90142928e-01],
 [ 1.00702712e+00, -3.01486161e-01],
 [ 8.66419807e-01,  3.01014460e+00],
 [ 9.20211387e-01, -3.33037267e+00],
 [ 9.38056658e-01,  1.42066221e+00],
 [ 9.13636999e-01,  1.47445366e+00],
 [ 1.12592289e+00, -5.82155566e-01],
 [ 9.30157759e-01,  1.30867082e+00],
 [ 1.01241509e+00, -1.75655512e-01],
 [ 1.05610692e+00,  1.53955181e+00],
 [ 1.09470957e+00, -3.00921673e-01],
 [ 1.05712734e+00, -2.19447674e+00],
 [ 8.82556261e-01, -1.36228559e+00],
 [ 9.61574923e-01, -2.47429418e+00],
 [ 9.44889714e-01, -8.88678803e-01],
 [ 1.02268613e+00,  6.96123260e-01],
 [ 1.01780382e+00, -9.23867343e-01],
 [ 1.02597408e+00,  2.28714882e+00],
 [ 9.66094033e-01,  2.26109749e+00],
 [ 1.05772578e+00,  4.07193086e-01],
 [ 1.08205177e+00, -1.91200891e+00],
 [ 9.53534564e-01,  1.21688877e+00],
 [ 8.69059837e-01, -2.32559099e+00],
 [ 1.07001318e+00,  1.03111260e+00],
 [ 9.37825653e-01, -1.83428596e-01],
 [ 1.09157829e+00,  8.23686888e-01],
 [ 9.59654667e-01, -2.34714413e+00],
 [ 1.08086063e+00,  1.81588401e+00],
 [ 9.66605028e-01, -2.01848408e+00],
 [ 1.03018994e+00,  2.53146333e+00],
 [ 1.03298790e+00, -1.59497550e+00],
 [ 1.10322776e+00,  1.11998928e+00],
 [ 7.61354359e-01,  3.07211101e-01],
 [ 1.10646828e+00,  1.93965231e-01],
 [ 1.09866065e+00,  3.54701530e+00],
 [ 1.04259804e+00,  1.05970106e+00],
 [ 9.50937157e-01,  7.91132362e-01],
 [ 8.98657255e-01, -2.87731677e+00],
 [ 1.04426511e+00, -1.60337040e+00],
 [ 9.51433296e-01, -1.23091131e+00],
 [ 1.11799798e+00,  1.29329915e-01],
 [ 1.05758867e+00,  2.52241180e+00],
 [ 1.05500316e+00,  1.27190410e+00],
 [ 1.00983127e+00,  5.04865596e-01],
 [ 1.04489013e+00,  7.18284611e-01],
 [ 1.03150560e+00,  2.11553439e+00],
 [ 8.78238228e-01, -1.35855665e+00],
 [ 9.56513373e-01, -2.30891502e+00],
 [ 1.12919877e+00,  1.87875802e-01],
 [ 9.54092394e-01, -1.74218978e+00],
 [ 1.05650151e+00, -1.42124937e+00],
 [ 1.02348278e+00,  2.32410629e+00],
 [ 9.77921813e-01, -1.91878116e-01],
 [ 9.06139292e-01,  1.15202524e+00],
 [ 1.16110886e+00,  1.02774923e+00],
 [ 1.07303061e+00,  1.10053345e+00],
 [ 9.08961956e-01,  6.22337101e-01],
 [ 9.62795344e-01, -2.23025041e+00],
 [ 1.04237775e+00,  1.03355222e+00],
 [ 9.52591268e-01, -1.39660148e+00],
 [ 1.11101724e+00, -8.04863121e-02],
 [ 1.04128564e+00,  1.40479819e+00],
 [ 9.43854499e-01,  3.79611460e-01],
 [ 9.43466709e-01,  3.34908090e-01],
 [ 1.14891603e+00,  3.73262710e-01],
 [ 9.81766999e-01, -1.21966465e+00],
 [ 9.25281855e-01, -2.70776158e-01],
 [ 9.58082293e-01, -9.37019092e-01],
 [ 1.06422740e+00, -1.63366002e+00],
 [ 9.81809749e-01, -1.44144272e-01],
 [ 1.07213361e+00, -1.39588835e+00],
 [ 1.13059245e+00,  1.47537594e+00],
 [ 9.26818862e-01,  7.78670217e-01],
 [ 9.86148715e-01, -4.96342150e-01],
 [ 9.33664283e-01,  5.70868949e-01],
 [ 1.02904711e+00, -2.13300394e+00],
 [ 9.21327252e-01, -1.86448977e+00],
 [ 9.64596483e-01, -6.41949749e-01],
 [ 1.02377189e+00, -1.26904277e+00],
 [ 8.49937928e-01,  2.05109259e+00],
 [ 8.84282078e-01,  2.52610477e-01],
 [ 1.22066120e+00,  1.79779312e-01],
 [ 9.82125617e-01,  2.93318824e+00],
 [ 1.05179602e+00, -6.77498637e-01],
 [ 1.08471886e+00,  1.31062572e+00],
 [ 9.90919484e-01,  1.16662357e+00],
 [ 9.14935560e-01,  8.68247874e-01],
 [ 9.40107914e-01, -9.68797056e-01],
 [ 9.13940025e-01, -2.68198755e+00],
 [ 9.62645103e-01, -1.03100765e+00],
 [ 9.05054468e-01,  1.25270685e+00],
 [ 1.23745128e+00,  1.24342308e+00],
 [ 1.01247886e+00,  2.86780597e+00],
 [ 9.50293152e-01, -2.00442134e+00],
 [ 9.70380093e-01,  5.79734103e-01],
 [ 7.21146540e-01,  3.32050881e-01],
 [ 9.82495391e-01, -4.40939378e+00],
 [ 1.02016476e+00, -5.81553716e-01],
 [ 1.02247055e+00, -2.28314564e+00],
 [ 9.12329374e-01, -2.49535783e+00],
 [ 1.13228264e+00,  1.91504347e+00],
 [ 9.31830005e-01, -1.59356872e+00],
 [ 9.92827982e-01,  1.43129678e+00],
 [ 6.97087107e-01, -9.87500910e-01],
 [ 1.02392792e+00,  2.95619482e+00],
 [ 7.74117978e-01, -1.40153450e+00],
 [ 9.39671823e-01, -1.19010155e+00],
 [ 1.20163435e+00,  2.09753941e+00],
 [ 1.14081950e+00, -1.20666101e+00],
 [ 1.03642720e+00, -1.24194133e+00],
 [ 1.04366722e+00,  9.59580027e-01],
 [ 8.41469150e-01,  8.39127431e-01],
 [ 9.42073017e-01, -7.05358032e-01],
 [ 7.32625056e-01,  5.83898443e-01],
 [ 8.23087459e-01,  2.30774527e+00],
 [ 7.53691659e-01, -1.87079251e+00],
 [ 1.09181910e+00, -2.09389493e+00],
 [ 1.19331155e+00,  1.25623489e+00],
 [ 9.69527949e-01, -6.09690239e-01],
 [ 8.88915868e-01,  1.93297347e+00],
 [ 8.12875427e-01,  4.45591582e-01],
 [ 9.90614741e-01,  6.04883956e-01],
 [ 8.40571731e-01, -2.30948464e-01],
 [ 8.68915637e-01, -1.47648457e+00],
 [ 8.20509610e-01,  2.39469131e+00],
 [ 8.75435097e-01,  1.16070286e+00],
 [ 9.39436751e-01,  5.93072741e-01],
 [ 1.15085515e+00,  3.49662121e+00],
 [ 1.07760485e+00,  3.04315349e+00],
 [ 7.99794556e-01,  7.41041893e-02],
 [ 8.51836116e-01,  6.88073634e-01],
 [ 9.51077606e-01,  2.08401420e+00],
 [ 9.38789753e-01, -8.40208717e-01],
 [ 7.37779659e-01, -3.25092093e-01],
 [ 8.07837266e-01,  1.71063124e+00],
 [ 7.38907942e-01,  7.52634629e-01],
 [ 1.24108861e+00,  1.18354038e+00],
 [ 9.56630035e-01,  1.48680472e+00],
 [ 9.34083546e-01,  2.48047405e+00],
 [ 1.05745446e+00,  8.57205715e-01],
 [ 1.09869762e+00,  2.89422623e-01],
 [ 9.45333811e-01,  1.95527507e+00],
 [ 1.05164547e+00,  5.50638671e-01],
 [ 9.04903558e-01,  8.04341081e-01],
 [ 8.26993860e-01, -9.23801559e-02],
 [ 1.11504489e+00, -7.62363033e-01],
 [ 1.06399242e+00,  1.42407323e+00],
 [ 8.21680541e-01,  2.37381271e+00],
 [ 8.87375138e-01, -3.47831685e+00],
 [ 1.02156497e+00,  2.34450525e-01],
 [ 9.62158198e-01,  4.21853375e-02],
 [ 9.68255841e-01,  4.20450605e+00],
 [ 8.94076172e-01,  7.57701723e-01],
 [ 9.55812330e-01,  8.66125127e-01],
 [ 9.11071360e-01,  5.29058453e-01],
 [ 9.80607405e-01,  1.41835237e+00],
 [ 9.65267343e-01,  8.23135730e-01],
 [ 8.19310357e-01,  3.30874788e+00],
 [ 9.40407825e-01, -2.39372947e+00],
 [ 9.40665788e-01, -1.19397086e-03],
 [ 9.43832192e-01,  1.02166275e+00],
 [ 9.52845481e-01, -3.84373964e-01],
 [ 9.13023344e-01, -1.57890809e+00],
 [ 1.02533809e+00,  9.20372840e-01],
 [ 7.35805502e-01,  6.81064749e-01],
 [ 1.03319289e+00,  1.83148427e+00],
 [ 1.09992305e+00, -6.12941601e-01],
 [ 9.05601245e-01, -8.24375534e-01],
 [ 1.03843852e+00, -1.83798391e+00],
 [ 9.20491126e-01, -1.61514013e-02],
 [ 9.87946306e-01,  9.88999502e-01],
 [ 9.67892068e-01,  2.40659801e-01],
 [ 7.51164549e-01, -1.64972257e+00],
 [ 8.95703971e-01,  1.43113274e+00],
 [ 8.99629641e-01, -1.22897793e+00],
 [ 1.01987256e+00,  9.46088008e-01],
 [ 1.01648778e+00, -5.09307183e-02],
 [ 8.82635949e-01,  2.83048566e+00],
 [ 9.67381852e-01, -2.04809303e+00],
 [ 9.57949136e-01,  1.62909935e+00],
 [ 1.00428028e+00, -1.30390503e+00],
 [ 9.40762380e-01, -5.62237504e-01],
 [ 8.19567390e-01, -1.01839220e+00],
 [ 9.53397408e-01, -9.80498759e-01],
 [ 8.93611811e-01, -9.69381662e-01],
 [ 9.25450111e-01,  7.11033340e-01],
 [ 9.08253706e-01,  5.79385062e-01],
 [ 8.84837334e-01,  1.94000705e+00],
 [ 9.77142154e-01,  1.00961078e+00],
 [ 9.76555152e-01,  1.50579533e+00],
 [ 9.04571044e-01,  8.03538467e-02],
 [ 9.60445855e-01, -2.89961934e+00],
 [ 8.61921253e-01,  4.25217203e-01],
 [ 9.33878699e-01, -9.59792969e-01],
 [ 9.82535574e-01, -2.24425598e+00],
 [ 8.06782072e-01, -6.63926562e-01],
 [ 9.15118233e-01,  1.97039124e-01],
 [ 9.47275906e-01,  7.33933001e-01],
 [ 1.20958270e+00,  5.17841418e-01],
 [ 9.39576501e-01,  1.24353725e+00],
 [ 8.72271335e-01,  1.96111559e-01],
 [ 1.02837323e+00, -1.22880770e+00],
 [ 8.53796915e-01,  2.03142598e+00],
 [ 1.17953137e+00,  5.42588563e-01],
 [ 1.02229254e+00, -3.13627179e+00],
 [ 8.96374516e-01, -4.33730363e-01],
 [ 9.09552480e-01,  5.87174358e-02],
 [ 1.09522730e+00,  2.61784376e-03],
 [ 1.08431186e+00,  1.70509289e+00],
 [ 8.52465492e-01, -1.51785515e-01],
 [ 9.71480354e-01, -5.90437163e-01],
 [ 1.12467506e+00,  7.82373352e-01],
 [ 9.42983084e-01,  8.96101362e-01],
 [ 1.27666233e+00, -6.28296708e-01],
 [ 8.34508975e-01, -3.99399715e-01],
 [ 8.42063206e-01,  9.49476688e-01],
 [ 9.46173892e-01, -3.76392355e-01],
 [ 8.75292080e-01,  1.50137018e-01],
 [ 1.08008979e+00,  3.31561305e-01],
 [ 8.51016105e-01,  1.44641394e+00],
 [ 9.73708527e-01, -1.19316473e+00],
 [ 1.16903810e+00,  1.67561520e+00],
 [ 1.05121769e+00, -4.35486404e-01],
 [ 9.23042152e-01, -5.69648406e-01],
 [ 9.45862143e-01, -6.82519694e-01],
 [ 9.82612431e-01,  6.97837261e-01],
 [ 1.00293971e+00, -7.55378123e-01],
 [ 8.79806073e-01,  9.15147583e-01],
 [ 1.03927421e+00,  8.96303532e-01],
 [ 8.62565414e-01, -8.24901000e-01],
 [ 9.12874871e-01,  9.52716890e-01],
 [ 1.03360180e+00, -1.63391346e+00],
 [ 1.04048255e+00, -1.20135147e+00],
 [ 8.60336607e-01, -6.30934089e-01],
 [ 8.23168260e-01, -4.50517644e-01],
 [ 1.01559750e+00, -1.12854142e+00],
 [ 8.39009435e-01,  2.05936147e+00],
 [ 8.15776363e-01,  2.85764246e+00],
 [ 1.02453862e+00, -9.73221804e-01],
 [ 7.68958390e-01, -1.98993266e+00],
 [ 1.06129861e+00,  9.49004724e-01],
 [ 9.62598350e-01, -1.52519974e+00],
 [ 1.04326870e+00, -2.46131390e+00],
 [ 7.68247326e-01,  9.56507003e-02],
 [ 9.20331674e-01,  2.04930440e-02],
 [ 9.90477063e-01, -8.28665047e-01],
 [ 1.12801742e+00, -1.07449985e+00],
 [ 9.81935428e-01,  3.97664186e-01],
 [ 1.01718553e+00, -2.50114201e+00],
 [ 8.31194586e-01,  1.12022858e+00],
 [ 1.02967490e+00,  8.53342873e-01],
 [ 1.00762123e+00, -1.08966721e+00],
 [ 9.03262004e-01, -2.40521946e+00],
 [ 8.46663037e-01, -1.24560877e-01],
 [ 8.37069504e-01,  1.88411779e+00],
 [ 9.94209240e-01,  8.73664438e-01],
 [ 1.00102688e+00, -9.48767612e-01],
 [ 9.33668520e-01,  1.18901219e+00],
 [ 1.19422804e+00, -3.49249526e+00],
 [ 8.93715769e-01,  2.79731363e+00],
 [ 9.64114783e-01,  6.95120017e-01],
 [ 1.03968018e+00, -5.75233344e-01],
 [ 1.00522000e+00, -1.59441658e+00],
 [ 8.70108696e-01,  1.19408489e+00],
 [ 9.40375717e-01, -4.69684727e-02],
 [ 1.11801864e+00, -9.37523258e-01],
 [ 9.74899481e-01, -2.90581849e-01],
 [ 9.85620265e-01,  7.56820375e-03],
 [ 1.01223503e+00, -4.12623108e-01],
 [ 1.05179648e+00, -1.26370717e+00],
 [ 1.00988228e+00,  1.30587484e+00],
 [ 1.06906610e+00, -1.48464788e+00],
 [ 1.07706993e+00, -3.34861820e+00],
 [ 1.06034771e+00, -4.81101702e-01],
 [ 9.43668325e-01,  7.76100323e-01],
 [ 1.06971305e+00,  6.96392711e-01],
 [ 8.69104394e-01,  1.00465763e+00],
 [ 8.59419254e-01,  1.20903743e+00],
 [ 9.63584032e-01,  1.08928434e+00],
 [ 1.10031289e+00,  1.13764268e-01],
 [ 1.02062303e+00,  2.44663957e+00],
 [ 1.07351970e+00, -2.26276810e+00],
 [ 9.55555725e-01, -1.67142511e+00],
 [ 1.08021501e+00, -2.11977520e+00],
 [ 9.31667564e-01, -1.05771605e+00],
 [ 1.05081530e+00,  1.44839071e+00],
 [ 1.07424833e+00, -3.06348000e-02],
 [ 1.12046858e+00,  3.35930418e-01],
 [ 8.65001293e-01,  1.32259220e-01],
 [ 1.17423898e+00, -1.31558857e+00],
 [ 9.99615973e-01,  1.66532600e-01],
 [ 1.11892064e+00, -1.57432491e+00],
 [ 9.69933787e-01, -1.59182963e+00],
 [ 1.03041139e+00,  1.15098905e+00],
 [ 8.11666719e-01, -8.03279436e-01],
 [ 9.78005975e-01,  1.28531621e+00],
 [ 1.03046071e+00, -2.19025902e+00],
 [ 1.09737113e+00,  9.80401041e-01],
 [ 8.27923603e-01,  1.18029396e+00],
 [ 1.06661470e+00, -1.11838638e+00],
 [ 9.12398994e-01,  7.89757740e-01],
 [ 9.28650324e-01, -1.20223437e+00],
 [ 8.35837864e-01,  7.13564288e-02],
 [ 9.44129073e-01,  2.14116729e+00],
 [ 8.99143316e-01, -1.31112431e+00],
 [ 8.81243328e-01,  1.12209773e+00],
 [ 9.26053847e-01, -2.97496829e+00],
 [ 9.74800562e-01,  3.57960874e-01],
 [ 8.87441071e-01,  1.23224092e-01],
 [ 1.15722908e+00, -5.70568475e-01],
 [ 8.86523378e-01, -5.48942133e-02],
 [ 1.03141663e+00,  7.87294030e-01],
 [ 1.01554212e+00,  3.41445869e-01],
 [ 9.32565875e-01, -1.03755115e+00],
 [ 7.95008556e-01, -2.03578682e+00],
 [ 9.04104195e-01,  1.04518723e+00],
 [ 1.02328856e+00, -2.26877976e+00],
 [ 1.11081494e+00, -1.52038998e+00],
 [ 1.02965654e+00, -9.73369259e-01],
 [ 1.11194823e+00, -1.44119186e-01],
 [ 8.32839083e-01,  5.74649860e-01],
 [ 9.80432907e-01, -1.41634146e-01],
 [ 1.01478201e+00, -6.34560264e-01],
 [ 1.05683971e+00,  6.13565867e-01],
 [ 1.01384190e+00, -2.28883448e+00],
 [ 8.43122526e-01,  3.08344358e+00],
 [ 8.38813935e-01, -9.80013616e-01],
 [ 1.08068460e+00, -1.49258122e+00],
 [ 1.08493391e+00,  5.78372846e-01],
 [ 1.10063107e+00, -5.35031328e-01],
 [ 1.02019903e+00, -1.94259646e+00],
 [ 9.93647545e-01,  1.16191318e+00],
 [ 8.69602581e-01,  2.70565763e-01],
 [ 1.06876195e+00, -9.02516688e-01],
 [ 9.67592147e-01, -1.56197137e+00],
 [ 1.08599699e+00, -4.45033381e-01],
 [ 9.91807340e-01,  1.22924870e-01],
 [ 9.96665037e-01, -5.37107970e-01],
 [ 1.25866610e+00, -9.20971280e-01],
 [ 9.36917966e-01, -7.35105545e-01],
 [ 1.05977422e+00, -1.26081231e+00],
 [ 9.47732139e-01,  7.74544707e-01],
 [ 9.60198238e-01,  4.67565301e-01],
 [ 1.05148051e+00, -7.07555264e-01],
 [ 1.03346561e+00, -2.33417042e+00],
 [ 1.25061907e+00,  1.07423760e+00],
 [ 1.00981927e+00,  1.62815732e-01],
 [ 1.17817095e+00,  1.12028069e-01],
 [ 1.12616465e+00, -1.42973671e+00],
 [ 9.53723058e-01,  4.61457733e-01],
 [ 1.07319899e+00, -1.00077347e+00],
 [ 8.83042989e-01,  6.33462898e-01],
 [ 9.58165743e-01, -1.50996011e-01],
 [ 9.80569833e-01, -2.27489025e-01],
 [ 9.60402310e-01, -3.94371498e+00],
 [ 1.10226782e+00, -5.25070234e-01],
 [ 9.79155495e-01,  6.16909384e-01],
 [ 1.03437589e+00,  2.89337576e-01],
 [ 1.08455424e+00,  9.04672636e-01],
 [ 9.38018646e-01,  9.46693481e-01],
 [ 1.02678806e+00, -1.84907266e-01],
 [ 9.31881072e-01, -7.81722413e-01],
 [ 9.14124257e-01, -3.94207038e-01],
 [ 9.46633624e-01,  8.90464339e-01],
 [ 9.65392638e-01, -3.72225690e+00],
 [ 1.10456947e+00,  6.97667498e-01],
 [ 1.08082935e+00, -1.18296816e-03],
 [ 1.13137118e+00,  1.45083800e+00],
 [ 1.33100998e+00,  2.56057649e-01],
 [ 9.90351399e-01,  1.98979089e+00],
 [ 9.91061711e-01, -1.13342096e-01],
 [ 8.63236471e-01,  1.78717614e-01],
 [ 1.02160174e+00,  5.04496292e-01],
 [ 1.07240471e+00, -2.00163253e-01],
 [ 9.69421233e-01, -3.20489148e+00],
 [ 1.09140237e+00, -1.06394375e+00],
 [ 9.20701386e-01, -1.23824934e-01],
 [ 7.57997021e-01, -1.10227138e+00],
 [ 1.19546534e+00,  7.25636992e-01],
 [ 1.05055798e+00,  2.44502476e+00],
 [ 1.11903732e+00,  8.38951333e-01],
 [ 9.05668316e-01, -1.51023967e+00],
 [ 8.43314997e-01, -6.39201277e-01],
 [ 8.97966227e-01, -7.43198601e-01],
 [ 1.17756241e+00, -2.43442278e+00],
 [ 8.31484799e-01, -8.60444980e-01],
 [ 1.05797253e+00, -1.50784004e-02],
 [ 8.01481949e-01,  1.45029943e+00],
 [ 1.12731506e+00,  4.52896908e-01],
 [ 9.88512071e-01,  1.87070267e+00],
 [ 1.11644564e+00,  5.36999839e-01],
 [ 9.35665084e-01, -1.40499265e+00],
 [ 9.47967846e-01, -4.34585432e-01],
 [ 9.41065951e-01, -4.96717855e-01],
 [ 1.09827572e+00, -1.52177415e+00],
 [ 1.00356074e+00, -2.40489405e+00],
 [ 9.86633612e-01, -9.45053246e-01],
 [ 9.11153019e-01, -7.04948242e-01],
 [ 1.14765559e+00, -1.91747494e-01],
 [ 1.02628724e+00, -2.51499892e-01],
 [ 1.01284304e+00, -9.56179052e-01],
 [ 8.89390728e-01,  9.37241611e-02],
 [ 1.03677138e+00,  3.28263791e+00],
 [ 1.13488346e+00,  2.00322057e+00],
 [ 1.06365129e+00, -8.13430449e-01],
 [ 1.05905770e+00,  1.42183609e+00],
 [ 1.08588471e+00,  2.43841878e-01],
 [ 8.69477094e-01, -1.34526121e-01],
 [ 1.00746166e+00, -1.71924144e+00],
 [ 1.01873239e+00,  1.51795274e+00],
 [ 9.79571054e-01,  5.96823825e-01],
 [ 9.40550368e-01, -2.41007700e+00],
 [ 1.03919920e+00,  1.02384415e+00],
 [ 1.15886986e+00, -2.71681030e-01],
 [ 9.28899280e-01, -1.65172107e+00],
 [ 9.30055811e-01,  4.07998716e+00],
 [ 1.05604626e+00, -1.69639988e-01],
 [ 9.39411348e-01, -1.65906655e+00],
 [ 1.02199067e+00, -2.13813620e+00],
 [ 9.70295049e-01,  1.85466582e+00],
 [ 9.41043677e-01,  5.47693708e-01],
 [ 9.48928374e-01, -1.02273873e+00],
 [ 1.04871403e+00,  1.04843381e+00],
 [ 1.10830918e+00,  7.79844293e-01],
 [ 9.49716849e-01, -4.44070913e-01],
 [ 1.05204189e+00,  6.13282210e-01],
 [ 9.26203125e-01, -3.88709859e+00],
 [ 9.50701171e-01, -1.17070984e+00],
 [ 9.19465576e-01, -1.96398282e+00],
 [ 1.04772442e+00,  1.31387903e+00],
 [ 1.16876026e+00, -4.26011392e+00],
 [ 1.08733192e+00, -5.77942196e-01],
 [ 1.08004147e+00, -1.74215511e+00],
 [ 9.54127507e-01,  9.49153783e-01],
 [ 8.38733428e-01,  1.08746293e+00],
 [ 1.01215711e+00,  2.81358903e-01],
 [ 9.23364160e-01, -2.70992360e+00],
 [ 9.76665902e-01,  8.18619081e-02],
 [ 1.03826867e+00, -1.50637736e+00],
 [ 1.03584877e+00,  8.08618748e-01],
 [ 1.09385897e+00,  6.94258210e-01],
 [ 1.02734548e+00,  6.67529654e-01],
 [ 1.03735340e+00, -1.01374076e-01],
 [ 1.14706264e+00,  1.67913591e+00],
 [ 8.24080994e-01,  1.67652385e+00],
 [ 1.02190951e+00, -1.47094859e+00],
 [ 8.52936617e-01, -2.70807873e+00],
 [ 1.00799250e+00, -7.82241739e-01],
 [ 9.09322162e-01,  5.36414652e-01],
 [ 1.25453870e+00,  1.78219931e-01],
 [ 1.13409456e+00, -4.52606416e-01],
 [ 1.02587723e+00,  1.92993654e+00],
 [ 1.05008447e+00,  6.77776759e-01],
 [ 1.13608371e+00,  1.57909314e+00],
 [ 1.01999020e+00, -1.79390378e+00],
 [ 8.61125394e-01, -2.68452925e+00],
 [ 9.49608636e-01, -7.64177891e-01],
 [ 1.00021644e+00, -1.98151216e+00],
 [ 8.11372934e-01, -6.21767510e-01],
 [ 1.10561998e+00, -1.22181005e+00],
 [ 1.06576978e+00, -8.42876412e-01],
 [ 1.01150049e+00,  1.74030913e+00],
 [ 9.43048041e-01, -1.07213774e+00],
 [ 1.00400499e+00, -2.98611673e-01],
 [ 1.05085800e+00, -1.82551005e+00],
 [ 9.42537897e-01,  1.87270216e-02],
 [ 9.09152500e-01,  1.53420640e+00],
 [ 9.21929043e-01, -2.13460825e+00],
 [ 7.80907466e-01, -3.16684476e+00],
 [ 1.16916328e+00, -3.39848059e+00],
 [ 1.10469302e+00, -1.84292633e+00],
 [ 8.84080407e-01,  1.79794894e+00],
 [ 7.75248630e-01,  1.23237137e+00],
 [ 9.30215205e-01, -4.58370022e-02],
 [ 1.19166589e+00,  8.87279560e-01],
 [ 9.92364730e-01,  1.06955118e-01],
 [ 9.88489751e-01, -6.80596198e-02],
 [ 8.58879017e-01, -2.49795788e+00],
 [ 9.43233644e-01, -3.05827338e+00],
 [ 1.06846789e+00, -1.38496776e+00],
 [ 9.37036361e-01, -1.08675993e+00],
 [ 8.75438317e-01,  1.63136815e-01],
 [ 9.39477000e-01, -8.86772553e-01],
 [ 8.57352878e-01,  9.15271152e-01],
 [ 1.20735259e+00,  1.72063431e+00],
 [ 1.14719056e+00, -6.96287866e-01],
 [ 1.07122996e+00, -1.74526477e+00],
 [ 7.90803909e-01, -1.10575946e+00],
 [ 8.90005736e-01, -1.85138846e+00],
 [ 1.09376904e+00, -1.33855769e+00],
 [ 9.89478365e-01, -2.40779417e+00],
 [ 9.55285341e-01, -1.61056185e+00],
 [ 9.01725705e-01,  1.00801549e-02],
 [ 9.94871880e-01,  8.08589612e-01],
 [ 1.19745074e+00,  2.26201002e+00],
 [ 9.56547444e-01, -6.72202843e-01],
 [ 1.08449647e+00, -8.57433425e-01],
 [ 8.80878138e-01, -2.77644509e+00],
 [ 8.77494856e-01, -8.11075634e-01],
 [ 7.87049957e-01, -5.63497265e-01],
 [ 9.00140177e-01, -1.69038114e+00],
 [ 1.20204341e+00, -1.16544813e+00],
 [ 1.10702066e+00,  1.32890520e-02],
 [ 1.05013095e+00, -9.62475712e-01],
 [ 9.21049697e-01,  7.52998998e-02],
 [ 9.98448497e-01, -1.12130789e+00],
 [ 1.06200422e+00,  1.42546972e-01],
 [ 9.23431487e-01, -1.17690553e+00],
 [ 1.00860800e+00,  2.19437173e+00],
 [ 9.20149555e-01,  3.18094252e+00],
 [ 9.41610396e-01,  5.60491457e-02],
 [ 1.09305344e+00, -7.92781637e-01],
 [ 9.31714569e-01, -7.58045026e-01],
 [ 1.13768785e+00,  6.78829709e-01],
 [ 8.03342802e-01,  2.28890426e-01],
 [ 9.49366501e-01,  4.90439695e-01],
 [ 1.05840731e+00,  3.04852445e+00],
 [ 8.16526561e-01, -1.06572958e+00],
 [ 1.01649124e+00,  9.28785107e-01],
 [ 1.04062270e+00, -1.76089419e+00],
 [ 9.58689249e-01, -4.15930158e-01],
 [ 1.07158922e+00, -5.95384711e-01],
 [ 1.01564481e+00, -4.09670233e-01],
 [ 1.05303607e+00, -1.69153017e-01],
 [ 7.45499542e-01, -1.24613325e+00],
 [ 9.64745099e-01,  8.51453964e-01],
 [ 9.81199364e-01,  8.16493065e-01],
 [ 9.81058324e-01, -8.10285334e-01],
 [ 8.64346295e-01,  1.02630762e+00],
 [ 9.76516173e-01, -8.21054574e-01],
 [ 7.70844942e-01, -1.83475298e+00],
 [ 1.15117380e+00,  2.08510192e-01],
 [ 1.11310272e+00, -3.01127119e+00],
 [ 9.54500286e-01,  2.34580493e-01],
 [ 9.58884808e-01, -8.54187132e-02],
 [ 8.89472474e-01,  7.91892934e-01],
 [ 9.37959153e-01,  2.28670930e+00],
 [ 1.03940131e+00,  7.39796067e-01],
 [ 8.92442303e-01, -8.82695172e-01],
 [ 1.16215402e+00,  4.49519528e-01],
 [ 1.21901343e+00,  5.08475155e-01],
 [ 1.19673736e+00,  1.64831035e+00],
 [ 9.62304563e-01, -2.21516048e+00],
 [ 9.28580709e-01,  8.04100074e-01],
 [ 1.09563624e+00,  5.68195940e-01],
 [ 8.49231863e-01, -1.11768237e+00],
 [ 8.79529224e-01,  1.86228243e+00],
 [ 1.00584263e+00,  3.39215907e+00],
 [ 1.03362714e+00, -7.84233456e-01],
 [ 1.04595599e+00, -2.49656896e-01],
 [ 1.04665623e+00,  1.34749944e+00],
 [ 9.01083887e-01,  1.64592519e+00],
 [ 9.41061812e-01,  3.22350466e-02],
 [ 9.68818559e-01, -1.08642780e+00],
 [ 1.13803965e+00,  2.87217208e-02],
 [ 7.42013199e-01, -1.36363503e+00],
 [ 9.46686368e-01,  2.33949604e-01],
 [ 9.91973944e-01,  1.21598807e+00],
 [ 1.08063324e+00,  1.12268626e+00],
 [ 9.71066427e-01, -1.97020478e+00],
 [ 1.07701961e+00,  2.28185666e+00],
 [ 9.68306703e-01,  2.85748998e+00],
 [ 9.88842356e-01,  2.73286483e+00],
 [ 8.70975207e-01, -4.73559871e-01],
 [ 1.03204150e+00, -1.69281660e+00],
 [ 8.67969534e-01,  8.75046767e-01],
 [ 8.97576235e-01, -1.44013962e-01],
 [ 1.05307088e+00, -1.55438290e+00],
 [ 1.01735590e+00,  2.04856012e+00],
 [ 1.13620382e+00, -3.26099599e+00],
 [ 1.16064330e+00, -1.20461300e+00],
 [ 9.24745351e-01,  3.71711686e+00],
 [ 1.00049086e+00,  2.53822019e+00],
 [ 9.35727685e-01,  1.67714995e+00],
 [ 9.83681766e-01,  8.42076817e-01],
 [ 9.86671419e-01,  7.76341995e-02],
 [ 1.11337451e+00, -1.48333414e+00],
 [ 1.12178329e+00,  1.64621257e+00],
 [ 9.72980752e-01,  3.51817053e+00],
 [ 1.05577828e+00, -7.18925232e-01],
 [ 1.24493577e+00, -2.38885493e+00],
 [ 1.02565637e+00,  6.17906732e-01],
 [ 1.04580353e+00,  2.41282868e+00],
 [ 8.76274239e-01,  2.00687193e-02],
 [ 1.23619198e+00, -2.15071094e-01],
 [ 1.01011536e+00,  1.04970980e+00],
 [ 1.07646573e+00, -2.12793021e+00],
 [ 1.03692712e+00,  3.98585810e+00],
 [ 1.10469229e+00,  2.29016279e+00],
 [ 1.03024185e+00,  8.69630732e-01],
 [ 1.05972673e+00,  6.17561039e-01],
 [ 9.56819870e-01,  2.07220175e+00],
 [ 9.37732813e-01,  3.21453815e+00],
 [ 1.04468986e+00, -4.27274949e-01],
 [ 9.42669129e-01, -2.31260511e+00],
 [ 8.40815542e-01, -6.77523139e-01],
 [ 1.07081858e+00, -5.19720636e-01],
 [ 1.00679286e+00,  1.42665562e+00],
 [ 1.04937223e+00,  3.56148063e+00],
 [ 9.25393983e-01,  1.25713107e+00],
 [ 1.07160711e+00,  2.42932440e+00],
 [ 8.36969457e-01,  1.41685329e+00],
 [ 1.11327569e+00,  1.35407477e-01],
 [ 9.36950019e-01,  1.76725205e+00],
 [ 9.68942914e-01, -3.66961352e+00],
 [ 8.93242847e-01, -9.16912296e-02],
 [ 1.14263629e+00, -2.11963073e+00],
 [ 9.61897037e-01,  2.39629347e+00],
 [ 1.08433469e+00, -1.31160872e+00],
 [ 8.84328520e-01, -4.91106001e-01],
 [ 9.74931273e-01, -6.13773002e-01],
 [ 8.41139092e-01, -1.45201098e+00],
 [ 9.41202057e-01,  1.20967230e+00],
 [ 9.65224111e-01,  1.68317623e+00],
 [ 9.90573005e-01, -1.24178081e+00],
 [ 7.51365943e-01,  1.67461892e+00],
 [ 1.08061828e+00,  1.09045418e-01],
 [ 1.11112238e+00,  2.07197171e+00],
 [ 8.43305622e-01,  3.26055971e-01],
 [ 8.91159072e-01,  2.10070883e+00],
 [ 1.06217304e+00, -2.47242678e-01],
 [ 9.21451704e-01, -1.92926318e-01],
 [ 1.05290281e+00,  2.05578946e+00],
 [ 1.02796292e+00,  9.98160653e-01],
 [ 9.47738302e-01, -3.60498224e+00],
 [ 9.52153218e-01, -2.61708220e-01],
 [ 1.04182610e+00, -1.76293903e+00],
 [ 1.04659263e+00,  4.64389153e-01],
 [ 8.64248619e-01, -1.40882207e-01],
 [ 1.13808325e+00,  1.21918411e+00],
 [ 1.15559352e+00,  7.80928723e-01],
 [ 8.57208313e-01,  1.37203388e-01],
 [ 1.10952212e+00,  1.00970112e+00],
 [ 1.01753123e+00, -1.90116514e+00],
 [ 9.60473575e-01, -1.69586384e+00],
 [ 9.56387490e-01, -6.10832697e-01],
 [ 9.20147944e-01, -4.57971186e-01],
 [ 1.07376780e+00,  1.24578602e+00],
 [ 1.05919069e+00,  3.84006339e-01],
 [ 1.11404203e+00, -3.53331485e-02],
 [ 1.13697649e+00, -2.77111304e-01],
 [ 9.95415037e-01,  1.24716627e+00],
 [ 1.09709911e+00,  1.13535606e+00],
 [ 8.17045953e-01, -1.14034260e-01],
 [ 9.05887700e-01, -9.81493766e-02],
 [ 1.00500781e+00, -1.36053402e-01],
 [ 1.13740517e+00, -4.79856187e-01],
 [ 1.03376898e+00,  2.07042655e+00],
 [ 1.04774564e+00, -1.83526550e-01],
 [ 9.26998419e-01,  3.09868926e-01],
 [ 1.03670323e+00,  6.15512540e-01],
 [ 9.33779854e-01,  1.32683606e+00],
 [ 1.18514602e+00,  1.06850439e+00],
 [ 9.40586641e-01, -6.46310906e-01],
 [ 9.13597006e-01,  2.93348129e-02],
 [ 8.58718479e-01, -5.05946484e-01],
 [ 9.90840117e-01,  4.58735044e-01],
 [ 9.62351980e-01,  1.26841042e+00],
 [ 1.05039377e+00, -1.85853601e+00],
 [ 9.92224996e-01, -1.15376444e+00],
 [ 9.09449499e-01,  6.96106197e-01],
 [ 8.88014869e-01,  9.18276125e-01],
 [ 1.12825733e+00,  5.02455417e-01],
 [ 9.41206382e-01, -2.37721329e+00],
 [ 6.83227225e-01, -6.63352654e-01],
 [ 7.58458337e-01,  1.23820593e+00],
 [ 1.06417212e+00, -5.83602743e-01],
 [ 1.04549826e+00,  2.02369008e+00],
 [ 1.05912771e+00,  1.77861972e+00],
 [ 1.05735122e+00, -1.93775062e+00],
 [ 9.47233106e-01,  8.19455932e-01],
 [ 8.98388081e-01, -1.98638607e-01],
 [ 1.03376216e+00,  3.20093318e+00],
 [ 9.54574125e-01, -2.17926986e+00],
 [ 8.93661490e-01, -6.80841455e-01],
 [ 9.16481633e-01,  7.46528301e-01],
 [ 1.11696419e+00,  5.86680753e-01],
 [ 9.66333746e-01,  8.27941706e-01],
 [ 1.05801847e+00, -2.01196552e+00],
 [ 1.13777278e+00,  5.00747213e-01],
 [ 8.67213405e-01, -1.26801224e+00],
 [ 9.88282485e-01,  1.16598665e-02],
 [ 9.92279701e-01,  2.93713335e+00],
 [ 1.04921301e+00, -2.32713113e+00],
 [ 9.80588713e-01, -2.57062122e+00],
 [ 1.05410072e+00,  8.33769100e-01],
 [ 1.13874179e+00,  5.17529384e-02],
 [ 1.09385531e+00, -7.08210055e-02],
 [ 1.02321648e+00,  1.23272317e+00],
 [ 1.02728363e+00,  1.09026021e+00],
 [ 1.01981069e+00,  9.64743000e-01],
 [ 8.99121655e-01, -7.34066634e-01],
 [ 9.87187958e-01,  2.93849460e+00],
 [ 1.09206290e+00, -1.61321071e+00],
 [ 1.05123166e+00, -1.38403311e+00],
 [ 1.09343061e+00,  2.30422622e-01],
 [ 1.26307650e+00, -1.59199469e+00],
 [ 1.20441635e+00,  3.32355825e+00],
 [ 8.32264643e-01, -1.20807586e+00],
 [ 1.04742723e+00,  3.45816427e-01],
 [ 1.18305303e+00,  5.33719014e-02],
 [ 9.24455293e-01, -3.08751843e-02],
 [ 1.01671239e+00,  4.74247827e-01],
 [ 1.00122778e+00, -6.59519075e-01],
 [ 9.03248712e-01, -2.09466488e-02],
 [ 1.05449844e+00,  6.18336943e-01],
 [ 1.03128442e+00,  5.06044311e-01],
 [ 1.05083511e+00,  1.30505413e+00],
 [ 9.33264717e-01,  2.94646334e-01],
 [ 1.05287742e+00, -1.27153559e-01],
 [ 1.05350790e+00, -1.10982794e+00],
 [ 1.04103961e+00,  6.15123219e-01],
 [ 9.27467857e-01, -5.42472692e-01],
 [ 1.08644750e+00,  1.15532416e+00],
 [ 9.45025010e-01,  3.20793896e-01],
 [ 1.00037979e+00,  5.74146414e-01],
 [ 1.03083548e+00,  1.74273803e+00],
 [ 1.02758491e+00,  1.37020196e+00],
 [ 9.04847369e-01, -1.91488207e+00],
 [ 1.05998048e+00,  8.87570980e-01],
 [ 1.14598381e+00,  2.50860731e+00],
 [ 1.00188305e+00,  3.26501050e+00],
 [ 9.64879315e-01, -2.31725111e-01],
 [ 1.09617159e+00,  1.09019231e+00],
 [ 7.95348543e-01, -2.40869543e+00],
 [ 8.78814015e-01, -9.74423625e-01],
 [ 1.02553370e+00,  1.60572942e+00],
 [ 9.18815858e-01, -4.86408717e-01],
 [ 1.05465459e+00,  4.97502256e-01],
 [ 1.24768650e+00,  1.39059838e+00],
 [ 9.77240664e-01, -1.36260375e+00],
 [ 1.07210309e+00,  8.76436740e-01],
 [ 8.08015575e-01, -1.30175312e+00],
 [ 1.17775632e+00, -4.80523695e-01],
 [ 9.68911470e-01, -1.45135107e+00],
 [ 1.02985306e+00, -2.08180964e+00],
 [ 8.86508123e-01,  7.43413495e-01],
 [ 9.61524672e-01,  8.42607647e-01],
 [ 1.11054917e+00,  7.50179346e-01],
 [ 1.23026393e+00,  4.60259024e-01],
 [ 1.08363673e+00, -2.67170334e-02],
 [ 9.95204449e-01, -2.93268553e-01],
 [ 1.05105965e+00,  1.78534440e+00],
 [ 1.17477644e+00, -7.35643974e-01],
 [ 1.00995251e+00,  1.79159667e+00],
 [ 1.03839149e+00, -1.29693907e+00],
 [ 1.04958862e+00,  3.26468741e-01],
 [ 9.93379466e-01,  1.47669835e+00],
 [ 1.12660951e+00,  2.17325205e+00],
 [ 1.23522528e+00, -3.96598518e+00],
 [ 8.88240932e-01, -1.52458221e+00],
 [ 1.05323905e+00, -1.80479904e+00],
 [ 1.10067210e+00,  1.02867146e+00],
 [ 1.11270582e+00, -9.17402560e-01],
 [ 1.00674450e+00, -1.68821036e+00],
 [ 8.42445379e-01, -1.42575169e+00],
 [ 9.94931033e-01,  2.52043243e+00],
 [ 1.01958399e+00,  1.15962133e+00],
 [ 1.08025246e+00,  3.07892959e-01],
 [ 1.26495024e+00, -1.85351817e+00],
 [ 1.02073940e+00, -1.14780383e+00],
 [ 1.00038701e+00, -2.55658376e+00],
 [ 9.51154296e-01,  1.12419462e-01],
 [ 1.06188350e+00,  1.96408140e-01],
 [ 1.07635269e+00, -6.45353644e-01],
 [ 9.18913427e-01,  2.20176455e-01],
 [ 9.54075747e-01,  3.07750620e+00],
 [ 1.19724843e+00,  1.34329822e+00],
 [ 9.33111984e-01, -3.88994648e-01],
 [ 1.16392959e+00, -5.72057101e-01],
 [ 1.12977878e+00, -4.34920771e-01],
 [ 9.54939182e-01, -9.62044493e-02],
 [ 1.07593805e+00, -6.67638783e-03],
 [ 9.97127439e-01,  2.58631891e-01],
 [ 1.01911359e+00, -8.13957580e-02],
 [ 8.45298252e-01, -9.18955594e-01],
 [ 1.04107819e+00, -6.01340539e-02],
 [ 1.25094357e+00,  8.16209555e-02],
 [ 8.05922496e-01,  8.14700308e-01],
 [ 1.15902890e+00, -8.05046282e-01],
 [ 8.59356173e-01, -1.38532547e+00],
 [ 9.34713348e-01,  2.74342554e+00],
 [ 9.45130768e-01,  1.01068835e+00],
 [ 1.00234952e+00, -3.23479605e-01],
 [ 1.15359273e+00, -1.86398434e+00],
 [ 9.30324249e-01, -1.88278690e-01],
 [ 1.10625186e+00, -8.32501910e-02],
 [ 1.01974758e+00, -2.85578956e-01],
 [ 1.06283759e+00, -7.85154282e-01],
 [ 1.09021025e+00, -6.99400690e-01],
 [ 9.62375046e-01, -1.08630261e+00],
 [ 8.68185969e-01,  3.64229330e+00],
 [ 1.01207831e+00, -1.62467980e+00],
 [ 8.21774819e-01, -1.20240996e+00],
 [ 9.49372527e-01, -1.75542095e+00],
 [ 8.99402379e-01,  6.33279178e-01],
 [ 1.11427052e+00,  4.68608491e-01],
 [ 1.01133880e+00,  5.64953602e-01],
 [ 1.12717243e+00,  7.46399391e-01],
 [ 9.01774796e-01,  1.47647261e-01],
 [ 9.11979470e-01,  6.26018389e-01],
 [ 8.95635319e-01,  4.82634400e+00],
 [ 1.00916063e+00, -1.20966896e+00],
 [ 9.10070107e-01,  1.35366668e+00],
 [ 7.78007810e-01, -2.40274404e+00],
 [ 1.00387946e+00, -1.15516441e+00],
 [ 8.22949478e-01,  7.97985316e-01],
 [ 8.58894420e-01,  3.67197901e+00],
 [ 9.71116017e-01, -7.94784225e-01],
 [ 1.16570578e+00, -1.25672332e-01],
 [ 9.35283982e-01,  6.67948460e-01],
 [ 8.82188498e-01,  1.26786070e+00],
 [ 9.91563331e-01, -2.33893493e+00],
 [ 8.60221158e-01,  1.15531597e+00],
 [ 9.15500725e-01, -9.84460413e-01],
 [ 8.83686606e-01, -1.61461892e+00],
 [ 9.48052145e-01, -5.77287453e-01],
 [ 8.81379377e-01,  7.22031301e-01],
 [ 9.33508080e-01, -1.15330569e+00],
 [ 1.00943375e+00, -8.87487269e-01],
 [ 9.74670349e-01, -1.61473747e+00],
 [ 9.41793637e-01, -3.09929877e-01],
 [ 1.12969746e+00, -1.94192141e+00],
 [ 9.19376125e-01,  6.90837200e-01],
 [ 8.57724336e-01, -6.48632293e-01],
 [ 8.66736057e-01, -1.65664957e+00],
 [ 1.10603181e+00,  1.24182635e+00],
 [ 8.42211624e-01,  2.08978427e+00],
 [ 9.18029797e-01, -2.92863448e-01],
 [ 9.90382573e-01, -1.00049532e+00],
 [ 9.37898522e-01, -3.34395612e-02],
 [ 9.31694754e-01,  1.62177854e-01],
 [ 1.05809150e+00,  7.53687329e-01],
 [ 9.90287165e-01, -3.53369197e-01],
 [ 1.00558615e+00, -8.08065993e-01],
 [ 9.07512892e-01, -8.28547593e-01],
 [ 1.04262536e+00,  1.38422111e+00],
 [ 8.48149982e-01,  9.02678156e-01],
 [ 9.77596487e-01,  5.84165537e-01],
 [ 9.84037157e-01, -2.02654721e+00],
 [ 1.08502086e+00,  1.64668507e+00],
 [ 8.96176616e-01,  1.67383226e+00],
 [ 1.12330504e+00,  1.83157432e+00],
 [ 9.19941468e-01, -5.87170771e-01],
 [ 8.65115522e-01, -2.69882003e-01],
 [ 1.27907420e+00, -1.78349974e-01],
 [ 9.45241624e-01,  9.33588765e-01],
 [ 8.16836854e-01,  4.89557950e-01],
 [ 1.10980009e+00, -4.67238559e-02],
 [ 1.09238867e+00,  2.47522475e-01],
 [ 1.06229206e+00,  2.52352008e+00],
 [ 9.90970843e-01,  2.12504912e+00],
 [ 1.10581153e+00,  5.30404844e-01],
 [ 8.32161283e-01,  3.57646750e-01],
 [ 8.57171680e-01, -1.35498810e+00],
 [ 1.17071554e+00,  7.47497102e-01],
 [ 9.50310493e-01,  2.42879179e+00],
 [ 9.41972923e-01,  5.89597914e-01],
 [ 9.10311371e-01, -9.25399241e-01],
 [ 1.01868371e+00, -4.11564160e-01],
 [ 9.61995538e-01,  5.06221510e-01],
 [ 1.05162032e+00,  1.32268626e+00],
 [ 1.03354493e+00, -3.05150510e-01],
 [ 9.60800120e-01,  7.82280940e-01],
 [ 9.45844900e-01,  1.33451242e+00],
 [ 9.90200753e-01, -1.39321281e+00],
 [ 1.00757281e+00, -5.79626021e-01],
 [ 8.81741446e-01,  1.50303324e+00],
 [ 9.71717412e-01, -1.03964940e+00],
 [ 9.14184829e-01, -3.28782116e+00],
 [ 9.34525963e-01,  2.72058535e+00],
 [ 9.73622153e-01, -4.21859979e+00],
 [ 1.03252551e+00,  9.69046861e-01],
 [ 1.03085984e+00,  1.01650248e+00],
 [ 9.59244826e-01,  2.18836772e+00],
 [ 1.17746081e+00, -2.97593684e+00],
 [ 1.01259469e+00,  6.33935242e-01],
 [ 9.04875950e-01,  1.61307005e+00],
 [ 9.85648256e-01,  4.74242337e-01],
 [ 1.12752872e+00,  1.19375560e-01],
 [ 1.03945986e+00,  8.61467053e-01],
 [ 9.07077524e-01, -3.06881395e+00],
 [ 1.24017182e+00,  4.98371129e-01],
 [ 1.13366961e+00,  1.54166984e+00],
 [ 9.75488071e-01, -1.67323452e+00],
 [ 1.06767151e+00, -2.84337476e+00],
 [ 1.14170599e+00,  5.61380183e-01],
 [ 1.05814333e+00,  2.35316891e+00],
 [ 7.94731763e-01, -3.24199321e-02],
 [ 1.08357414e+00,  5.79687591e-01],
 [ 1.01444493e+00,  8.75098169e-01],
 [ 9.18086494e-01, -2.14819442e+00],
 [ 1.08858309e+00,  1.63457317e+00],
 [ 1.11177796e+00,  8.84384393e-01],
 [ 8.76041224e-01, -7.27512556e-01],
 [ 1.02057070e+00,  2.58538897e+00],
 [ 1.18027672e+00,  1.60340917e+00],
 [ 9.51862169e-01, -1.44071991e-01],
 [ 9.73473753e-01,  4.72426711e-01],
 [ 9.59692502e-01,  2.44815555e-01],
 [ 1.01306297e+00, -2.68918730e+00],
 [ 9.54477952e-01, -1.17168281e+00],
 [ 1.18454978e+00,  3.38038205e+00],
 [ 1.04145713e+00,  5.52484392e-02],
 [ 9.25923724e-01,  3.35360301e+00],
 [ 1.07424922e+00,  4.71190013e+00],
 [ 9.60301843e-01,  1.08959026e+00],
 [ 1.01858041e+00, -1.30050050e+00],
 [ 1.03266485e+00, -3.90060661e+00],
 [ 9.19210264e-01,  1.76757610e+00],
 [ 1.00778200e+00, -2.22806278e+00],
 [ 1.03202941e+00, -1.07478784e+00],
 [ 8.50362044e-01, -2.73815339e-01],
 [ 1.08465691e+00,  2.48246398e+00],
 [ 9.98402816e-01,  6.69211023e-01],
 [ 1.03545273e+00, -7.04966602e-02],
 [ 8.74608476e-01,  2.04820207e+00],
 [ 1.03286760e+00, -3.96406624e-01],
 [ 1.19804720e+00, -2.20681110e+00],
 [ 1.07113892e+00, -1.34291139e+00],
 [ 9.88999878e-01, -1.23871819e+00],
 [ 1.03471287e+00, -3.34994281e+00],
 [ 9.59767670e-01, -2.07662704e+00],
 [ 1.15948340e+00,  2.12727965e-01],
 [ 8.50920481e-01,  3.16809460e+00],
 [ 9.36106820e-01,  2.70559911e-01],
 [ 8.14109233e-01,  1.23146305e+00],
 [ 1.04388135e+00, -7.67486709e-01],
 [ 1.05708852e+00,  9.05897694e-01],
 [ 9.88681925e-01,  1.16912612e+00],
 [ 9.41269660e-01, -9.42984130e-01],
 [ 1.05642078e+00, -2.28088945e+00],
 [ 9.12251925e-01, -2.76893903e-02],
 [ 1.18043452e+00, -4.86959596e-01],
 [ 9.61218351e-01, -9.45729013e-01],
 [ 1.08078954e+00, -1.34830614e+00],
 [ 8.05025629e-01,  5.71209640e-01],
 [ 1.04065258e+00,  1.19566927e-01],
 [ 1.16086029e+00,  2.90678874e+00],
 [ 9.81133276e-01,  1.59231351e-01],
 [ 1.02951861e+00,  9.80664254e-02],
 [ 1.08178028e+00,  1.26171775e+00],
 [ 8.25695179e-01,  3.16902146e-01],
 [ 1.17343310e+00, -8.36886244e-01],
 [ 8.42604179e-01,  1.07168474e+00],
 [ 1.03941379e+00,  3.46977830e-01],
 [ 8.95765007e-01, -6.47190072e-01],
 [ 1.08269195e+00, -2.75879335e+00],
 [ 1.11234897e+00,  1.25856147e+00],
 [ 9.35830580e-01,  1.70644449e+00],
 [ 1.02920950e+00, -1.56123122e-02],
 [ 1.06805829e+00,  8.00475932e-01],
 [ 1.06041871e+00, -3.79046693e-01],
 [ 8.83383497e-01,  5.94663037e-01],
 [ 8.43446975e-01,  1.15766345e+00],
 [ 1.11484506e+00, -8.28651710e-01],
 [ 8.05450491e-01, -1.28749942e-01],
 [ 1.06891679e+00, -3.75788949e+00],
 [ 1.01509713e+00,  6.11984272e-02],
 [ 9.83931487e-01,  2.43224400e+00],
 [ 9.14767538e-01, -1.14671542e+00],
 [ 9.16728274e-01,  9.00668424e-01],
 [ 1.00370638e+00,  3.16206118e-01],
 [ 8.98005674e-01,  1.95688239e+00],
 [ 9.17072020e-01,  1.59980514e-01],
 [ 1.06425010e+00, -1.49066271e+00],
 [ 8.48429374e-01, -1.72970341e+00],
 [ 9.53585475e-01, -1.56042887e+00],
 [ 1.02391059e+00, -2.39589293e+00],
 [ 1.11372357e+00,  5.20771775e-01],
 [ 1.02977035e+00, -2.80803254e+00],
 [ 9.09769071e-01, -1.17197578e-01],
 [ 9.59964448e-01, -7.02849665e-01],
 [ 9.80746674e-01, -4.29775361e-01],
 [ 9.01124499e-01, -4.24341175e-01],
 [ 1.02978999e+00,  1.88154287e-01],
 [ 8.52841665e-01, -2.27490018e+00],
 [ 9.61019382e-01, -1.40291203e+00],
 [ 9.96520511e-01, -2.37855252e+00],
 [ 1.08614640e+00, -1.08104419e+00],
 [ 9.54243218e-01, -6.16006530e-01],
 [ 8.86035088e-01,  1.14453973e+00],
 [ 9.87492676e-01, -1.53637116e+00],
 [ 8.95702006e-01, -2.43531459e-01],
 [ 7.49906306e-01,  1.21342759e+00],
 [ 1.08529447e+00, -1.63000882e+00],
 [ 8.08157050e-01, -2.35534386e+00],
 [ 9.74280019e-01, -1.80588330e+00],
 [ 8.89080995e-01, -4.45888920e+00],
 [ 1.12978945e+00, -1.62836452e+00],
 [ 9.06088125e-01, -1.32646335e-01],
 [ 9.96319100e-01,  5.51361814e-01],
 [ 1.00131189e+00, -1.48533813e-01],
 [ 9.67002620e-01, -2.23811062e-01],
 [ 9.59340793e-01, -4.75325249e-01],
 [ 1.14611730e+00, -2.42115759e+00],
 [ 9.36879234e-01, -6.88376723e-01],
 [ 9.85377981e-01,  2.26864213e-01],
 [ 9.36062234e-01,  3.89321430e-01],
 [ 1.34942604e+00,  1.18958198e+00],
 [ 9.01708328e-01,  4.12760080e-01],
 [ 1.03691048e+00,  8.42954957e-01],
 [ 1.10342241e+00,  2.58600996e-01],
 [ 9.94687464e-01, -1.53826363e-01],
 [ 1.14439412e+00,  6.39561230e-01],
 [ 1.21443774e+00, -2.19229874e+00],
 [ 7.80386645e-01, -5.77647250e-01],
 [ 9.78742625e-01,  9.03433714e-01],
 [ 7.78629039e-01,  9.32098172e-01],
 [ 1.21750508e+00,  9.43324223e-01],
 [ 1.00045544e+00, -3.46682117e+00],
 [ 1.00935994e+00,  6.33457258e-02],
 [ 1.15545190e+00,  9.16241555e-01],
 [ 8.35870511e-01, -1.92451512e+00],
 [ 1.02348675e+00,  6.12692887e-01],
 [ 1.06658073e+00, -9.37716217e-01],
 [ 1.03475686e+00,  1.41422541e+00],
 [ 1.03534518e+00,  1.04141444e+00],
 [ 8.27649409e-01,  1.64860951e+00],
 [ 1.09141324e+00,  8.61768377e-01],
 [ 9.45093441e-01, -1.90388321e-01],
 [ 8.93934996e-01, -5.38392647e-01],
 [ 1.06059514e+00,  1.01499905e+00],
 [ 8.59610076e-01, -1.24870862e+00],
 [ 1.01312564e+00,  1.09185958e+00],
 [ 1.08489068e+00, -1.17638273e+00],
 [ 9.36733616e-01,  5.04120599e-01],
 [ 9.46983423e-01, -1.00620158e-01],
 [ 8.60257417e-01,  2.24267207e+00],
 [ 1.03992232e+00,  1.12429327e-02],
 [ 9.84456683e-01,  7.56285806e-01],
 [ 1.00277197e+00, -5.73263210e-01],
 [ 1.12086866e+00,  7.54913691e-02],
 [ 1.01905499e+00,  3.19822402e-01],
 [ 1.17962873e+00,  1.17857638e+00],
 [ 9.87378495e-01, -6.39671658e-01],
 [ 1.16104209e+00, -5.97654483e-01],
 [ 1.15535798e+00,  2.12046176e+00],
 [ 8.98534743e-01,  1.33172107e+00],
 [ 1.03226093e+00,  5.10990833e-01],
 [ 9.75137463e-01, -6.35980025e-01],
 [ 9.06944919e-01, -5.52353926e-01],
 [ 1.06478748e+00,  7.69280049e-01],
 [ 1.03883650e+00, -4.70458459e-02],
 [ 1.08202624e+00, -1.60474894e+00],
 [ 9.59954171e-01, -1.02067195e-01],
 [ 1.11884612e+00,  1.09079414e-01],
 [ 1.06932208e+00,  1.23819050e+00],
 [ 1.06113171e+00,  2.37042821e-01],
 [ 1.07812189e+00,  6.08396822e-01],
 [ 1.01381997e+00, -2.26303692e+00],
 [ 9.09288071e-01, -7.32178788e-01],
 [ 1.00890772e+00,  4.90237280e-01],
 [ 1.01194944e+00,  9.62093021e-01],
 [ 9.63730423e-01, -1.34255240e-01],
 [ 1.04902669e+00,  1.09721664e+00],
 [ 1.04496017e+00,  3.30959142e-01],
 [ 1.06373387e+00,  1.11404460e+00],
 [ 1.13356526e+00,  2.79977922e+00],
 [ 8.97729529e-01,  1.83619495e-02],
 [ 1.10302056e+00,  7.97855538e-02],
 [ 9.95617938e-01, -8.29877113e-01],
 [ 8.22543592e-01, -7.92711706e-01],
 [ 1.04904610e+00,  3.20869847e-02],
 [ 1.01107748e+00, -6.04522315e-01],
 [ 1.20095899e+00,  2.80153203e+00],
 [ 1.05317580e+00,  1.97559671e+00],
 [ 9.37041171e-01, -6.32261403e-01],
 [ 1.06184515e+00,  1.09657101e+00],
 [ 9.78546548e-01,  4.98048096e-01],
 [ 9.83811217e-01, -1.12707469e+00],
 [ 1.04934949e+00, -4.48271595e-01],
 [ 9.53575499e-01, -1.08328532e+00],
 [ 9.63560058e-01, -1.26111014e-01],
 [ 1.02511932e+00,  1.88688841e+00],
 [ 1.03986094e+00, -2.39041039e+00],
 [ 1.00422377e+00, -2.01992488e+00],
 [ 9.26436650e-01, -6.00712711e-01],
 [ 1.00680344e+00,  1.60861753e+00],
 [ 8.81503630e-01, -1.41426839e+00],
 [ 8.36948804e-01, -2.92312784e+00],
 [ 9.78272454e-01, -1.49258046e+00],
 [ 1.04680733e+00, -5.14408357e+00],
 [ 8.90048253e-01, -1.20452423e+00],
 [ 8.33930885e-01,  2.49030114e-01],
 [ 1.06081364e+00, -1.51761843e+00],
 [ 1.04437737e+00, -1.52661817e-01],
 [ 9.57043963e-01,  6.51249157e-01],
 [ 1.05731640e+00, -6.21873527e-01],
 [ 8.93281172e-01, -7.52701357e-01],
 [ 8.96997292e-01, -2.22661802e+00],
 [ 8.96991325e-01,  3.61536655e+00],
 [ 9.34206374e-01, -7.24909350e-01],
 [ 8.82929890e-01, -4.99936059e-01],
 [ 7.48140967e-01, -1.58215443e-01],
 [ 1.07138941e+00, -5.21692905e-01],
 [ 1.00678735e+00, -2.94851289e-01],
 [ 8.93437369e-01, -3.31700950e+00],
 [ 1.09838618e+00, -7.99366639e-01],
 [ 7.61991389e-01,  5.33415187e-01],
 [ 8.75406501e-01,  6.87830316e-01],
 [ 9.75494624e-01,  2.95728439e+00],
 [ 1.00716031e+00,  5.55776422e-01],
 [ 9.41533212e-01, -1.82552972e+00],
 [ 9.17130167e-01,  3.04154282e+00],
 [ 1.07477609e+00, -8.08022725e-01],
 [ 7.96629525e-01,  1.20120349e+00],
 [ 8.55155839e-01, -1.75755251e+00],
 [ 1.07818621e+00,  1.05967181e+00],
 [ 8.05469356e-01,  1.67342250e+00],
 [ 9.92264482e-01, -9.98285537e-01],
 [ 8.46428441e-01,  2.65377291e+00],
 [ 1.07664867e+00,  1.51484953e+00],
 [ 8.84149498e-01, -2.18272509e+00],
 [ 1.03506542e+00,  5.38506338e-01],
 [ 1.17405112e+00, -6.19139079e-01],
 [ 9.97461175e-01,  2.03283039e+00],
 [ 9.06975721e-01, -1.68121528e+00],
 [ 1.03002683e+00,  3.82454228e-01],
 [ 1.03234870e+00,  6.37554005e-01],
 [ 1.05055648e+00,  3.66331619e+00],
 [ 8.18924087e-01, -8.24030007e-03],
 [ 9.51159637e-01,  1.70048746e+00],
 [ 9.17688477e-01,  6.84717242e-01],
 [ 1.05153592e+00,  3.44425897e-01],
 [ 1.11280891e+00,  1.00694657e-01],
 [ 9.85810440e-01,  1.93762860e+00],
 [ 9.35864519e-01,  8.46110537e-01],
 [ 1.05795335e+00,  2.59510453e+00],
 [ 1.04507890e+00, -1.36695907e+00],
 [ 1.10015714e+00,  4.03098244e+00],
 [ 8.79841493e-01,  3.18043054e-02],
 [ 8.70457628e-01,  9.89749399e-01],
 [ 1.03372287e+00, -4.36882124e-01],
 [ 1.08867785e+00, -1.47560493e-01],
 [ 1.09127419e+00, -9.68329176e-01],
 [ 9.65365201e-01,  3.09431165e-01],
 [ 9.90561747e-01, -3.24909128e-01],
 [ 1.07707053e+00, -3.66903010e-03],
 [ 9.11659575e-01,  2.24708754e-01],
 [ 9.56161199e-01,  1.21084480e+00],
 [ 8.60421316e-01,  6.91672320e-01],
 [ 9.36005728e-01,  8.21042001e-01],
 [ 8.78167306e-01, -8.78516106e-02],
 [ 1.12499638e+00,  3.24042649e-01],
 [ 1.10289945e+00, -4.61981791e-01],
 [ 1.00331649e+00,  2.76086937e-01],
 [ 7.22759652e-01, -1.11109380e+00],
 [ 8.96400874e-01,  8.03109608e-01],
 [ 9.14569461e-01, -2.32587502e-01],
 [ 1.08312390e+00,  2.16248727e-01],
 [ 9.87466203e-01,  3.60452117e-01],
 [ 9.78592256e-01,  3.85482188e-01],
 [ 9.26693881e-01, -9.33384914e-01],
 [ 1.09548574e+00,  5.33183468e-02],
 [ 1.10791794e+00, -1.72096565e-01],
 [ 1.04647772e+00, -4.93251090e-01],
 [ 8.14632555e-01,  1.29518513e-01],
 [ 1.03700380e+00,  2.59965315e-01],
 [ 1.03153136e+00,  2.43979383e-01],
 [ 1.10265925e+00,  2.19023283e+00],
 [ 9.99980737e-01,  2.42432752e+00],
 [ 1.01271821e+00,  7.53219275e-01],
 [ 8.58558282e-01, -2.51051417e+00],
 [ 1.01026690e+00,  2.88565269e-02],
 [ 9.17334517e-01, -1.14952550e+00],
 [ 1.17153566e+00, -2.81545237e+00],
 [ 9.65313147e-01, -1.38491852e+00],
 [ 1.09886320e+00, -7.96507531e-03],
 [ 8.69980712e-01,  7.67393510e-01],
 [ 1.13421241e+00,  1.79813085e+00],
 [ 1.19603876e+00, -3.11248751e-01],
 [ 9.90583940e-01,  1.75276288e+00]]

