[[ 0.42313779, -7.90616827],
 [ 0.43611641, -7.68908285],
 [ 0.43472836, -7.71331419],
 [ 0.42047882, -7.89150057],
 [ 0.43306813, -7.73531833],
 [ 0.44369997, -7.56810624],
 [ 0.42965215, -7.79195723],
 [ 0.42166772, -7.91627081],
 [ 0.43123104, -7.77600622],
 [ 0.42354448, -7.8757453 ],
 [ 0.43433448, -7.72368072],
 [ 0.44065721, -7.57938323],
 [ 0.43406651, -7.72733743],
 [ 0.44201042, -7.56328248],
 [ 0.42540114, -7.85211651],
 [ 0.43238783, -7.74555704],
 [ 0.44692988, -7.51326539],
 [ 0.4295055 , -7.81718806],
 [ 0.42307795, -7.91858604],
 [ 0.42069532, -7.95441946],
 [ 0.42790336, -7.83939591],
 [ 0.43620861, -7.68797487],
 [ 0.43626765, -7.67432364],
 [ 0.42447387, -7.85339543],
 [ 0.41604284, -7.97929794],
 [ 0.42216109, -7.88401802],
 [ 0.43688763, -7.65784672],
 [ 0.43355056, -7.74656338],
 [ 0.43669276, -7.6710653 ],
 [ 0.42212279, -7.90582911],
 [ 0.4328101 , -7.74520761],
 [ 0.44327686, -7.5688015 ],
 [ 0.43329924, -7.73341155],
 [ 0.42325288, -7.88283595],
 [ 0.43988038, -7.61319707],
 [ 0.43022209, -7.7594209 ],
 [ 0.43428514, -7.7163415 ],
 [ 0.42831134, -7.81802933],
 [ 0.40306144, -8.24585602],
 [ 0.41717783, -7.97155033],
 [ 0.43720114, -7.66176788],
 [ 0.44437738, -7.55306445],
 [ 0.42159699, -7.93069628],
 [ 0.43067806, -7.74967189],
 [ 0.43524207, -7.67321158],
 [ 0.42943208, -7.76226566],
 [ 0.43133736, -7.73777374],
 [ 0.43322208, -7.72263437],
 [ 0.41572173, -8.01780796],
 [ 0.42870493, -7.79916132],
 [ 0.42859793, -7.79931295],
 [ 0.43250143, -7.73315313],
 [ 0.435309  , -7.73065173],
 [ 0.43636167, -7.70382272],
 [ 0.42548287, -7.85154179],
 [ 0.42916896, -7.77617036],
 [ 0.41525532, -8.0196335 ],
 [ 0.42860241, -7.80749944],
 [ 0.42044292, -7.94004333],
 [ 0.42811075, -7.80498826],
 [ 0.42547987, -7.84551612],
 [ 0.43126161, -7.77915229],
 [ 0.45561695, -7.38685028],
 [ 0.4313842 , -7.74974945],
 [ 0.42593601, -7.85467192],
 [ 0.42108954, -7.92747921],
 [ 0.4186742 , -7.95740727],
 [ 0.43499201, -7.69910966],
 [ 0.43077594, -7.77305725],
 [ 0.41590055, -8.01570669],
 [ 0.43408635, -7.72835707],
 [ 0.42230532, -7.92488455],
 [ 0.43608481, -7.65522491],
 [ 0.4326386 , -7.72738521],
 [ 0.43765469, -7.69473153],
 [ 0.44380628, -7.55657359],
 [ 0.43059009, -7.77161225],
 [ 0.43467319, -7.68811227],
 [ 0.43338092, -7.71955586],
 [ 0.4274183 , -7.82448269],
 [ 0.42968053, -7.7745651 ],
 [ 0.41836067, -7.97179852],
 [ 0.42234427, -7.89053766],
 [ 0.42457392, -7.86078382],
 [ 0.43594328, -7.68160371],
 [ 0.43184879, -7.75803358],
 [ 0.42170332, -7.91634488],
 [ 0.42163058, -7.91618217],
 [ 0.43332395, -7.729522  ],
 [ 0.42920654, -7.80391082],
 [ 0.430403  , -7.77201589],
 [ 0.43462383, -7.70472296],
 [ 0.42965723, -7.79380689],
 [ 0.42314795, -7.8954665 ],
 [ 0.42278985, -7.8792942 ],
 [ 0.44141499, -7.57260754],
 [ 0.42425957, -7.88437633],
 [ 0.42987976, -7.79155346],
 [ 0.42695087, -7.85424368],
 [ 0.44626011, -7.51550237],
 [ 0.4303456 , -7.77541692],
 [ 0.42204429, -7.89303865],
 [ 0.42807285, -7.81386835],
 [ 0.42667393, -7.86075704],
 [ 0.42954631, -7.78565903],
 [ 0.43635821, -7.68033176],
 [ 0.43137748, -7.77142489],
 [ 0.43386537, -7.74075642],
 [ 0.42187688, -7.92298669],
 [ 0.43162898, -7.74955106],
 [ 0.42708422, -7.82642149],
 [ 0.43422328, -7.72879226],
 [ 0.42694476, -7.82454793],
 [ 0.42921541, -7.79116347],
 [ 0.43430449, -7.70408943],
 [ 0.44064229, -7.61358737],
 [ 0.43774418, -7.66615881],
 [ 0.42508945, -7.86315413],
 [ 0.42800292, -7.80563715],
 [ 0.4383865 , -7.63546637],
 [ 0.43543204, -7.72890418],
 [ 0.43842237, -7.64957331],
 [ 0.43247739, -7.75879968],
 [ 0.42991438, -7.76990922],
 [ 0.41812396, -7.97688552],
 [ 0.42071499, -7.94808134],
 [ 0.42501593, -7.8732059 ],
 [ 0.42108051, -7.88953294],
 [ 0.43647229, -7.67591457],
 [ 0.42936238, -7.79035234],
 [ 0.43381678, -7.73704824],
 [ 0.44841919, -7.48810584],
 [ 0.43655425, -7.68279193],
 [ 0.43045017, -7.77576591],
 [ 0.41898136, -7.97675886],
 [ 0.42190032, -7.90312857],
 [ 0.43137383, -7.76796404],
 [ 0.41977574, -7.94421567],
 [ 0.43148982, -7.76348368],
 [ 0.43402263, -7.70584424],
 [ 0.43611903, -7.69026073],
 [ 0.43625012, -7.68349195],
 [ 0.4248987 , -7.8501691 ],
 [ 0.43041712, -7.76954103],
 [ 0.42711794, -7.83071616],
 [ 0.43492639, -7.70428807],
 [ 0.42733521, -7.81742622],
 [ 0.43206035, -7.74405838],
 [ 0.43705028, -7.68210771],
 [ 0.435059  , -7.69893544],
 [ 0.44078049, -7.61608346],
 [ 0.4294953 , -7.79378119],
 [ 0.42272096, -7.88603636],
 [ 0.43086274, -7.76414169],
 [ 0.42614226, -7.87710229],
 [ 0.42560547, -7.8283694 ],
 [ 0.42737486, -7.79423064],
 [ 0.42864256, -7.81511082],
 [ 0.42700272, -7.81572112],
 [ 0.4466135 , -7.5331287 ],
 [ 0.44166984, -7.59609783],
 [ 0.42672414, -7.83607269],
 [ 0.43314579, -7.71322277],
 [ 0.4312092 , -7.7473383 ],
 [ 0.42861713, -7.83099704],
 [ 0.42626015, -7.82873612],
 [ 0.42275569, -7.89231796],
 [ 0.42285311, -7.88346289],
 [ 0.43385597, -7.71614865],
 [ 0.42256985, -7.89893377],
 [ 0.42863914, -7.79866882],
 [ 0.43019439, -7.77069095],
 [ 0.42599528, -7.83309307],
 [ 0.42478374, -7.89066457],
 [ 0.4585751 , -7.32091069],
 [ 0.43964338, -7.61048369],
 [ 0.43105925, -7.74123857],
 [ 0.43853339, -7.66392953],
 [ 0.42916823, -7.80659001],
 [ 0.43140156, -7.77543635],
 [ 0.43597454, -7.70434044],
 [ 0.42645983, -7.8465766 ],
 [ 0.42126627, -7.95327389],
 [ 0.42666668, -7.81358555],
 [ 0.4356558 , -7.68672622],
 [ 0.43133814, -7.76618397],
 [ 0.41740504, -7.98663605],
 [ 0.41821136, -7.96803128],
 [ 0.43478149, -7.69083616],
 [ 0.43169547, -7.76565361],
 [ 0.42531687, -7.86799065],
 [ 0.43007847, -7.8222061 ],
 [ 0.4215143 , -7.92769972],
 [ 0.42575681, -7.87282415],
 [ 0.42567587, -7.84552429],
 [ 0.44877445, -7.47174845],
 [ 0.42669478, -7.84923131],
 [ 0.42560991, -7.8602342 ],
 [ 0.41362067, -8.03089181],
 [ 0.43174259, -7.77353416],
 [ 0.43421634, -7.74874554],
 [ 0.42789774, -7.80876683],
 [ 0.43634252, -7.70626585],
 [ 0.42930734, -7.77480867],
 [ 0.43831562, -7.65718817],
 [ 0.42648928, -7.84109836],
 [ 0.41539178, -8.02572235],
 [ 0.43567344, -7.68664831],
 [ 0.43140638, -7.75711458],
 [ 0.42566477, -7.83381218],
 [ 0.42130715, -7.92522226],
 [ 0.42591502, -7.85170731],
 [ 0.4327642 , -7.74637828],
 [ 0.42585044, -7.85698765],
 [ 0.43020313, -7.76899044],
 [ 0.43172485, -7.75423476],
 [ 0.43488794, -7.71175922],
 [ 0.42198995, -7.92911861],
 [ 0.43254731, -7.73791086],
 [ 0.42988233, -7.78608647],
 [ 0.43928928, -7.6585403 ],
 [ 0.44245082, -7.56187672],
 [ 0.43205273, -7.76386945],
 [ 0.43296871, -7.72208061],
 [ 0.43241403, -7.7532695 ],
 [ 0.42329428, -7.85364629],
 [ 0.4299733 , -7.78771199],
 [ 0.43632345, -7.67432682],
 [ 0.42027792, -7.97128011],
 [ 0.4295362 , -7.80776913],
 [ 0.4374459 , -7.65192187],
 [ 0.42728261, -7.82333992],
 [ 0.42892649, -7.79698399],
 [ 0.43004657, -7.77326881],
 [ 0.43065624, -7.77083168],
 [ 0.423303  , -7.89051115],
 [ 0.43013717, -7.76960018],
 [ 0.42783188, -7.82340456],
 [ 0.42247166, -7.90971509],
 [ 0.42078302, -7.91705307],
 [ 0.42523332, -7.85808238],
 [ 0.4403096 , -7.61662258],
 [ 0.43589887, -7.67765353],
 [ 0.41774464, -7.99404387],
 [ 0.42940665, -7.7937195 ],
 [ 0.42733069, -7.82501949],
 [ 0.42754362, -7.83392577],
 [ 0.4370603 , -7.69969173],
 [ 0.43478684, -7.71089216],
 [ 0.42137636, -7.90669555],
 [ 0.42918305, -7.78517016],
 [ 0.42757796, -7.82304484],
 [ 0.42897438, -7.79392467],
 [ 0.43775797, -7.65320489],
 [ 0.44308733, -7.5552104 ],
 [ 0.42265114, -7.91368055],
 [ 0.43418025, -7.70024568],
 [ 0.43031833, -7.79816154],
 [ 0.43322367, -7.72610447],
 [ 0.43941872, -7.62145884],
 [ 0.43078935, -7.77908251],
 [ 0.43480482, -7.69508361],
 [ 0.44482573, -7.5647332 ],
 [ 0.43277217, -7.74028722],
 [ 0.42225967, -7.89741922],
 [ 0.41855255, -7.95437998],
 [ 0.43239201, -7.72199301],
 [ 0.41800278, -7.97075244],
 [ 0.4365321 , -7.70325458],
 [ 0.43459484, -7.69974477],
 [ 0.43265228, -7.72987286],
 [ 0.42325458, -7.88657785],
 [ 0.43535191, -7.71217286],
 [ 0.43846423, -7.64158811],
 [ 0.43475945, -7.69692717],
 [ 0.41975256, -7.95340914],
 [ 0.43308558, -7.72486965],
 [ 0.41959461, -7.96674948],
 [ 0.44051508, -7.64911321],
 [ 0.4292334 , -7.79123996],
 [ 0.42855826, -7.81107841],
 [ 0.42753285, -7.81832811],
 [ 0.42819911, -7.80539574],
 [ 0.41314876, -8.07207976],
 [ 0.43182986, -7.75585312],
 [ 0.4275323 , -7.8087697 ],
 [ 0.42486497, -7.87607738],
 [ 0.44039702, -7.63364171],
 [ 0.41550732, -8.01438331],
 [ 0.41909411, -7.94738549],
 [ 0.43543648, -7.70432785],
 [ 0.42109631, -7.94003848],
 [ 0.43216006, -7.73836394],
 [ 0.43948831, -7.61806356],
 [ 0.42952174, -7.80207363],
 [ 0.42514838, -7.85611896],
 [ 0.43889095, -7.6247124 ],
 [ 0.44075722, -7.63004463],
 [ 0.42370194, -7.85675101],
 [ 0.43608685, -7.69462827],
 [ 0.43069685, -7.75122469],
 [ 0.43590701, -7.65915268],
 [ 0.42855499, -7.82888556],
 [ 0.4349292 , -7.68802761],
 [ 0.43408445, -7.71356024],
 [ 0.43175327, -7.75715238],
 [ 0.42392841, -7.87324317],
 [ 0.44577484, -7.53285943],
 [ 0.42744922, -7.84298651],
 [ 0.4345944 , -7.73470357],
 [ 0.43820303, -7.67375872],
 [ 0.42045211, -7.93402824],
 [ 0.42386398, -7.88428905],
 [ 0.43404379, -7.68307013],
 [ 0.43140783, -7.75881908],
 [ 0.43535423, -7.70023409],
 [ 0.44143478, -7.60749191],
 [ 0.43033217, -7.78451088],
 [ 0.43860072, -7.61784869],
 [ 0.43550584, -7.69409753],
 [ 0.43758921, -7.65457019],
 [ 0.42125276, -7.91381447],
 [ 0.43198458, -7.74978894],
 [ 0.43828489, -7.67198606],
 [ 0.4312179 , -7.75356732],
 [ 0.42799346, -7.7941023 ],
 [ 0.43372033, -7.72651913],
 [ 0.42618494, -7.8280671 ],
 [ 0.4389232 , -7.63581013],
 [ 0.43147921, -7.72570582],
 [ 0.41631591, -7.99721634],
 [ 0.43228301, -7.73570592],
 [ 0.42852358, -7.8198208 ],
 [ 0.42838398, -7.80581121],
 [ 0.42853081, -7.79256667],
 [ 0.42586541, -7.86994929],
 [ 0.43515288, -7.69196596],
 [ 0.43118253, -7.77662068],
 [ 0.42990216, -7.79201492],
 [ 0.43796186, -7.65040505],
 [ 0.42957304, -7.81384165],
 [ 0.43080279, -7.76258612],
 [ 0.430529  , -7.78112788],
 [ 0.42562233, -7.85403469],
 [ 0.43567643, -7.68639054],
 [ 0.44145401, -7.61049339],
 [ 0.43603642, -7.692677  ],
 [ 0.43298207, -7.71193676],
 [ 0.43386317, -7.73851631],
 [ 0.42951821, -7.7741114 ],
 [ 0.42475154, -7.87546499],
 [ 0.4252281 , -7.84162209],
 [ 0.43656705, -7.6898704 ],
 [ 0.42152497, -7.91954011],
 [ 0.43411617, -7.69365169],
 [ 0.42844647, -7.8120932 ],
 [ 0.43098551, -7.78084406],
 [ 0.43891469, -7.63585956],
 [ 0.43956089, -7.64837592],
 [ 0.42777949, -7.81408469],
 [ 0.43172195, -7.75185517],
 [ 0.43149382, -7.74745455],
 [ 0.43933416, -7.61990167],
 [ 0.42488794, -7.86610342],
 [ 0.42292973, -7.89778177],
 [ 0.42592475, -7.85990234],
 [ 0.42548487, -7.84813444],
 [ 0.43073415, -7.76940021],
 [ 0.43719355, -7.67672701],
 [ 0.42222692, -7.9215871 ],
 [ 0.43059128, -7.78004198],
 [ 0.42969167, -7.75867527],
 [ 0.43389463, -7.7298923 ],
 [ 0.42708733, -7.8232569 ],
 [ 0.41980814, -7.95378083],
 [ 0.44440274, -7.54982465],
 [ 0.43374261, -7.69570279],
 [ 0.42656374, -7.83718645],
 [ 0.42455341, -7.89084858],
 [ 0.42967959, -7.77904395],
 [ 0.43769968, -7.62858234],
 [ 0.44095705, -7.61859583],
 [ 0.42871601, -7.7798197 ],
 [ 0.42429977, -7.86952172],
 [ 0.42464457, -7.86625058],
 [ 0.43231925, -7.75217144],
 [ 0.4293808 , -7.78002722],
 [ 0.40985529, -8.11055138],
 [ 0.43849978, -7.64706998],
 [ 0.42953556, -7.80012651],
 [ 0.42409245, -7.88731547],
 [ 0.41856918, -7.99753441],
 [ 0.43640787, -7.66273765],
 [ 0.42686586, -7.82617374],
 [ 0.43298506, -7.75655652],
 [ 0.4399519 , -7.62134085],
 [ 0.43395907, -7.73340507],
 [ 0.43677634, -7.66108345],
 [ 0.4225891 , -7.90300269],
 [ 0.43834182, -7.64488599],
 [ 0.442635  , -7.56434356],
 [ 0.43040203, -7.77409921],
 [ 0.43286687, -7.72541867],
 [ 0.42543767, -7.84860856],
 [ 0.4228407 , -7.89901575],
 [ 0.42354052, -7.85855079],
 [ 0.43261211, -7.75206806],
 [ 0.43547795, -7.71364872],
 [ 0.43634418, -7.66394513],
 [ 0.43084232, -7.77138154],
 [ 0.42637194, -7.8171471 ],
 [ 0.4332094 , -7.73506528],
 [ 0.44460193, -7.5271057 ],
 [ 0.43176841, -7.75065623],
 [ 0.42011321, -7.93537299],
 [ 0.42293599, -7.88779059],
 [ 0.43440123, -7.71814468],
 [ 0.43752534, -7.66255895],
 [ 0.43884208, -7.67306319],
 [ 0.43114785, -7.82780147],
 [ 0.42012766, -7.92338021],
 [ 0.43807753, -7.65791768],
 [ 0.43332416, -7.70421131],
 [ 0.42749641, -7.8354578 ],
 [ 0.42678543, -7.84330252],
 [ 0.43196443, -7.74114741],
 [ 0.43207913, -7.74438573],
 [ 0.4181632 , -8.00520941],
 [ 0.43138762, -7.74617271],
 [ 0.43045733, -7.79283122],
 [ 0.43588814, -7.65166508],
 [ 0.42914375, -7.82435074],
 [ 0.44511618, -7.5478292 ],
 [ 0.41926904, -7.96001915],
 [ 0.42822627, -7.79904179],
 [ 0.43942469, -7.6416513 ],
 [ 0.42005926, -7.95728417],
 [ 0.43457196, -7.72561715],
 [ 0.4482615 , -7.47873399],
 [ 0.43290501, -7.71778263],
 [ 0.43207282, -7.73335223],
 [ 0.42837738, -7.8292608 ],
 [ 0.42810559, -7.81128793],
 [ 0.42948018, -7.75881442],
 [ 0.44029056, -7.63424885],
 [ 0.43435761, -7.7117793 ],
 [ 0.4185072 , -7.98005913],
 [ 0.43288172, -7.74928103],
 [ 0.43819458, -7.65774302],
 [ 0.43001472, -7.77741795],
 [ 0.42667481, -7.82577587],
 [ 0.42270327, -7.86241145],
 [ 0.42381839, -7.85718811],
 [ 0.42904218, -7.80560052],
 [ 0.42525252, -7.86474298],
 [ 0.4231847 , -7.8852732 ],
 [ 0.43334481, -7.70020473],
 [ 0.43102037, -7.77514811],
 [ 0.4234413 , -7.87281484],
 [ 0.42908041, -7.79705897],
 [ 0.41731065, -7.9884099 ],
 [ 0.42643031, -7.8546655 ],
 [ 0.42853398, -7.83160302],
 [ 0.43223814, -7.76435812],
 [ 0.4256059 , -7.84320612],
 [ 0.41982441, -7.93934734],
 [ 0.43036338, -7.76428832],
 [ 0.43685141, -7.6913308 ],
 [ 0.4401397 , -7.58642251],
 [ 0.43081574, -7.78151365],
 [ 0.42628116, -7.86498356],
 [ 0.4289743 , -7.79311836],
 [ 0.42635032, -7.85807595],
 [ 0.44024314, -7.61515765],
 [ 0.42726277, -7.83477179],
 [ 0.42734658, -7.84526021],
 [ 0.42720791, -7.83681847],
 [ 0.43615937, -7.68123402],
 [ 0.42930834, -7.78424667],
 [ 0.42773767, -7.8335717 ],
 [ 0.42629099, -7.81224399],
 [ 0.42440528, -7.86751954],
 [ 0.42911518, -7.77795671],
 [ 0.44904172, -7.50336698],
 [ 0.43444258, -7.73709083],
 [ 0.42171908, -7.89107359],
 [ 0.42219687, -7.92578546],
 [ 0.42877969, -7.81516789],
 [ 0.42323482, -7.90585317],
 [ 0.43322742, -7.73436485],
 [ 0.42550956, -7.86568338],
 [ 0.43057733, -7.7631722 ],
 [ 0.43388467, -7.70348452],
 [ 0.44290843, -7.57859927],
 [ 0.43433925, -7.70792659],
 [ 0.42286574, -7.8675459 ],
 [ 0.43145971, -7.74645208],
 [ 0.43363749, -7.70855578],
 [ 0.43716446, -7.64339023],
 [ 0.42652928, -7.84270692],
 [ 0.42546613, -7.86418631],
 [ 0.4387041 , -7.63408354],
 [ 0.43474518, -7.7182205 ],
 [ 0.42268097, -7.91049949],
 [ 0.43152645, -7.75435915],
 [ 0.44942501, -7.46800628],
 [ 0.42981386, -7.77148149],
 [ 0.42729434, -7.81615302],
 [ 0.41583518, -8.02690647],
 [ 0.44010673, -7.61578341],
 [ 0.42513363, -7.862297  ],
 [ 0.42366659, -7.88502012],
 [ 0.43901779, -7.64860085],
 [ 0.4199771 , -7.95196268],
 [ 0.44122368, -7.61185713],
 [ 0.43548796, -7.66571552],
 [ 0.43249929, -7.74181186],
 [ 0.42780159, -7.83728003],
 [ 0.43217522, -7.75543981],
 [ 0.42684618, -7.82885777],
 [ 0.43735208, -7.64563958],
 [ 0.4319686 , -7.74960081],
 [ 0.43977007, -7.61731215],
 [ 0.43634169, -7.67140738],
 [ 0.43397716, -7.73789433],
 [ 0.42149574, -7.90593673],
 [ 0.42696865, -7.8243983 ],
 [ 0.42655762, -7.86944187],
 [ 0.43592473, -7.70330467],
 [ 0.41667881, -7.98985322],
 [ 0.42928417, -7.82708075],
 [ 0.41619302, -8.00654127],
 [ 0.43853565, -7.63297364],
 [ 0.43927338, -7.6330288 ],
 [ 0.43160138, -7.73716941],
 [ 0.43930419, -7.62990092],
 [ 0.42917406, -7.80415971],
 [ 0.42053705, -7.92445926],
 [ 0.42573792, -7.83607508],
 [ 0.42739448, -7.8256006 ],
 [ 0.44029841, -7.62153291],
 [ 0.43541641, -7.68908744],
 [ 0.43329573, -7.74289205],
 [ 0.42522714, -7.83459112],
 [ 0.43127223, -7.7666914 ],
 [ 0.42183005, -7.88840418],
 [ 0.42087167, -7.92774173],
 [ 0.44270944, -7.55811032],
 [ 0.43174252, -7.75031098],
 [ 0.42713689, -7.82219921],
 [ 0.42808249, -7.80625173],
 [ 0.43161744, -7.73983431],
 [ 0.43244165, -7.75933489],
 [ 0.4314907 , -7.75204944],
 [ 0.43116459, -7.7762802 ],
 [ 0.42622778, -7.84221352],
 [ 0.42683059, -7.80316531],
 [ 0.43568567, -7.70121829],
 [ 0.42780319, -7.82520656],
 [ 0.43750141, -7.6619732 ],
 [ 0.4332814 , -7.75964408],
 [ 0.4309012 , -7.76887891],
 [ 0.41874491, -7.96169743],
 [ 0.43801357, -7.64021399],
 [ 0.42448939, -7.86685395],
 [ 0.42872846, -7.78887761],
 [ 0.41455156, -8.00727537],
 [ 0.43906404, -7.67387441],
 [ 0.4416281 , -7.62176544],
 [ 0.43029446, -7.7708273 ],
 [ 0.42344649, -7.88796838],
 [ 0.4200216 , -7.95438169],
 [ 0.43406737, -7.7220059 ],
 [ 0.43052699, -7.77465418],
 [ 0.43586758, -7.66687109],
 [ 0.44287543, -7.58043629],
 [ 0.43393365, -7.71465016],
 [ 0.42313984, -7.91826886],
 [ 0.43976437, -7.63024481],
 [ 0.43078933, -7.73388962],
 [ 0.44155475, -7.60052837],
 [ 0.42100228, -7.92327068],
 [ 0.42304333, -7.91536719],
 [ 0.43126883, -7.77659351],
 [ 0.42599836, -7.82824132],
 [ 0.42395957, -7.88841127],
 [ 0.44157503, -7.58215319],
 [ 0.42353435, -7.86100865],
 [ 0.43278149, -7.74090854],
 [ 0.42228921, -7.87903821],
 [ 0.42923486, -7.78534027],
 [ 0.4261188 , -7.86441911],
 [ 0.42962275, -7.8143548 ],
 [ 0.43307985, -7.73411626],
 [ 0.42981358, -7.78592726],
 [ 0.43072045, -7.7950591 ],
 [ 0.44336032, -7.5785973 ],
 [ 0.43547019, -7.69693125],
 [ 0.43925056, -7.64864819],
 [ 0.43760198, -7.63588986],
 [ 0.42653305, -7.83514558],
 [ 0.43421473, -7.7346798 ],
 [ 0.43495509, -7.68277755],
 [ 0.43945013, -7.6179752 ],
 [ 0.43509825, -7.71638301],
 [ 0.41948418, -7.98907412],
 [ 0.42352931, -7.89412429],
 [ 0.42333575, -7.86396136],
 [ 0.43791238, -7.64664951],
 [ 0.41837438, -7.97224038],
 [ 0.42305387, -7.91373814],
 [ 0.42491638, -7.84295227],
 [ 0.43568996, -7.68920594],
 [ 0.41484732, -8.00945775],
 [ 0.43578741, -7.69636533],
 [ 0.42291317, -7.89098997],
 [ 0.42828595, -7.80294349],
 [ 0.43791409, -7.63878114],
 [ 0.43163974, -7.71847416],
 [ 0.42567044, -7.86910447],
 [ 0.44235513, -7.61354653],
 [ 0.42678332, -7.82761661],
 [ 0.41937404, -7.94110627],
 [ 0.43758395, -7.6712718 ],
 [ 0.43509765, -7.71498653],
 [ 0.42278838, -7.88233302],
 [ 0.43058   , -7.78742086],
 [ 0.41873783, -7.94461161],
 [ 0.42898828, -7.79844665],
 [ 0.43088674, -7.80172986],
 [ 0.4320668 , -7.77414758],
 [ 0.42250159, -7.89649058],
 [ 0.42420792, -7.88288081],
 [ 0.44505981, -7.52940233],
 [ 0.41994202, -7.94522769],
 [ 0.42537905, -7.83604891],
 [ 0.4348222 , -7.74053257],
 [ 0.4276292 , -7.82710513],
 [ 0.41709772, -7.9809996 ],
 [ 0.44269973, -7.56564269],
 [ 0.4303785 , -7.78537536],
 [ 0.4152228 , -8.0294035 ],
 [ 0.43162931, -7.76384325],
 [ 0.4212506 , -7.93026915],
 [ 0.43946694, -7.64855843],
 [ 0.43095499, -7.75064747],
 [ 0.42250881, -7.88715909],
 [ 0.41917321, -7.95198873],
 [ 0.4386607 , -7.64458232],
 [ 0.45106353, -7.45080653],
 [ 0.4390646 , -7.65782163],
 [ 0.43209808, -7.75597155],
 [ 0.42281089, -7.93376307],
 [ 0.44291917, -7.57307121],
 [ 0.4236092 , -7.86762308],
 [ 0.42586391, -7.85452366],
 [ 0.42019093, -7.93576434],
 [ 0.42471153, -7.85384249],
 [ 0.41509333, -8.03441269],
 [ 0.44241007, -7.58238573],
 [ 0.43855323, -7.6334421 ],
 [ 0.44361914, -7.58419255],
 [ 0.43554455, -7.70706374],
 [ 0.4261747 , -7.84453578],
 [ 0.42602652, -7.84464522],
 [ 0.42224756, -7.89531028],
 [ 0.41896707, -7.97308312],
 [ 0.42372969, -7.87974969],
 [ 0.42871036, -7.82042937],
 [ 0.42751733, -7.86083596],
 [ 0.4238436 , -7.89632526],
 [ 0.43796042, -7.63823947],
 [ 0.45136293, -7.44095274],
 [ 0.42844775, -7.80890731],
 [ 0.42564407, -7.84675468],
 [ 0.42220162, -7.91348099],
 [ 0.43400682, -7.74436195],
 [ 0.42712424, -7.82147111],
 [ 0.43405847, -7.70060531],
 [ 0.43441372, -7.74404305],
 [ 0.43726743, -7.66841958],
 [ 0.43709101, -7.66619839],
 [ 0.43921015, -7.64591321],
 [ 0.4301477 , -7.75960093],
 [ 0.44661028, -7.5376626 ],
 [ 0.42887586, -7.78747999],
 [ 0.42251307, -7.89258311],
 [ 0.4422452 , -7.57142376],
 [ 0.43495959, -7.7420648 ],
 [ 0.44478143, -7.54792014],
 [ 0.42885368, -7.81637267],
 [ 0.41635411, -8.01211481],
 [ 0.42801133, -7.80831126],
 [ 0.43342467, -7.74959081],
 [ 0.43861546, -7.65075251],
 [ 0.42918026, -7.78237809],
 [ 0.44180682, -7.5783166 ],
 [ 0.44075558, -7.61600445],
 [ 0.43189773, -7.75023665],
 [ 0.42674128, -7.84894426],
 [ 0.42974857, -7.7842543 ],
 [ 0.43843447, -7.63031191],
 [ 0.44869156, -7.48143624],
 [ 0.42679623, -7.79380505],
 [ 0.4219615 , -7.91870643],
 [ 0.41405588, -8.06821277],
 [ 0.42577824, -7.85446955],
 [ 0.44344063, -7.57904821],
 [ 0.41111763, -8.080909  ],
 [ 0.42606764, -7.84979162],
 [ 0.43631338, -7.67145913],
 [ 0.43572435, -7.68863138],
 [ 0.42528729, -7.86945762],
 [ 0.42994869, -7.78244213],
 [ 0.43254634, -7.74551272],
 [ 0.44268327, -7.56695207],
 [ 0.42154963, -7.92913584],
 [ 0.43775763, -7.62528161],
 [ 0.43151439, -7.76643185],
 [ 0.42651056, -7.83232235],
 [ 0.42578157, -7.8656452 ],
 [ 0.41973061, -7.94765743],
 [ 0.43481398, -7.69620492],
 [ 0.43716235, -7.67028987],
 [ 0.44542235, -7.54039922],
 [ 0.43729198, -7.65145292],
 [ 0.42725974, -7.83388107],
 [ 0.4293399 , -7.81353137],
 [ 0.43549712, -7.70589471],
 [ 0.42667102, -7.84791157],
 [ 0.41905111, -7.95278764],
 [ 0.43708627, -7.64235965],
 [ 0.42495839, -7.85415632],
 [ 0.43896358, -7.64031401],
 [ 0.43049755, -7.81435861],
 [ 0.42138298, -7.91644136],
 [ 0.43543548, -7.71167688],
 [ 0.42103089, -7.94762229],
 [ 0.42916772, -7.82864057],
 [ 0.42419888, -7.86820678],
 [ 0.42644889, -7.84754013],
 [ 0.43795283, -7.6755897 ],
 [ 0.43384359, -7.71891911],
 [ 0.43715336, -7.66485299],
 [ 0.42380293, -7.85309772],
 [ 0.4312604 , -7.76060685],
 [ 0.43914722, -7.65843164],
 [ 0.4286331 , -7.79385129],
 [ 0.43611925, -7.70123383],
 [ 0.43458045, -7.69742945],
 [ 0.42285115, -7.92272557],
 [ 0.43120906, -7.76016685],
 [ 0.4312203 , -7.73902989],
 [ 0.42336441, -7.88600869],
 [ 0.42701316, -7.82333427],
 [ 0.42374109, -7.87467921],
 [ 0.43168551, -7.75829318],
 [ 0.43940854, -7.65567566],
 [ 0.43240847, -7.75422768],
 [ 0.43786558, -7.63498279],
 [ 0.43189356, -7.73696985],
 [ 0.42442144, -7.88550418],
 [ 0.41996842, -7.94862462],
 [ 0.42811291, -7.78171981],
 [ 0.42386073, -7.87897254],
 [ 0.42418344, -7.87300079],
 [ 0.43570633, -7.69396215],
 [ 0.43455221, -7.73846868],
 [ 0.43605601, -7.6912394 ],
 [ 0.43284507, -7.76234093],
 [ 0.4376812 , -7.67417975],
 [ 0.43670466, -7.67600307],
 [ 0.42885649, -7.77876536],
 [ 0.42746862, -7.81858813],
 [ 0.42865834, -7.80455651],
 [ 0.44102994, -7.59062661],
 [ 0.42241088, -7.90341672],
 [ 0.4265896 , -7.87491061],
 [ 0.42777124, -7.80541382],
 [ 0.42726641, -7.81923838],
 [ 0.42842395, -7.80412772],
 [ 0.43167501, -7.7497402 ],
 [ 0.42748913, -7.82210331],
 [ 0.43554362, -7.68635851],
 [ 0.4256897 , -7.83594053],
 [ 0.4350225 , -7.69724741],
 [ 0.43159216, -7.73990687],
 [ 0.44206738, -7.61421763],
 [ 0.41600963, -8.0065669 ],
 [ 0.44692444, -7.50969608],
 [ 0.41117916, -8.05498002],
 [ 0.42971012, -7.77665451],
 [ 0.42720112, -7.82040134],
 [ 0.43037958, -7.79192857],
 [ 0.42798722, -7.81693845],
 [ 0.43666728, -7.64598369],
 [ 0.43877071, -7.65903005],
 [ 0.44009247, -7.62397116],
 [ 0.4282613 , -7.78971603],
 [ 0.43027389, -7.79924451],
 [ 0.428925  , -7.80157242],
 [ 0.43352797, -7.72974381],
 [ 0.43492076, -7.69808125],
 [ 0.43408895, -7.71750662],
 [ 0.43733986, -7.6939901 ],
 [ 0.43059802, -7.75797754],
 [ 0.43645053, -7.67104675],
 [ 0.43005652, -7.77775277],
 [ 0.43055733, -7.77247227],
 [ 0.42544436, -7.89273998],
 [ 0.43493333, -7.70549902],
 [ 0.43739743, -7.67364632],
 [ 0.43619673, -7.68213349],
 [ 0.42680536, -7.82579386],
 [ 0.43463412, -7.70834502],
 [ 0.4367248 , -7.64861477],
 [ 0.42323728, -7.88447169],
 [ 0.43119535, -7.77588014],
 [ 0.43298997, -7.75321688],
 [ 0.43520238, -7.71067533],
 [ 0.43174942, -7.74804185],
 [ 0.43910734, -7.63612226],
 [ 0.43583189, -7.66364727],
 [ 0.41867096, -7.95572384],
 [ 0.43154694, -7.76528556],
 [ 0.42996362, -7.77580357],
 [ 0.42844011, -7.81661841],
 [ 0.42284388, -7.88899561],
 [ 0.42410425, -7.89969595],
 [ 0.43772416, -7.63179884],
 [ 0.43570982, -7.70024069],
 [ 0.42616003, -7.84757072],
 [ 0.43558447, -7.66919205],
 [ 0.42970493, -7.76019851],
 [ 0.44243609, -7.58200439],
 [ 0.43054177, -7.79615676],
 [ 0.43538224, -7.70983088],
 [ 0.43820403, -7.63759439],
 [ 0.42460369, -7.88843635],
 [ 0.419695  , -7.92423551],
 [ 0.42730171, -7.82930453],
 [ 0.43435221, -7.72881774],
 [ 0.43181294, -7.75702781],
 [ 0.43764813, -7.66121634],
 [ 0.427993  , -7.80150949],
 [ 0.44206554, -7.57862188],
 [ 0.42559946, -7.86151871],
 [ 0.43711449, -7.67872436],
 [ 0.43668798, -7.68965113],
 [ 0.41720816, -7.96509694],
 [ 0.42308166, -7.90399318],
 [ 0.41751524, -7.97911542],
 [ 0.43130333, -7.76389391],
 [ 0.42820945, -7.80464427],
 [ 0.41958354, -7.91910832],
 [ 0.43089219, -7.77771325],
 [ 0.42449534, -7.86164682],
 [ 0.41971755, -7.94416596],
 [ 0.43633133, -7.66559019],
 [ 0.44161915, -7.59237431],
 [ 0.42499903, -7.8597811 ],
 [ 0.4212702 , -7.93416984],
 [ 0.43657936, -7.67394493],
 [ 0.42248369, -7.90490271],
 [ 0.42456799, -7.84624595],
 [ 0.42645864, -7.83351816],
 [ 0.4281175 , -7.79476939],
 [ 0.42923631, -7.80456557],
 [ 0.44003172, -7.62697384],
 [ 0.42997106, -7.79181053],
 [ 0.4314026 , -7.77091065],
 [ 0.43031231, -7.78522583],
 [ 0.43891067, -7.64178746],
 [ 0.42990126, -7.78059963],
 [ 0.43823994, -7.67529659],
 [ 0.42113708, -7.94886965],
 [ 0.43543119, -7.72509759],
 [ 0.42589543, -7.88960562],
 [ 0.43872559, -7.62784547],
 [ 0.43613272, -7.71651201],
 [ 0.42905712, -7.80608642],
 [ 0.42842791, -7.7777214 ],
 [ 0.42531115, -7.81807683],
 [ 0.4384533 , -7.64523248],
 [ 0.43617571, -7.65731635],
 [ 0.42883989, -7.81983117],
 [ 0.43704822, -7.67172806],
 [ 0.41765784, -8.00022412],
 [ 0.42797432, -7.8253723 ],
 [ 0.42995499, -7.77266307],
 [ 0.42980309, -7.86082628],
 [ 0.42949532, -7.78849867],
 [ 0.44031374, -7.61675707],
 [ 0.43419249, -7.7147231 ],
 [ 0.42703536, -7.79101006],
 [ 0.43994162, -7.62725719],
 [ 0.41792455, -7.97497482],
 [ 0.4240765 , -7.8828989 ],
 [ 0.43335798, -7.75178537],
 [ 0.42080084, -7.93403384],
 [ 0.44043612, -7.64663346],
 [ 0.44260908, -7.56809383],
 [ 0.43920006, -7.60789743],
 [ 0.44323921, -7.57907848],
 [ 0.42823808, -7.79814057],
 [ 0.43948511, -7.62142632],
 [ 0.42505248, -7.87993571],
 [ 0.42657606, -7.84156751],
 [ 0.43496445, -7.72525427],
 [ 0.43170912, -7.78419408],
 [ 0.42855271, -7.81558828],
 [ 0.43060197, -7.78082467],
 [ 0.42329989, -7.88770802],
 [ 0.42705263, -7.81615128],
 [ 0.42007995, -7.95123833],
 [ 0.43373095, -7.73787406],
 [ 0.43848126, -7.64072546],
 [ 0.43627572, -7.69018366],
 [ 0.43925202, -7.6077759 ],
 [ 0.41893533, -7.97542571],
 [ 0.42964326, -7.78837764],
 [ 0.43196226, -7.74922046],
 [ 0.42709833, -7.81131847],
 [ 0.44165482, -7.59207166],
 [ 0.41740797, -7.98597216],
 [ 0.43550447, -7.68058081],
 [ 0.4358458 , -7.67617728],
 [ 0.44513846, -7.55297061],
 [ 0.42043437, -7.95157922],
 [ 0.42450634, -7.88820633],
 [ 0.4351335 , -7.71466365],
 [ 0.4376761 , -7.65480677],
 [ 0.41594502, -8.00459113],
 [ 0.43116462, -7.77932027],
 [ 0.43310674, -7.74249594],
 [ 0.44527425, -7.54072746],
 [ 0.43379843, -7.73950305],
 [ 0.43468319, -7.68902227],
 [ 0.44177764, -7.57394579],
 [ 0.43318148, -7.72993092],
 [ 0.43193458, -7.74366804],
 [ 0.43314125, -7.73135704],
 [ 0.4502311 , -7.4377076 ],
 [ 0.43015452, -7.78483906],
 [ 0.42599361, -7.83291313],
 [ 0.44005205, -7.61337667],
 [ 0.42775857, -7.80483204],
 [ 0.42767439, -7.8283148 ],
 [ 0.42656216, -7.82452361],
 [ 0.43654302, -7.65737504],
 [ 0.4219382 , -7.9065109 ],
 [ 0.42370483, -7.89072424],
 [ 0.42954996, -7.78713657],
 [ 0.4251452 , -7.86108386],
 [ 0.41979237, -7.96857638],
 [ 0.43029489, -7.7632626 ],
 [ 0.43740852, -7.65640747],
 [ 0.42968266, -7.78994497],
 [ 0.4246473 , -7.8702221 ],
 [ 0.42881701, -7.7929907 ],
 [ 0.42755653, -7.82936177],
 [ 0.4376141 , -7.66108426],
 [ 0.44078937, -7.61333797],
 [ 0.43633791, -7.66985224],
 [ 0.42398082, -7.86977417],
 [ 0.43038347, -7.76617976],
 [ 0.42415881, -7.88100892],
 [ 0.42798383, -7.81859895],
 [ 0.42864304, -7.83590861],
 [ 0.4254666 , -7.83773214],
 [ 0.42719786, -7.83484715],
 [ 0.42570865, -7.83207226],
 [ 0.43622112, -7.67908649],
 [ 0.4381021 , -7.65882057],
 [ 0.44361428, -7.55023467],
 [ 0.43579564, -7.6962317 ],
 [ 0.41979197, -7.93571512],
 [ 0.4273205 , -7.83443414],
 [ 0.41901354, -7.95766758],
 [ 0.42655301, -7.82840902],
 [ 0.42028856, -7.93802031],
 [ 0.42164806, -7.89816146],
 [ 0.43327348, -7.71005819],
 [ 0.43224815, -7.72051639],
 [ 0.43673702, -7.68640765],
 [ 0.43167904, -7.7516482 ],
 [ 0.42973962, -7.77301013],
 [ 0.41768366, -7.96746707],
 [ 0.43484192, -7.68772245],
 [ 0.42539285, -7.85182975],
 [ 0.43418773, -7.71509995],
 [ 0.43317414, -7.73989105],
 [ 0.43205616, -7.73003754],
 [ 0.43844358, -7.64284876],
 [ 0.43238372, -7.73105666],
 [ 0.4372486 , -7.67572819],
 [ 0.42427119, -7.88092151],
 [ 0.43416356, -7.70972305],
 [ 0.43439554, -7.70469056],
 [ 0.43752264, -7.64107047],
 [ 0.42497908, -7.85364152],
 [ 0.42982837, -7.78704927],
 [ 0.4276921 , -7.81522844],
 [ 0.43012737, -7.77301793],
 [ 0.40965002, -8.11067973],
 [ 0.43971353, -7.62244892],
 [ 0.42683304, -7.83469306],
 [ 0.43038013, -7.79558227],
 [ 0.43161325, -7.76642024],
 [ 0.42067312, -7.94909794],
 [ 0.43487914, -7.67533197],
 [ 0.42235151, -7.88783383],
 [ 0.43449528, -7.7058826 ],
 [ 0.42317549, -7.8873874 ],
 [ 0.42740789, -7.84024209],
 [ 0.42752866, -7.80669065],
 [ 0.42149133, -7.92185397],
 [ 0.41667601, -7.99575721],
 [ 0.43535605, -7.70330552],
 [ 0.42880506, -7.80597336],
 [ 0.43424837, -7.71918791],
 [ 0.42247006, -7.87648114],
 [ 0.43008152, -7.78383884],
 [ 0.42580381, -7.82074598],
 [ 0.43517635, -7.69012021],
 [ 0.43245541, -7.72881895],
 [ 0.4370676 , -7.68694685],
 [ 0.43202848, -7.755348  ],
 [ 0.42124544, -7.94180882],
 [ 0.42829188, -7.80005008],
 [ 0.43400441, -7.74447482],
 [ 0.4199251 , -7.92947645],
 [ 0.41869392, -7.95576592],
 [ 0.43601474, -7.66183068],
 [ 0.42357053, -7.88254183],
 [ 0.4389581 , -7.63456351],
 [ 0.43771718, -7.64645915],
 [ 0.41740179, -7.95155564],
 [ 0.43026344, -7.78615973],
 [ 0.44257688, -7.58218633],
 [ 0.43061618, -7.76213523],
 [ 0.43107205, -7.79256411],
 [ 0.43782641, -7.63944755],
 [ 0.42385882, -7.86786981],
 [ 0.41388423, -8.03935692],
 [ 0.42674233, -7.81463809],
 [ 0.43160146, -7.74631049],
 [ 0.42460744, -7.87474489],
 [ 0.42836676, -7.824435  ],
 [ 0.43532056, -7.6986048 ],
 [ 0.43390971, -7.7065302 ],
 [ 0.4427472 , -7.56419356],
 [ 0.42440069, -7.86366825],
 [ 0.43715965, -7.66746351],
 [ 0.43206248, -7.7457723 ],
 [ 0.43146326, -7.7771539 ],
 [ 0.4366538 , -7.67826301],
 [ 0.44213959, -7.60136417],
 [ 0.43183921, -7.77179893],
 [ 0.42368237, -7.90988987],
 [ 0.4276408 , -7.81857304],
 [ 0.43235622, -7.72116768],
 [ 0.43288183, -7.75029608],
 [ 0.42385295, -7.86424887],
 [ 0.43388891, -7.73116961],
 [ 0.43397943, -7.70940966],
 [ 0.43008647, -7.78126845],
 [ 0.42861583, -7.79766827],
 [ 0.41661507, -7.98125352],
 [ 0.42589297, -7.85674409],
 [ 0.42487965, -7.86476101],
 [ 0.42960495, -7.78515876],
 [ 0.43098882, -7.7655747 ],
 [ 0.42371469, -7.89304643],
 [ 0.42441764, -7.85379095],
 [ 0.43698718, -7.67125395],
 [ 0.42570458, -7.85832674],
 [ 0.43013142, -7.7622186 ],
 [ 0.42678927, -7.82710172],
 [ 0.42072311, -7.94189026],
 [ 0.41495791, -8.01569694],
 [ 0.42880981, -7.80496575],
 [ 0.41036636, -8.11461974],
 [ 0.43579483, -7.68552776],
 [ 0.42737774, -7.81598205],
 [ 0.44065171, -7.59923549],
 [ 0.42107795, -7.92435157],
 [ 0.42692001, -7.81549282],
 [ 0.43129728, -7.78407708],
 [ 0.43022546, -7.79618285],
 [ 0.42929612, -7.81428206],
 [ 0.42586935, -7.85057626],
 [ 0.42854016, -7.79060589],
 [ 0.43376179, -7.72221048],
 [ 0.42815989, -7.80133214],
 [ 0.43217037, -7.73131419],
 [ 0.44209679, -7.60178929],
 [ 0.43417502, -7.7143332 ],
 [ 0.42292901, -7.89266706],
 [ 0.4317725 , -7.7611576 ],
 [ 0.4356018 , -7.66838688],
 [ 0.41371529, -8.05551756],
 [ 0.44676788, -7.55341562],
 [ 0.42772052, -7.818786  ],
 [ 0.42818428, -7.83268622],
 [ 0.42505595, -7.86345291],
 [ 0.42926895, -7.79799317],
 [ 0.43725074, -7.65846396],
 [ 0.42196642, -7.90124419],
 [ 0.42297688, -7.9190738 ],
 [ 0.42296958, -7.92121328],
 [ 0.43076384, -7.76002874],
 [ 0.42448898, -7.87128013],
 [ 0.43097749, -7.78413115],
 [ 0.4254643 , -7.86261873],
 [ 0.42553141, -7.86041448],
 [ 0.42865945, -7.81990868],
 [ 0.42695738, -7.83586934],
 [ 0.42275424, -7.90705869],
 [ 0.42265679, -7.87416666],
 [ 0.42177165, -7.91186869],
 [ 0.43164049, -7.773041  ],
 [ 0.42820984, -7.81679755],
 [ 0.43590865, -7.69658545],
 [ 0.43124192, -7.75911689],
 [ 0.44164316, -7.59882439],
 [ 0.4219458 , -7.95418598],
 [ 0.44059687, -7.5894781 ],
 [ 0.4366093 , -7.67951568],
 [ 0.43906928, -7.67070215],
 [ 0.43006044, -7.771026  ],
 [ 0.4336037 , -7.73701972],
 [ 0.44383084, -7.54133661],
 [ 0.42121598, -7.90086482],
 [ 0.42443469, -7.86081837],
 [ 0.42554355, -7.87033008],
 [ 0.42907655, -7.81725723],
 [ 0.43536609, -7.72108264],
 [ 0.4225606 , -7.90826123],
 [ 0.4330406 , -7.72937705],
 [ 0.43835763, -7.65679992],
 [ 0.42976281, -7.77242443],
 [ 0.42924326, -7.77720842],
 [ 0.4412584 , -7.60581567],
 [ 0.42885135, -7.79623374],
 [ 0.43472953, -7.71592741],
 [ 0.43798343, -7.62385681],
 [ 0.44635557, -7.55940388],
 [ 0.44056026, -7.60786159],
 [ 0.43211681, -7.73358978],
 [ 0.43302862, -7.70855722],
 [ 0.43067815, -7.73634122],
 [ 0.43216393, -7.72855507],
 [ 0.42156572, -7.93404422],
 [ 0.4335823 , -7.72254476],
 [ 0.43189881, -7.77284217],
 [ 0.43189016, -7.75239775],
 [ 0.43250752, -7.7461059 ],
 [ 0.43082596, -7.77466353],
 [ 0.4319301 , -7.75969393],
 [ 0.42720026, -7.82908784],
 [ 0.42866992, -7.83371787],
 [ 0.43672834, -7.67263135],
 [ 0.42181246, -7.89703036],
 [ 0.43414674, -7.70685536],
 [ 0.43558099, -7.67984608],
 [ 0.42710561, -7.84077094],
 [ 0.4291779 , -7.78807441],
 [ 0.41890443, -7.95994907],
 [ 0.43086271, -7.77558301],
 [ 0.43755435, -7.63986076],
 [ 0.4342505 , -7.70767358],
 [ 0.43310726, -7.72894802],
 [ 0.42941578, -7.78489687],
 [ 0.42992508, -7.80063858],
 [ 0.41810859, -7.95702077],
 [ 0.4286564 , -7.79933786],
 [ 0.42450469, -7.85494655],
 [ 0.42325515, -7.88162287],
 [ 0.42709884, -7.86162644],
 [ 0.42832601, -7.8057089 ],
 [ 0.44510468, -7.53058318],
 [ 0.41230419, -8.05221253],
 [ 0.43272098, -7.75551506],
 [ 0.43116807, -7.75080975],
 [ 0.43166748, -7.75251779],
 [ 0.43689745, -7.65295703],
 [ 0.43891638, -7.63594141],
 [ 0.43665925, -7.67061677],
 [ 0.42739257, -7.80429065],
 [ 0.4292953 , -7.79816669],
 [ 0.42112788, -7.95300613],
 [ 0.42539285, -7.84435347],
 [ 0.4360511 , -7.68788915],
 [ 0.42973155, -7.7984418 ],
 [ 0.43258976, -7.74113721],
 [ 0.4348143 , -7.72773167],
 [ 0.44334543, -7.59927521],
 [ 0.43302929, -7.73980508],
 [ 0.43302419, -7.73762425],
 [ 0.43424324, -7.71434149],
 [ 0.42905302, -7.78924111],
 [ 0.43549646, -7.64939186],
 [ 0.42379927, -7.90062935],
 [ 0.4313369 , -7.77032924],
 [ 0.43646031, -7.69230642],
 [ 0.42873743, -7.80492189],
 [ 0.43545835, -7.71433589],
 [ 0.43739491, -7.67862472],
 [ 0.4375988 , -7.65594399],
 [ 0.42672393, -7.82677733],
 [ 0.42866977, -7.81064591],
 [ 0.4234765 , -7.86585953],
 [ 0.43503574, -7.72187295],
 [ 0.42142252, -7.92284717],
 [ 0.42021899, -7.94325719],
 [ 0.42932379, -7.78932496],
 [ 0.43127441, -7.75897277],
 [ 0.43505237, -7.72861568],
 [ 0.41899927, -7.97005734],
 [ 0.42173137, -7.90884462],
 [ 0.42886585, -7.82051237],
 [ 0.43097594, -7.78590275],
 [ 0.43264031, -7.72004599],
 [ 0.43465638, -7.68843818],
 [ 0.42400382, -7.888333  ],
 [ 0.42428006, -7.90335828],
 [ 0.42643533, -7.85879203],
 [ 0.42371907, -7.89904798],
 [ 0.42690269, -7.82592254],
 [ 0.42262056, -7.93017552],
 [ 0.42697207, -7.83831846],
 [ 0.42624334, -7.83285896],
 [ 0.42542018, -7.82877973],
 [ 0.4465886 , -7.50824084],
 [ 0.44043648, -7.59846408],
 [ 0.42418949, -7.87632059],
 [ 0.42850927, -7.80816826],
 [ 0.4256041 , -7.86092117],
 [ 0.42468491, -7.87015064],
 [ 0.42858077, -7.79303722],
 [ 0.42687971, -7.83997341],
 [ 0.43491487, -7.71666561],
 [ 0.42163263, -7.95903306],
 [ 0.43472935, -7.7114257 ],
 [ 0.43939739, -7.6178528 ],
 [ 0.43335277, -7.70529303],
 [ 0.44159618, -7.6032412 ],
 [ 0.41948609, -7.93324561],
 [ 0.41369953, -8.03557431],
 [ 0.41665572, -7.99887488],
 [ 0.42981843, -7.79673491],
 [ 0.43350307, -7.7217034 ],
 [ 0.42723946, -7.83065187],
 [ 0.42984921, -7.80751852],
 [ 0.42377276, -7.89184978],
 [ 0.4231576 , -7.92094667],
 [ 0.42435889, -7.87198182],
 [ 0.4344022 , -7.69296983],
 [ 0.43603977, -7.68880394],
 [ 0.42973012, -7.80479805],
 [ 0.43463732, -7.69559287],
 [ 0.43569678, -7.6856795 ],
 [ 0.42884707, -7.78338264],
 [ 0.42964191, -7.77363546],
 [ 0.43584388, -7.72051449],
 [ 0.43611995, -7.69025025],
 [ 0.42678297, -7.83569393],
 [ 0.43407585, -7.71645346],
 [ 0.43428307, -7.73237587],
 [ 0.43530385, -7.6945922 ],
 [ 0.42605112, -7.84825079],
 [ 0.43321665, -7.77134057],
 [ 0.43628927, -7.69292701],
 [ 0.43269704, -7.75339925],
 [ 0.41878717, -7.94356851],
 [ 0.42975984, -7.81560072],
 [ 0.43114478, -7.75801735],
 [ 0.44394797, -7.55829358],
 [ 0.43104038, -7.78111712],
 [ 0.43273289, -7.72391557],
 [ 0.45015098, -7.47646529],
 [ 0.42827486, -7.82492091],
 [ 0.43810992, -7.64929956],
 [ 0.42855009, -7.80233571],
 [ 0.43398697, -7.71242248],
 [ 0.4231914 , -7.90644998],
 [ 0.43573087, -7.68808436],
 [ 0.42305478, -7.90175516],
 [ 0.41602426, -8.00790249],
 [ 0.42441636, -7.87211562],
 [ 0.43941095, -7.63625959],
 [ 0.44364855, -7.58041727],
 [ 0.44781882, -7.5114645 ],
 [ 0.42703858, -7.81558058],
 [ 0.44413763, -7.52150585],
 [ 0.41552577, -8.0320812 ],
 [ 0.42109433, -7.91952775],
 [ 0.43495935, -7.71862589],
 [ 0.42495596, -7.88999885],
 [ 0.42892726, -7.80295193],
 [ 0.42284591, -7.88565549],
 [ 0.43541544, -7.69038762],
 [ 0.42180451, -7.91338772],
 [ 0.43222292, -7.75002209],
 [ 0.43384245, -7.71956268],
 [ 0.43306738, -7.76487731],
 [ 0.43289555, -7.74571406],
 [ 0.41392259, -8.06367765],
 [ 0.44657406, -7.51916638],
 [ 0.42858765, -7.81022572],
 [ 0.4351283 , -7.69141654],
 [ 0.43372449, -7.71797528],
 [ 0.43717477, -7.65060844],
 [ 0.42948421, -7.79052874],
 [ 0.43801668, -7.63942796],
 [ 0.43694457, -7.66554842],
 [ 0.43939152, -7.63194879],
 [ 0.43648509, -7.68955881],
 [ 0.42380863, -7.88052059],
 [ 0.42997234, -7.79588201],
 [ 0.43182282, -7.74209729],
 [ 0.43362097, -7.73474861],
 [ 0.42843012, -7.79549478],
 [ 0.42460525, -7.89419697],
 [ 0.4324876 , -7.74869199],
 [ 0.44133234, -7.60739075],
 [ 0.43993794, -7.63219045],
 [ 0.42381317, -7.86712427],
 [ 0.43655637, -7.67144101],
 [ 0.41523805, -8.01396532],
 [ 0.41413437, -8.03885769],
 [ 0.42636028, -7.8622628 ],
 [ 0.42929068, -7.80874354],
 [ 0.43420908, -7.71713629],
 [ 0.42879045, -7.79122906],
 [ 0.43707401, -7.6656917 ],
 [ 0.42588596, -7.82783416],
 [ 0.42668651, -7.81196929],
 [ 0.42531681, -7.8490593 ],
 [ 0.4208306 , -7.89926418],
 [ 0.42622034, -7.84165368],
 [ 0.42794818, -7.81284118],
 [ 0.42811924, -7.81217673],
 [ 0.43250856, -7.7343829 ],
 [ 0.4206279 , -7.92519984],
 [ 0.43228469, -7.72580623],
 [ 0.4337818 , -7.71375938],
 [ 0.43953345, -7.61863664],
 [ 0.4156552 , -8.00458931],
 [ 0.43305696, -7.75122222],
 [ 0.43178919, -7.76081574],
 [ 0.42050221, -7.93856585],
 [ 0.42863444, -7.8050587 ],
 [ 0.42962432, -7.79436466],
 [ 0.43559147, -7.68837228],
 [ 0.42615155, -7.86329978],
 [ 0.42688883, -7.83097876],
 [ 0.40667933, -8.15959647],
 [ 0.43016278, -7.78471229],
 [ 0.42939047, -7.79003497],
 [ 0.43598748, -7.70269269],
 [ 0.43005894, -7.75782675],
 [ 0.42846244, -7.80082417],
 [ 0.43586073, -7.68096044],
 [ 0.4412686 , -7.58895083],
 [ 0.44529765, -7.5380876 ],
 [ 0.42889065, -7.77432302],
 [ 0.4330378 , -7.72923098],
 [ 0.43344027, -7.74700815],
 [ 0.42817626, -7.79711568],
 [ 0.43037351, -7.79147378],
 [ 0.42621526, -7.82713041],
 [ 0.42459613, -7.8745564 ],
 [ 0.43030124, -7.76553813],
 [ 0.41812443, -7.97330886],
 [ 0.4291974 , -7.78919295],
 [ 0.42939368, -7.78966309],
 [ 0.42605241, -7.85408976],
 [ 0.43745609, -7.68569698],
 [ 0.44286783, -7.55887831],
 [ 0.43609843, -7.69205264],
 [ 0.42676516, -7.82375288],
 [ 0.43425814, -7.68664922],
 [ 0.41701938, -8.01600225],
 [ 0.43227862, -7.74382147],
 [ 0.44221807, -7.57891878],
 [ 0.43067555, -7.76965225],
 [ 0.43681397, -7.70598347],
 [ 0.43999623, -7.6356045 ],
 [ 0.42372828, -7.87722455],
 [ 0.43073508, -7.73070714],
 [ 0.42545364, -7.85406276],
 [ 0.42509153, -7.86251106],
 [ 0.42572251, -7.84684339],
 [ 0.41805978, -7.97854123],
 [ 0.42972461, -7.77474465],
 [ 0.42448176, -7.86867559],
 [ 0.4279981 , -7.84230911],
 [ 0.43233219, -7.76130865],
 [ 0.42934197, -7.78449228],
 [ 0.43455177, -7.7013021 ],
 [ 0.42799   , -7.82825656],
 [ 0.43425795, -7.72157641],
 [ 0.44151583, -7.6022327 ],
 [ 0.43164209, -7.75487096],
 [ 0.42975402, -7.78646021],
 [ 0.4277426 , -7.81709133],
 [ 0.43865757, -7.66370029],
 [ 0.43740166, -7.65159483],
 [ 0.43034979, -7.76239   ],
 [ 0.41690414, -7.98673077],
 [ 0.41861177, -7.94070337],
 [ 0.43557375, -7.67857733],
 [ 0.42365147, -7.88632969],
 [ 0.41519093, -8.01435841],
 [ 0.42309615, -7.87876171],
 [ 0.43499856, -7.69010905],
 [ 0.44985751, -7.48305387],
 [ 0.42599643, -7.83391129],
 [ 0.42084031, -7.93912261],
 [ 0.43247624, -7.72752766],
 [ 0.42781719, -7.82670187],
 [ 0.43134851, -7.78863511],
 [ 0.44116256, -7.61918307],
 [ 0.43869214, -7.65015693],
 [ 0.43642955, -7.69183724],
 [ 0.42215167, -7.91943168],
 [ 0.43070388, -7.77668465],
 [ 0.43063809, -7.77496343],
 [ 0.4304471 , -7.76310339],
 [ 0.42806787, -7.80634565],
 [ 0.43381472, -7.74024935],
 [ 0.4301531 , -7.78714109],
 [ 0.42572134, -7.86836669],
 [ 0.42382982, -7.90089575],
 [ 0.43993888, -7.62198954],
 [ 0.42213439, -7.93205204],
 [ 0.43177426, -7.74487181],
 [ 0.43585241, -7.67185683],
 [ 0.41901314, -7.98809983],
 [ 0.44332387, -7.54135893],
 [ 0.42755184, -7.82955782],
 [ 0.43283044, -7.7436789 ],
 [ 0.43428521, -7.70982723],
 [ 0.4338786 , -7.73068752],
 [ 0.42566811, -7.85535273],
 [ 0.44208195, -7.57947711],
 [ 0.43356056, -7.72120492],
 [ 0.42752226, -7.8307979 ],
 [ 0.42397129, -7.89616927],
 [ 0.44314982, -7.5793972 ],
 [ 0.43035451, -7.7677832 ],
 [ 0.42704178, -7.83380301],
 [ 0.42999523, -7.77852726],
 [ 0.42743993, -7.83965187],
 [ 0.43119944, -7.75149196],
 [ 0.42227257, -7.92674968],
 [ 0.43044463, -7.78809198],
 [ 0.4272336 , -7.82610428],
 [ 0.43466786, -7.71958932],
 [ 0.43676792, -7.6966182 ],
 [ 0.43606248, -7.66855112],
 [ 0.43317419, -7.76160389],
 [ 0.43586711, -7.7046033 ],
 [ 0.43929159, -7.62703326],
 [ 0.43016692, -7.79244079],
 [ 0.42084451, -7.91277535],
 [ 0.42377173, -7.84387715],
 [ 0.42433605, -7.86324037],
 [ 0.42897065, -7.79255263],
 [ 0.43307887, -7.72849839],
 [ 0.43058577, -7.79454598],
 [ 0.42680815, -7.82452602],
 [ 0.43237998, -7.75279293],
 [ 0.42965086, -7.78414128],
 [ 0.42714881, -7.82733489],
 [ 0.43127428, -7.75289375],
 [ 0.4431418 , -7.57550356],
 [ 0.42453814, -7.88899688],
 [ 0.43370801, -7.72101497],
 [ 0.42964186, -7.78627686],
 [ 0.44052461, -7.61419389],
 [ 0.43741328, -7.65869156],
 [ 0.42866311, -7.78732337],
 [ 0.43351458, -7.72490198],
 [ 0.42555414, -7.86800871],
 [ 0.42923597, -7.78925756],
 [ 0.42765805, -7.8299573 ],
 [ 0.42582046, -7.83764984],
 [ 0.43305591, -7.7214279 ],
 [ 0.42256971, -7.9156843 ],
 [ 0.43358715, -7.74430006],
 [ 0.42599246, -7.82444808],
 [ 0.43378652, -7.6948115 ],
 [ 0.42830861, -7.81433988],
 [ 0.42121167, -7.93049205],
 [ 0.42889688, -7.81014386],
 [ 0.43499391, -7.68772854],
 [ 0.44369171, -7.56016928],
 [ 0.42213206, -7.92018219],
 [ 0.43401654, -7.72074389],
 [ 0.44510345, -7.55232713],
 [ 0.43649484, -7.66402403],
 [ 0.4290833 , -7.79832859],
 [ 0.43272042, -7.73231998],
 [ 0.42755683, -7.80959964],
 [ 0.4370221 , -7.64886632],
 [ 0.43206463, -7.73417218],
 [ 0.43496792, -7.71234161],
 [ 0.43241779, -7.75585465],
 [ 0.40909485, -8.10837981],
 [ 0.435173  , -7.70659081],
 [ 0.42764231, -7.84209364],
 [ 0.42777972, -7.79470473],
 [ 0.42332055, -7.90944159],
 [ 0.4346019 , -7.7123286 ],
 [ 0.44895946, -7.5131344 ],
 [ 0.4336973 , -7.73039072],
 [ 0.4313309 , -7.79384652],
 [ 0.43418548, -7.70949026],
 [ 0.43472498, -7.6935213 ],
 [ 0.43302725, -7.71936048],
 [ 0.42939197, -7.79969404],
 [ 0.43760239, -7.66793972],
 [ 0.42910331, -7.7892688 ],
 [ 0.43607928, -7.69522196],
 [ 0.43217154, -7.75327535],
 [ 0.42113051, -7.92163179],
 [ 0.42112656, -7.92545608],
 [ 0.42219139, -7.9084372 ],
 [ 0.42191733, -7.90436524],
 [ 0.43538898, -7.70842689],
 [ 0.42877691, -7.79227474],
 [ 0.42048603, -7.91137445],
 [ 0.43255517, -7.77273977],
 [ 0.4271479 , -7.83651596],
 [ 0.43437204, -7.69403909],
 [ 0.42493311, -7.8513932 ],
 [ 0.43335296, -7.71312068],
 [ 0.4319749 , -7.76370865],
 [ 0.42599174, -7.81840635],
 [ 0.43983884, -7.63023708],
 [ 0.42718815, -7.83171656],
 [ 0.42574523, -7.84542058],
 [ 0.42226739, -7.89853528],
 [ 0.42133825, -7.93630115],
 [ 0.41974334, -7.93768726],
 [ 0.41889163, -7.96381081],
 [ 0.43381128, -7.72797376],
 [ 0.42867421, -7.8045689 ],
 [ 0.42067421, -7.94125076],
 [ 0.43629381, -7.66452542],
 [ 0.42237299, -7.90290698],
 [ 0.41257448, -8.07528293],
 [ 0.42588875, -7.82400312],
 [ 0.43339619, -7.7334111 ],
 [ 0.42957721, -7.76612543],
 [ 0.43548255, -7.69193883],
 [ 0.43617174, -7.67291166],
 [ 0.45334551, -7.38411774],
 [ 0.41745092, -8.00022732],
 [ 0.43539564, -7.71108039],
 [ 0.43384159, -7.70587149],
 [ 0.43132696, -7.76035052],
 [ 0.42575822, -7.85948991],
 [ 0.43770581, -7.66993607],
 [ 0.42360489, -7.87579741],
 [ 0.4334034 , -7.70974643],
 [ 0.44209359, -7.58586816],
 [ 0.41760884, -7.99251502],
 [ 0.41993078, -7.95517614],
 [ 0.43446861, -7.70380035],
 [ 0.42708998, -7.81705402],
 [ 0.43732579, -7.68591342],
 [ 0.41873711, -7.96687583],
 [ 0.43119822, -7.74327922],
 [ 0.43687497, -7.68841578],
 [ 0.42913516, -7.80200245],
 [ 0.43659522, -7.69119565],
 [ 0.43008328, -7.78232233],
 [ 0.43376331, -7.7084017 ],
 [ 0.42623152, -7.84142308],
 [ 0.42908568, -7.80227297],
 [ 0.44641238, -7.54818007],
 [ 0.41889198, -7.96404311],
 [ 0.45075018, -7.44001656],
 [ 0.42552968, -7.8551251 ],
 [ 0.42385406, -7.84180903],
 [ 0.43922451, -7.6364909 ],
 [ 0.42707616, -7.8214963 ],
 [ 0.41770317, -7.95095838],
 [ 0.42865791, -7.81014619],
 [ 0.42990539, -7.77578788],
 [ 0.44698198, -7.51665749],
 [ 0.44015139, -7.63784107],
 [ 0.4427473 , -7.55470769],
 [ 0.43236964, -7.70702538],
 [ 0.43317151, -7.75489041],
 [ 0.42077281, -7.94196541],
 [ 0.43398835, -7.72204986],
 [ 0.42742114, -7.8024176 ],
 [ 0.43038535, -7.75138941],
 [ 0.43646876, -7.66536875],
 [ 0.44592663, -7.52593854],
 [ 0.42870438, -7.80947451],
 [ 0.42377924, -7.87447709],
 [ 0.42839623, -7.79101613],
 [ 0.4308803 , -7.76169311],
 [ 0.427478  , -7.82128889],
 [ 0.4277664 , -7.8070503 ],
 [ 0.42611353, -7.84791667],
 [ 0.42980442, -7.77168357],
 [ 0.43376779, -7.7120806 ],
 [ 0.43022738, -7.79392526],
 [ 0.42321209, -7.92383874],
 [ 0.42270027, -7.92531941],
 [ 0.42947824, -7.76424191],
 [ 0.42713249, -7.81645801],
 [ 0.42552533, -7.86894199],
 [ 0.43518663, -7.73605309],
 [ 0.43169187, -7.76222257],
 [ 0.43224865, -7.75013546],
 [ 0.42216262, -7.90129923],
 [ 0.44846787, -7.51397397],
 [ 0.43023798, -7.78871952],
 [ 0.43427505, -7.72594402],
 [ 0.42019322, -7.96760685],
 [ 0.42514873, -7.87256365],
 [ 0.41916699, -7.96004674],
 [ 0.43159743, -7.75656565],
 [ 0.42262731, -7.90118543],
 [ 0.43428739, -7.71752295],
 [ 0.42898593, -7.81819098],
 [ 0.43180902, -7.7572106 ],
 [ 0.42136871, -7.93665717],
 [ 0.43174415, -7.78472691],
 [ 0.41430783, -8.04318858],
 [ 0.43551095, -7.69644543],
 [ 0.42915413, -7.77819558],
 [ 0.42659429, -7.83129008],
 [ 0.42811667, -7.82217409],
 [ 0.42263843, -7.93077815],
 [ 0.42769164, -7.80848594],
 [ 0.42574118, -7.85389364],
 [ 0.43076784, -7.74756305],
 [ 0.44026064, -7.63637877],
 [ 0.42468724, -7.88629471],
 [ 0.43358396, -7.725963  ],
 [ 0.43627186, -7.68927955],
 [ 0.42160722, -7.8896087 ],
 [ 0.43380228, -7.70472316],
 [ 0.42266371, -7.88149059],
 [ 0.43829435, -7.65508849],
 [ 0.42986834, -7.80601995],
 [ 0.42833437, -7.81265095],
 [ 0.42644368, -7.82137247],
 [ 0.43208827, -7.74133504],
 [ 0.43116577, -7.77540772],
 [ 0.43184369, -7.7654355 ],
 [ 0.42292854, -7.9203027 ],
 [ 0.42754265, -7.83241446],
 [ 0.41906985, -7.96844971],
 [ 0.42361473, -7.8748187 ],
 [ 0.42741384, -7.83641256],
 [ 0.43904079, -7.62317709],
 [ 0.42665148, -7.79373153],
 [ 0.43010795, -7.78583875],
 [ 0.42271126, -7.8882416 ],
 [ 0.4294864 , -7.81134823],
 [ 0.42710442, -7.8104187 ],
 [ 0.4344093 , -7.74115433],
 [ 0.42918975, -7.78378229],
 [ 0.42879528, -7.79836876],
 [ 0.42311318, -7.85960734],
 [ 0.4248807 , -7.87917283],
 [ 0.43154536, -7.74012764],
 [ 0.42789162, -7.83200499],
 [ 0.43506572, -7.69572376],
 [ 0.42102669, -7.92511614],
 [ 0.43187582, -7.76122952],
 [ 0.42083993, -7.92596881],
 [ 0.43412525, -7.71467043],
 [ 0.41975245, -7.946121  ],
 [ 0.43699333, -7.66109118],
 [ 0.42391297, -7.87506535],
 [ 0.43595287, -7.67979299],
 [ 0.41338783, -8.06838348],
 [ 0.43188837, -7.75203169],
 [ 0.4209024 , -7.93039888],
 [ 0.43310289, -7.74100245],
 [ 0.42282015, -7.90983123],
 [ 0.42998474, -7.78316646],
 [ 0.42847681, -7.81523388],
 [ 0.43299031, -7.74774624],
 [ 0.4369736 , -7.67867814],
 [ 0.42053993, -7.93283493],
 [ 0.44369644, -7.56323865],
 [ 0.43523822, -7.69756366],
 [ 0.4301841 , -7.80180678],
 [ 0.42646178, -7.83710532],
 [ 0.43694348, -7.66275509],
 [ 0.43933196, -7.63275215],
 [ 0.42423361, -7.87414503],
 [ 0.43925401, -7.60820336],
 [ 0.43217677, -7.7595854 ],
 [ 0.41860322, -7.972665  ],
 [ 0.4214598 , -7.91274835],
 [ 0.41563045, -8.01136404],
 [ 0.42605505, -7.84740643],
 [ 0.43993141, -7.61858586],
 [ 0.42972929, -7.8049798 ],
 [ 0.42593904, -7.86558021],
 [ 0.43670264, -7.69743728],
 [ 0.42190377, -7.91367614],
 [ 0.42613299, -7.89101221],
 [ 0.43385232, -7.73031596],
 [ 0.44022843, -7.60362461],
 [ 0.42936661, -7.79190221],
 [ 0.4400713 , -7.63085364],
 [ 0.43827879, -7.64899843],
 [ 0.42595537, -7.84440416],
 [ 0.42442647, -7.86028984],
 [ 0.43303154, -7.71213348],
 [ 0.42931008, -7.75448443],
 [ 0.43239574, -7.76052257],
 [ 0.43258614, -7.73350246],
 [ 0.43662278, -7.66491427],
 [ 0.42604542, -7.86168047],
 [ 0.42485101, -7.8804719 ],
 [ 0.43036045, -7.77747795],
 [ 0.42973914, -7.78347844],
 [ 0.43356225, -7.71703599],
 [ 0.4321335 , -7.742208  ],
 [ 0.43154099, -7.76594924],
 [ 0.4267225 , -7.81069466],
 [ 0.42077525, -7.92323836],
 [ 0.44117867, -7.613914  ],
 [ 0.43211241, -7.73462286],
 [ 0.42301519, -7.91030048],
 [ 0.43683976, -7.66302328],
 [ 0.42748498, -7.8335154 ],
 [ 0.43111242, -7.76411952],
 [ 0.42444684, -7.8652831 ],
 [ 0.42219186, -7.90635022],
 [ 0.43295062, -7.73844805],
 [ 0.42387523, -7.89574917],
 [ 0.435097  , -7.69412301],
 [ 0.42643916, -7.8365022 ],
 [ 0.44060011, -7.63036879],
 [ 0.42825848, -7.80921442],
 [ 0.43754374, -7.68953585],
 [ 0.43209287, -7.75255723],
 [ 0.42744577, -7.8463556 ],
 [ 0.43048193, -7.76085412],
 [ 0.41798158, -7.97572797],
 [ 0.42537105, -7.86992151],
 [ 0.42086719, -7.93245761],
 [ 0.43175681, -7.75717182],
 [ 0.42332973, -7.88181623],
 [ 0.43702111, -7.68340012],
 [ 0.43479884, -7.68255779],
 [ 0.42228828, -7.91582863],
 [ 0.42425613, -7.86545086],
 [ 0.42396717, -7.88856912],
 [ 0.43282737, -7.75144644],
 [ 0.43137167, -7.77646738],
 [ 0.43549861, -7.70167227],
 [ 0.44594693, -7.53960994],
 [ 0.43459169, -7.69608504],
 [ 0.43002026, -7.77742466],
 [ 0.43606794, -7.65649321],
 [ 0.42478924, -7.86246043],
 [ 0.42251349, -7.90435873],
 [ 0.43051693, -7.7799422 ],
 [ 0.43951303, -7.63165707],
 [ 0.43194819, -7.74427174],
 [ 0.42957324, -7.80341629],
 [ 0.43416714, -7.70282695],
 [ 0.42840923, -7.79478835],
 [ 0.42840497, -7.79821071],
 [ 0.42583139, -7.86783359],
 [ 0.42564754, -7.84686228],
 [ 0.43699459, -7.65998382],
 [ 0.43912799, -7.64049445],
 [ 0.42946847, -7.78400624],
 [ 0.43505001, -7.70209975],
 [ 0.41912032, -7.99052257],
 [ 0.42762965, -7.79267492],
 [ 0.41915895, -7.93697811],
 [ 0.42443393, -7.86780009],
 [ 0.42908409, -7.79916654],
 [ 0.44431004, -7.53701288],
 [ 0.42381021, -7.89738701],
 [ 0.42408372, -7.86677149],
 [ 0.42750508, -7.80060188],
 [ 0.42176325, -7.90005487],
 [ 0.43049481, -7.75803418],
 [ 0.43143943, -7.76956637],
 [ 0.43078195, -7.74133537],
 [ 0.43442827, -7.73676568],
 [ 0.42964245, -7.77400174],
 [ 0.42624731, -7.84622407],
 [ 0.43784019, -7.64362975],
 [ 0.43706617, -7.65073101],
 [ 0.43486666, -7.7112439 ],
 [ 0.4289391 , -7.78602668],
 [ 0.43736733, -7.65333193],
 [ 0.43759525, -7.70578116],
 [ 0.425354  , -7.84857613],
 [ 0.42810766, -7.79436422],
 [ 0.42716344, -7.82708894],
 [ 0.42875017, -7.82707135],
 [ 0.42987118, -7.76733409],
 [ 0.4319034 , -7.70755247],
 [ 0.4357641 , -7.69644002],
 [ 0.41449833, -8.03068228],
 [ 0.43002053, -7.79412615],
 [ 0.42399634, -7.86778963],
 [ 0.42381419, -7.88212771],
 [ 0.43917233, -7.63657783],
 [ 0.43314611, -7.72835809],
 [ 0.43028038, -7.77677813],
 [ 0.43149346, -7.75871659],
 [ 0.43225246, -7.73536824],
 [ 0.43785487, -7.66631622],
 [ 0.4436898 , -7.60024226],
 [ 0.43947366, -7.62088282],
 [ 0.4353726 , -7.70093619],
 [ 0.42584596, -7.85840794],
 [ 0.43324937, -7.74565766],
 [ 0.43227655, -7.7515868 ],
 [ 0.42557855, -7.87504767],
 [ 0.4259392 , -7.86030687],
 [ 0.43980134, -7.6067427 ],
 [ 0.42192832, -7.9033004 ],
 [ 0.43912051, -7.61360779],
 [ 0.44081134, -7.60814974],
 [ 0.42355233, -7.87131203],
 [ 0.43734418, -7.6421843 ],
 [ 0.42667695, -7.86305931],
 [ 0.42340483, -7.91349695],
 [ 0.42140085, -7.93321134],
 [ 0.41900924, -7.94491168],
 [ 0.42927503, -7.81857847],
 [ 0.43059703, -7.77647186],
 [ 0.43783884, -7.65655019],
 [ 0.42123273, -7.9255319 ],
 [ 0.43139166, -7.76026597],
 [ 0.44299369, -7.57783535],
 [ 0.44810684, -7.48719999],
 [ 0.44098014, -7.61381213],
 [ 0.44156455, -7.60039824],
 [ 0.43037793, -7.76748475],
 [ 0.4202659 , -7.91863112],
 [ 0.4309598 , -7.77852016],
 [ 0.43998052, -7.63774979],
 [ 0.42973329, -7.7728732 ],
 [ 0.43243189, -7.74158643],
 [ 0.42580618, -7.82678584],
 [ 0.43003577, -7.78306731],
 [ 0.42943427, -7.80769603],
 [ 0.42384264, -7.86985426],
 [ 0.43349106, -7.71417286],
 [ 0.43729652, -7.63565773],
 [ 0.43053619, -7.76873791],
 [ 0.42313845, -7.88820188],
 [ 0.42613748, -7.85543606],
 [ 0.4302982 , -7.77872883],
 [ 0.43150695, -7.77257898],
 [ 0.43134991, -7.74585686],
 [ 0.42135829, -7.90670463],
 [ 0.4334519 , -7.7117602 ],
 [ 0.41594465, -8.00567988],
 [ 0.42319616, -7.90519307],
 [ 0.42612258, -7.84090396],
 [ 0.43009487, -7.78158133],
 [ 0.42348416, -7.89963688],
 [ 0.43601112, -7.69044164],
 [ 0.4274705 , -7.83753054],
 [ 0.4301298 , -7.773529  ],
 [ 0.4330768 , -7.72656702],
 [ 0.43665227, -7.6781816 ],
 [ 0.42671   , -7.79853043],
 [ 0.429916  , -7.7779085 ],
 [ 0.43209769, -7.72239968],
 [ 0.41875284, -7.95425214],
 [ 0.42778979, -7.83297504],
 [ 0.43332332, -7.72815691],
 [ 0.43143391, -7.74255015],
 [ 0.42754433, -7.80162368],
 [ 0.43541075, -7.6901338 ],
 [ 0.43471316, -7.69710581],
 [ 0.44123225, -7.57040137],
 [ 0.43599777, -7.64815712],
 [ 0.42988578, -7.8005375 ],
 [ 0.42867769, -7.79213129],
 [ 0.42434064, -7.87934995],
 [ 0.44139251, -7.62516925],
 [ 0.43044437, -7.78387741],
 [ 0.43406955, -7.74097749],
 [ 0.42270651, -7.87957768],
 [ 0.4366342 , -7.66626533],
 [ 0.42954079, -7.7642542 ],
 [ 0.43325229, -7.72713012],
 [ 0.42780066, -7.83156821],
 [ 0.42301196, -7.88567209],
 [ 0.42962897, -7.76416141],
 [ 0.4286155 , -7.81174751],
 [ 0.44259695, -7.58856528],
 [ 0.43893579, -7.62654253],
 [ 0.42825746, -7.82584975],
 [ 0.43639985, -7.66152666],
 [ 0.42621134, -7.82920247],
 [ 0.41863166, -7.95419911],
 [ 0.43003878, -7.7813027 ],
 [ 0.44777927, -7.49273315],
 [ 0.42187991, -7.91995315],
 [ 0.43568396, -7.69422981],
 [ 0.42935356, -7.79009242],
 [ 0.43287316, -7.7372984 ],
 [ 0.4463618 , -7.49191867],
 [ 0.4219542 , -7.90360108],
 [ 0.44140948, -7.60085118],
 [ 0.44408502, -7.54382284],
 [ 0.42510856, -7.87769293],
 [ 0.43056896, -7.78926342],
 [ 0.43291221, -7.73517817],
 [ 0.43135797, -7.74641573],
 [ 0.4275059 , -7.82534534],
 [ 0.4157185 , -8.0067232 ],
 [ 0.43609801, -7.69946958],
 [ 0.4209398 , -7.90365239],
 [ 0.43141233, -7.76890256],
 [ 0.43253937, -7.75004696],
 [ 0.42870679, -7.77307285],
 [ 0.43074263, -7.79250005],
 [ 0.42837001, -7.82508794],
 [ 0.42561699, -7.87204328],
 [ 0.4323962 , -7.73915454],
 [ 0.43527158, -7.70968777],
 [ 0.44056425, -7.60527425],
 [ 0.41876517, -7.98173081],
 [ 0.43840365, -7.64500572],
 [ 0.42441491, -7.86650837],
 [ 0.43032701, -7.77840617],
 [ 0.43384369, -7.73610586],
 [ 0.41968279, -7.96402751],
 [ 0.43817656, -7.64736987],
 [ 0.42275743, -7.89103389],
 [ 0.42620478, -7.83769929],
 [ 0.43303551, -7.74228645],
 [ 0.43058165, -7.7779466 ],
 [ 0.42930095, -7.77427321],
 [ 0.43676122, -7.69286875],
 [ 0.43112604, -7.77990608],
 [ 0.43206658, -7.74412685],
 [ 0.42729439, -7.83257687],
 [ 0.42144559, -7.94027268],
 [ 0.43114917, -7.77631025],
 [ 0.43346783, -7.69190008],
 [ 0.43954683, -7.67882504],
 [ 0.42739652, -7.81264328],
 [ 0.43245915, -7.74435133],
 [ 0.42595994, -7.85614757],
 [ 0.44389325, -7.54243448],
 [ 0.43338071, -7.71805567],
 [ 0.42322807, -7.88916424],
 [ 0.44076058, -7.58289311],
 [ 0.43894135, -7.63845736],
 [ 0.42565326, -7.86927431],
 [ 0.43226723, -7.75146687],
 [ 0.43326306, -7.74744338],
 [ 0.43150394, -7.77077774],
 [ 0.43154185, -7.76495813],
 [ 0.42595219, -7.8249814 ],
 [ 0.42921373, -7.77597468],
 [ 0.42519047, -7.8474473 ],
 [ 0.4333243 , -7.72415358],
 [ 0.43773278, -7.67383637],
 [ 0.41883209, -7.94829907],
 [ 0.4214321 , -7.93670447],
 [ 0.42913535, -7.7944956 ],
 [ 0.42852042, -7.80118971],
 [ 0.44107916, -7.59769435],
 [ 0.42755352, -7.81746522],
 [ 0.43501869, -7.710975  ],
 [ 0.43734329, -7.64091175],
 [ 0.42090459, -7.95251768],
 [ 0.43507695, -7.71707148],
 [ 0.44421123, -7.55458722],
 [ 0.43399582, -7.69539493],
 [ 0.4222224 , -7.92727708],
 [ 0.41314262, -8.09357621],
 [ 0.42024687, -7.95545921],
 [ 0.42487514, -7.87806012],
 [ 0.42003234, -7.94177709],
 [ 0.42529746, -7.86375884],
 [ 0.42170891, -7.94462471],
 [ 0.41732573, -7.98729244],
 [ 0.43985   , -7.62936149],
 [ 0.42845476, -7.80763267],
 [ 0.42234067, -7.88613132],
 [ 0.41445203, -8.02780087],
 [ 0.43602615, -7.68243666],
 [ 0.43905981, -7.62681319],
 [ 0.44348614, -7.57020043],
 [ 0.43060529, -7.80173757],
 [ 0.42294785, -7.86935587],
 [ 0.43183409, -7.77013357],
 [ 0.43915091, -7.6415457 ],
 [ 0.44077912, -7.61802019],
 [ 0.42991141, -7.78217371],
 [ 0.42657496, -7.83129115],
 [ 0.42631708, -7.83654901],
 [ 0.43315523, -7.75307539],
 [ 0.43113075, -7.72927528],
 [ 0.43612067, -7.68422537],
 [ 0.41594572, -8.02606214],
 [ 0.41976268, -7.91699606],
 [ 0.43186718, -7.76120401],
 [ 0.43428923, -7.71779127],
 [ 0.43119297, -7.78601121],
 [ 0.43488355, -7.69769308],
 [ 0.43620492, -7.68626731],
 [ 0.42400937, -7.87424374],
 [ 0.43095577, -7.75553552],
 [ 0.42133279, -7.9192821 ],
 [ 0.42946326, -7.79149411],
 [ 0.43180474, -7.77394655],
 [ 0.43309712, -7.7476045 ],
 [ 0.43859985, -7.63268504],
 [ 0.42899126, -7.79776608],
 [ 0.44031451, -7.63913433],
 [ 0.43680611, -7.68034475],
 [ 0.433575  , -7.72083412],
 [ 0.428532  , -7.82809668],
 [ 0.41502241, -8.0223053 ],
 [ 0.42789109, -7.81339066],
 [ 0.44176886, -7.62210808]]

