0.0
-0.4926562500000003
-0.30281039428711
-0.256383410006762
-0.3001488592930726
-0.27669972966080136
-0.2786145672304421
-0.32246099057925615
-0.3407883632860068
-0.34890871100493115
-0.3577677212452908
-0.3434954444749099
-0.2920717612346718
-0.2528816635846289
-0.22882827097413772
-0.20576667179002542
-0.1837432076999993
-0.1837432076999993
-0.1562535012355072
-0.10650873424060943
-0.03935830569985031
0.036037448656425455
0.062333524472910934
0.08366327737848518
0.08980729931096774
0.10727762550505442
0.12471023964962574
0.10366538670875133
0.1280429503019812
0.1241416416599677
0.16458466085700407
0.14754757682297825
0.12518489721074558
0.1444516352970869
0.1450158994974661
0.15413604005179898
0.1570863001934154
0.16033847750210728
0.1664138026262105
0.16491867861824064
0.16317930192968882
0.138829890469868
0.1462594588270446
0.14968741489330348
0.1762335423782879
0.16253413810747563
0.13777307800516495
0.14180939864984746
0.15676585866369863
0.1502747723284049
0.16236719541420616
0.18621487724066776
0.15886456714594457
0.16438759311312784
0.15603978565035173
0.1783485987550505
0.18475800152281002
0.17349931080501374
0.21599308731858552
0.18165356132691962
0.1591597414282345
0.17258884461124172
0.18519592036995358
0.1742722547543821
0.20088961866413346
0.18064371178313868
0.18269006633068213
0.17641009530056498
0.15408319261408723
0.18146907255135672
0.19351975315047024
0.20682423617956516
0.23300042857104133
0.19013199034566627
0.19399404639956272
0.1826272077433383
0.22714258963077696
0.195200662963949
0.19016814587190975
0.17679694811529115
0.1919904358439491
0.21673920296445814
0.20437829529539145
0.2076515414309817
0.17926168225096464
0.19228616385201125
0.1961919765552552
0.19527232666515235
0.2228850541076465
0.21922834618869294
0.18788554356952827
0.1908212551878021
0.21616470314243202
0.22984387576316404
0.21736407157133592
0.1856934470806687
0.162554302698351
0.19100130567056245
0.27874253046297726
0.2816279511884729