0
-0.5035800000000004
0.2916509219868624
0.28291744658694956
0.2970283796501228
0.24205359721555042
0.3707761952650902
0.35613255798485105
0.3919065775192515
0.37336973360135917
0.34537851851030077
0.3363307624809516
0.31627330925450126
0.32464450977335246
0.313091057255935
0.3095111193809873
0.31700774553510913
0.3175988691382173
0.32096956645479147
0.3191500318071509
0.3163765272558344
0.3157351809679557
0.31745076897726954
0.31770086258792457
0.31828289571649754
0.31858887195430396
0.3180805076161245
0.31802479573241144
0.31793389300800556
0.3178354259692935
0.31774700938501127
0.31780770889253473
0.3178263447035833
0.3178233815427882
0.31779414381004156
0.3177994146527004
0.31782279214358644
0.3178206683259302
0.31779798154640476
0.31778749902468295
0.31778398784352896
0.3177967778793284
0.3177726952158123
0.3177887826981518
0.3177851593584927
0.317789102322458
0.31778067164341733
0.3177841098462878
0.3177691006586267
0.3177681326687907
0.3177729905802978
0.3177783137432428
0.3177811546144925
0.31777135820217733
0.3177784836161183
0.3177698499943293
0.3177696076401754
0.31776735343392903
0.31777839529344726
0.3177548485013438
0.31774848361777835
0.3177608188909166
0.317756666749954
0.31774643874443803
0.3177520881148489
0.31775643048173996
0.3177685286415927
0.31777648920822704
0.3177728865608992
0.3177671764312026
0.3177822360548791
0.31778517672859224
0.3177687040253444
0.3177571255185886
0.317764323932919
0.31776147235936925
0.3177627146143952
0.3177640015827516
0.31777153925695395
0.3177757310994259
0.3177757519971509
0.31778479796955694
0.317770367450312
0.3177492691607169
0.3177581696310697
0.3177714148928924
0.317763778718574
0.3177509098983849
0.3177727945082766
0.31777853401919715
0.31778085538571793
0.31776818669534673
0.3177725150192724
0.3177746712685242
0.3177713336572091
0.31777908212388656
0.3177702879337888
0.3177652404494682
0.31777073049476895
0.3177761781929201