[[0.000000e+00, 0.000000e+00, 0.000000e+00, 0.000000e+00, 0.000000e+00],
 [3.700000e-03, 3.777715e-12, 3.777715e-12, 1.898028e-13, 7.519750e-11],
 [7.400000e-03, 8.128187e-12, 8.128187e-12, 4.079964e-13, 1.617777e-10],
 [1.110000e-02, 1.313005e-11, 1.313005e-11, 6.595250e-13, 2.613536e-10],
 [1.480000e-02, 1.887805e-11, 1.887805e-11, 9.488547e-13, 3.757541e-10],
 [1.850000e-02, 2.547346e-11, 2.547346e-11, 1.280292e-12, 5.070475e-10],
 [2.220000e-02, 3.303511e-11, 3.303511e-11, 1.659898e-12, 6.575678e-10],
 [2.590000e-02, 4.169634e-11, 4.169634e-11, 2.095647e-12, 8.299528e-10],
 [2.960000e-02, 5.160404e-11, 5.160404e-11, 2.593122e-12, 1.027178e-09],
 [3.330000e-02, 6.292905e-11, 6.292905e-11, 3.161573e-12, 1.252590e-09],
 [3.700000e-02, 7.585925e-11, 7.585925e-11, 3.811050e-12, 1.509963e-09],
 [4.070000e-02, 9.060789e-11, 9.060789e-11, 4.552557e-12, 1.803536e-09],
 [4.440000e-02, 1.074145e-10, 1.074145e-10, 5.396143e-12, 2.138070e-09],
 [4.810000e-02, 1.265479e-10, 1.265479e-10, 6.357279e-12, 2.518913e-09],
 [5.180000e-02, 1.483091e-10, 1.483091e-10, 7.450799e-12, 2.952060e-09],
 [5.550000e-02, 1.730350e-10, 1.730350e-10, 8.692970e-12, 3.444227e-09],
 [5.920000e-02, 2.011039e-10, 2.011039e-10, 1.010357e-11, 4.002932e-09],
 [6.290000e-02, 2.329383e-10, 2.329383e-10, 1.170270e-11, 4.636581e-09],
 [6.660000e-02, 2.690090e-10, 2.690090e-10, 1.351476e-11, 5.354567e-09],
 [7.030000e-02, 3.098441e-10, 3.098441e-10, 1.556654e-11, 6.167382e-09],
 [7.400000e-02, 3.560304e-10, 3.560304e-10, 1.788677e-11, 7.086719e-09],
 [7.770000e-02, 4.082243e-10, 4.082243e-10, 2.050876e-11, 8.125617e-09],
 [8.140000e-02, 4.671536e-10, 4.671536e-10, 2.346968e-11, 9.298598e-09],
 [8.510000e-02, 5.336312e-10, 5.336312e-10, 2.680909e-11, 1.062181e-08],
 [8.880000e-02, 6.085588e-10, 6.085588e-10, 3.057325e-11, 1.211322e-08],
 [9.250000e-02, 6.929370e-10, 6.929370e-10, 3.481287e-11, 1.379277e-08],
 [9.620000e-02, 7.878820e-10, 7.878820e-10, 3.958235e-11, 1.568261e-08],
 [9.990000e-02, 8.946238e-10, 8.946238e-10, 4.494531e-11, 1.780729e-08],
 [1.036000e-01, 1.014532e-09, 1.014532e-09, 5.096956e-11, 2.019404e-08],
 [1.073000e-01, 1.149120e-09, 1.149120e-09, 5.773085e-11, 2.287299e-08],
 [1.110000e-01, 1.300064e-09, 1.300064e-09, 6.531387e-11, 2.587748e-08],
 [1.147000e-01, 1.469216e-09, 1.469216e-09, 7.381193e-11, 2.924441e-08],
 [1.184000e-01, 1.658622e-09, 1.658622e-09, 8.332760e-11, 3.301449e-08],
 [1.221000e-01, 1.870542e-09, 1.870542e-09, 9.397410e-11, 3.723272e-08],
 [1.258000e-01, 2.107470e-09, 2.107470e-09, 1.058771e-10, 4.194870e-08],
 [1.295000e-01, 2.372151e-09, 2.372151e-09, 1.191745e-10, 4.721714e-08],
 [1.332000e-01, 2.667618e-09, 2.667618e-09, 1.340185e-10, 5.309830e-08],
 [1.369000e-01, 2.997198e-09, 2.997198e-09, 1.505763e-10, 5.965852e-08],
 [1.406000e-01, 3.364559e-09, 3.364559e-09, 1.690320e-10, 6.697077e-08],
 [1.443000e-01, 3.773734e-09, 3.773734e-09, 1.895885e-10, 7.511527e-08],
 [1.480000e-01, 4.229146e-09, 4.229146e-09, 2.124679e-10, 8.418015e-08],
 [1.517000e-01, 4.735660e-09, 4.735660e-09, 2.379145e-10, 9.426216e-08],
 [1.554000e-01, 5.298604e-09, 5.298604e-09, 2.661967e-10, 1.054674e-07],
 [1.591000e-01, 5.923828e-09, 5.923828e-09, 2.976074e-10, 1.179123e-07],
 [1.628000e-01, 6.617734e-09, 6.617734e-09, 3.324686e-10, 1.317243e-07],
 [1.665000e-01, 7.387335e-09, 7.387335e-09, 3.711327e-10, 1.470430e-07],
 [1.702000e-01, 8.240304e-09, 8.240304e-09, 4.139851e-10, 1.640211e-07],
 [1.739000e-01, 9.185032e-09, 9.185032e-09, 4.614474e-10, 1.828256e-07],
 [1.776000e-01, 1.023069e-08, 1.023069e-08, 5.139808e-10, 2.036391e-07],
 [1.813000e-01, 1.138728e-08, 1.138728e-08, 5.720873e-10, 2.266607e-07],
 [1.850000e-01, 1.266574e-08, 1.266574e-08, 6.363155e-10, 2.521081e-07],
 [1.887000e-01, 1.407800e-08, 1.407800e-08, 7.072667e-10, 2.802185e-07],
 [1.924000e-01, 1.563703e-08, 1.563703e-08, 7.855910e-10, 3.112505e-07],
 [1.961000e-01, 1.735700e-08, 1.735700e-08, 8.720007e-10, 3.454860e-07],
 [1.998000e-01, 1.925333e-08, 1.925333e-08, 9.672706e-10, 3.832316e-07],
 [2.035000e-01, 2.134278e-08, 2.134278e-08, 1.072244e-09, 4.248212e-07],
 [2.072000e-01, 2.364359e-08, 2.364359e-08, 1.187834e-09, 4.706179e-07],
 [2.109000e-01, 2.617558e-08, 2.617558e-08, 1.315039e-09, 5.210161e-07],
 [2.146000e-01, 2.896029e-08, 2.896029e-08, 1.454941e-09, 5.764445e-07],
 [2.183000e-01, 3.202110e-08, 3.202110e-08, 1.608714e-09, 6.373683e-07],
 [2.220000e-01, 3.538336e-08, 3.538336e-08, 1.777631e-09, 7.042923e-07],
 [2.257000e-01, 3.907458e-08, 3.907458e-08, 1.963075e-09, 7.777641e-07],
 [2.294000e-01, 4.312458e-08, 4.312458e-08, 2.166544e-09, 8.583768e-07],
 [2.331000e-01, 4.756564e-08, 4.756564e-08, 2.389659e-09, 9.467732e-07],
 [2.368000e-01, 5.243271e-08, 5.243271e-08, 2.634178e-09, 1.043649e-06],
 [2.405000e-01, 5.776364e-08, 5.776364e-08, 2.902000e-09, 1.149757e-06],
 [2.442000e-01, 6.359932e-08, 6.359932e-08, 3.195180e-09, 1.265912e-06],
 [2.479000e-01, 6.998398e-08, 6.998398e-08, 3.515940e-09, 1.392994e-06],
 [2.516000e-01, 7.696539e-08, 7.696539e-08, 3.866681e-09, 1.531952e-06],
 [2.553000e-01, 8.459513e-08, 8.459513e-08, 4.249993e-09, 1.683815e-06],
 [2.590000e-01, 9.292887e-08, 9.292887e-08, 4.668675e-09, 1.849690e-06],
 [2.627000e-01, 1.020267e-07, 1.020267e-07, 5.125742e-09, 2.030772e-06],
 [2.664000e-01, 1.119533e-07, 1.119533e-07, 5.624448e-09, 2.228349e-06],
 [2.701000e-01, 1.227785e-07, 1.227785e-07, 6.168298e-09, 2.443810e-06],
 [2.738000e-01, 1.345774e-07, 1.345774e-07, 6.761066e-09, 2.678651e-06],
 [2.775000e-01, 1.474309e-07, 1.474309e-07, 7.406818e-09, 2.934481e-06],
 [2.812000e-01, 1.614261e-07, 1.614261e-07, 8.109928e-09, 3.213033e-06],
 [2.849000e-01, 1.766566e-07, 1.766566e-07, 8.875099e-09, 3.516170e-06],
 [2.886000e-01, 1.932230e-07, 1.932230e-07, 9.707388e-09, 3.845894e-06],
 [2.923000e-01, 2.112336e-07, 2.112336e-07, 1.061223e-08, 4.204358e-06],
 [2.960000e-01, 2.308044e-07, 2.308044e-07, 1.159545e-08, 4.593873e-06],
 [2.997000e-01, 2.520602e-07, 2.520602e-07, 1.266333e-08, 5.016919e-06],
 [3.034000e-01, 2.751347e-07, 2.751347e-07, 1.382259e-08, 5.476158e-06],
 [3.071000e-01, 3.001715e-07, 3.001715e-07, 1.508042e-08, 5.974446e-06],
 [3.108000e-01, 3.273244e-07, 3.273244e-07, 1.644457e-08, 6.514843e-06],
 [3.145000e-01, 3.567582e-07, 3.567582e-07, 1.792331e-08, 7.100629e-06],
 [3.182000e-01, 3.886496e-07, 3.886496e-07, 1.952552e-08, 7.735315e-06],
 [3.219000e-01, 4.231876e-07, 4.231876e-07, 2.126070e-08, 8.422663e-06],
 [3.256000e-01, 4.605744e-07, 4.605744e-07, 2.313900e-08, 9.166695e-06],
 [3.293000e-01, 5.010266e-07, 5.010266e-07, 2.517131e-08, 9.971717e-06],
 [3.330000e-01, 5.447755e-07, 5.447755e-07, 2.736924e-08, 1.084233e-05],
 [3.367000e-01, 5.920685e-07, 5.920685e-07, 2.974523e-08, 1.178345e-05],
 [3.404000e-01, 6.431698e-07, 6.431698e-07, 3.231256e-08, 1.280034e-05],
 [3.441000e-01, 6.983616e-07, 6.983616e-07, 3.508539e-08, 1.389860e-05],
 [3.478000e-01, 7.579451e-07, 7.579451e-07, 3.807886e-08, 1.508422e-05],
 [3.515000e-01, 8.222417e-07, 8.222417e-07, 4.130912e-08, 1.636359e-05],
 [3.552000e-01, 8.915943e-07, 8.915943e-07, 4.479341e-08, 1.774352e-05],
 [3.589000e-01, 9.663684e-07, 9.663684e-07, 4.855007e-08, 1.923129e-05],
 [3.626000e-01, 1.046954e-06, 1.046954e-06, 5.259869e-08, 2.083462e-05],
 [3.663000e-01, 1.133765e-06, 1.133765e-06, 5.696012e-08, 2.256177e-05],
 [3.700000e-01, 1.227244e-06, 1.227244e-06, 6.165657e-08, 2.442151e-05],
 [3.700000e-01, 1.227244e-06, 1.227244e-06, 6.165657e-08, 2.442151e-05],
 [3.737400e-01, 1.340991e-06, 1.340991e-06, 6.737128e-08, 2.668437e-05],
 [3.774800e-01, 1.477564e-06, 1.477564e-06, 7.423281e-08, 2.940118e-05],
 [3.812200e-01, 1.641127e-06, 1.641127e-06, 8.245037e-08, 3.265469e-05],
 [3.849600e-01, 1.836527e-06, 1.836527e-06, 9.226748e-08, 3.654118e-05],
 [3.887000e-01, 2.069392e-06, 2.069392e-06, 1.039669e-07, 4.117241e-05],
 [3.924400e-01, 2.346241e-06, 2.346241e-06, 1.178762e-07, 4.667784e-05],
 [3.961800e-01, 2.674613e-06, 2.674613e-06, 1.343742e-07, 5.320703e-05],
 [3.999200e-01, 3.063203e-06, 3.063203e-06, 1.538979e-07, 6.093245e-05],
 [4.036600e-01, 3.522022e-06, 3.522022e-06, 1.769502e-07, 7.005250e-05],
 [4.074000e-01, 4.062568e-06, 4.062568e-06, 2.041089e-07, 8.079492e-05],
 [4.111400e-01, 4.698023e-06, 4.698023e-06, 2.360366e-07, 9.342060e-05],
 [4.148800e-01, 5.443470e-06, 5.443470e-06, 2.734912e-07, 1.082277e-04],
 [4.186200e-01, 6.316132e-06, 6.316132e-06, 3.173383e-07, 1.255565e-04],
 [4.223600e-01, 7.335639e-06, 7.335639e-06, 3.685645e-07, 1.457940e-04],
 [4.261000e-01, 8.524320e-06, 8.524320e-06, 4.282924e-07, 1.693800e-04],
 [4.298400e-01, 9.907533e-06, 9.907533e-06, 4.977965e-07, 1.968133e-04],
 [4.335800e-01, 1.151402e-05, 1.151402e-05, 5.785218e-07, 2.286577e-04],
 [4.373200e-01, 1.337629e-05, 1.337629e-05, 6.721033e-07, 2.655502e-04],
 [4.410600e-01, 1.553108e-05, 1.553108e-05, 7.803880e-07, 3.082084e-04],
 [4.448000e-01, 1.801981e-05, 1.801981e-05, 9.054586e-07, 3.574390e-04],
 [4.485400e-01, 2.088909e-05, 2.088909e-05, 1.049660e-06, 4.141478e-04],
 [4.522800e-01, 2.419130e-05, 2.419130e-05, 1.215628e-06, 4.793488e-04],
 [4.560200e-01, 2.798525e-05, 2.798525e-05, 1.406321e-06, 5.541755e-04],
 [4.597600e-01, 3.233676e-05, 3.233676e-05, 1.625053e-06, 6.398925e-04],
 [4.635000e-01, 3.731951e-05, 3.731951e-05, 1.875531e-06, 7.379070e-04],
 [4.672400e-01, 4.301574e-05, 4.301574e-05, 2.161898e-06, 8.497824e-04],
 [4.709800e-01, 4.951717e-05, 4.951717e-05, 2.488772e-06, 9.772516e-04],
 [4.747200e-01, 5.692594e-05, 5.692594e-05, 2.861300e-06, 1.122231e-03],
 [4.784600e-01, 6.535559e-05, 6.535559e-05, 3.285204e-06, 1.286834e-03],
 [4.822000e-01, 7.493218e-05, 7.493218e-05, 3.766841e-06, 1.473389e-03],
 [4.859400e-01, 8.579550e-05, 8.579550e-05, 4.313258e-06, 1.684447e-03],
 [4.896800e-01, 9.810030e-05, 9.810030e-05, 4.932266e-06, 1.922804e-03],
 [4.934200e-01, 1.120177e-04, 1.120177e-04, 5.632500e-06, 2.191504e-03],
 [4.971600e-01, 1.277366e-04, 1.277366e-04, 6.423501e-06, 2.493848e-03],
 [5.009000e-01, 1.454655e-04, 1.454655e-04, 7.315797e-06, 2.833402e-03],
 [5.046400e-01, 1.654338e-04, 1.654338e-04, 8.320988e-06, 3.213982e-03],
 [5.083800e-01, 1.878941e-04, 1.878941e-04, 9.451839e-06, 3.639636e-03],
 [5.121200e-01, 2.131236e-04, 2.131236e-04, 1.072238e-05, 4.114606e-03],
 [5.158600e-01, 2.414270e-04, 2.414270e-04, 1.214803e-05, 4.643263e-03],
 [5.196000e-01, 2.731379e-04, 2.731379e-04, 1.374567e-05, 5.230010e-03],
 [5.233400e-01, 3.086217e-04, 3.086217e-04, 1.553382e-05, 5.879178e-03],
 [5.270800e-01, 3.482781e-04, 3.482781e-04, 1.753272e-05, 6.594908e-03],
 [5.308200e-01, 3.925437e-04, 3.925437e-04, 1.976451e-05, 7.381108e-03],
 [5.345600e-01, 4.418952e-04, 4.418952e-04, 2.225335e-05, 8.241514e-03],
 [5.383000e-01, 4.968521e-04, 4.968521e-04, 2.502559e-05, 9.179843e-03],
 [5.420400e-01, 5.579802e-04, 5.579802e-04, 2.810995e-05, 1.019985e-02],
 [5.457800e-01, 6.258953e-04, 6.258953e-04, 3.153767e-05, 1.130518e-02],
 [5.495200e-01, 7.012663e-04, 7.012663e-04, 3.534272e-05, 1.249925e-02],
 [5.532600e-01, 7.848193e-04, 7.848193e-04, 3.956201e-05, 1.378516e-02],
 [5.570000e-01, 8.773414e-04, 8.773414e-04, 4.423559e-05, 1.516563e-02],
 [5.607400e-01, 9.796844e-04, 9.796844e-04, 4.940686e-05, 1.664300e-02],
 [5.644800e-01, 1.092769e-03, 1.092769e-03, 5.512286e-05, 1.821924e-02],
 [5.682200e-01, 1.217587e-03, 1.217587e-03, 6.143448e-05, 1.989592e-02],
 [5.719600e-01, 1.355206e-03, 1.355206e-03, 6.839674e-05, 2.167428e-02],
 [5.757000e-01, 1.506769e-03, 1.506769e-03, 7.606910e-05, 2.355526e-02],
 [5.794400e-01, 1.673496e-03, 1.673496e-03, 8.451572e-05, 2.553958e-02],
 [5.831800e-01, 1.856719e-03, 1.856719e-03, 9.384301e-05, 2.762784e-02],
 [5.869200e-01, 2.057774e-03, 2.057774e-03, 1.040956e-04, 2.982048e-02],
 [5.906600e-01, 2.278087e-03, 2.278087e-03, 1.153552e-04, 3.211804e-02],
 [5.944000e-01, 2.519130e-03, 2.519130e-03, 1.277098e-04, 3.452112e-02],
 [5.981400e-01, 2.782407e-03, 2.782407e-03, 1.412542e-04, 3.703048e-02],
 [6.018800e-01, 3.069429e-03, 3.069429e-03, 1.560904e-04, 3.964710e-02],
 [6.056200e-01, 3.381700e-03, 3.381700e-03, 1.723281e-04, 4.237221e-02],
 [6.093600e-01, 3.720721e-03, 3.720721e-03, 1.900854e-04, 4.520729e-02],
 [6.131000e-01, 4.088020e-03, 4.088020e-03, 2.094891e-04, 4.815408e-02],
 [6.168400e-01, 4.485198e-03, 4.485198e-03, 2.306756e-04, 5.121456e-02],
 [6.205800e-01, 4.913950e-03, 4.913950e-03, 2.537911e-04, 5.439089e-02],
 [6.243200e-01, 5.376037e-03, 5.376037e-03, 2.789929e-04, 5.768545e-02],
 [6.280600e-01, 5.873240e-03, 5.873240e-03, 3.064493e-04, 6.110071e-02],
 [6.318000e-01, 6.407347e-03, 6.407347e-03, 3.363413e-04, 6.463928e-02],
 [6.355400e-01, 6.980135e-03, 6.980135e-03, 3.688625e-04, 6.830380e-02],
 [6.392800e-01, 7.593357e-03, 7.593357e-03, 4.042208e-04, 7.209700e-02],
 [6.430200e-01, 8.248730e-03, 8.248730e-03, 4.426384e-04, 7.602160e-02],
 [6.467600e-01, 8.947921e-03, 8.947921e-03, 4.843536e-04, 8.008033e-02],
 [6.505000e-01, 9.692530e-03, 9.692530e-03, 5.296211e-04, 8.427595e-02],
 [6.542400e-01, 1.048408e-02, 1.048408e-02, 5.787131e-04, 8.861117e-02],
 [6.579800e-01, 1.132401e-02, 1.132401e-02, 6.319204e-04, 9.308869e-02],
 [6.617200e-01, 1.221365e-02, 1.221365e-02, 6.895530e-04, 9.771120e-02],
 [6.654600e-01, 1.315421e-02, 1.315421e-02, 7.519412e-04, 1.024813e-01],
 [6.692000e-01, 1.414679e-02, 1.414679e-02, 8.194358e-04, 1.074017e-01],
 [6.729400e-01, 1.519237e-02, 1.519237e-02, 8.924089e-04, 1.124749e-01],
 [6.766800e-01, 1.629178e-02, 1.629178e-02, 9.712536e-04, 1.177033e-01],
 [6.804200e-01, 1.744575e-02, 1.744575e-02, 1.056384e-03, 1.230896e-01],
 [6.841600e-01, 1.865486e-02, 1.865486e-02, 1.148234e-03, 1.286361e-01],
 [6.879000e-01, 1.991959e-02, 1.991959e-02, 1.247255e-03, 1.343451e-01],
 [6.916400e-01, 2.124031e-02, 2.124031e-02, 1.353914e-03, 1.402189e-01],
 [6.953800e-01, 2.261730e-02, 2.261730e-02, 1.468694e-03, 1.462598e-01],
 [6.991200e-01, 2.405077e-02, 2.405077e-02, 1.592086e-03, 1.524699e-01],
 [7.028600e-01, 2.554085e-02, 2.554085e-02, 1.724590e-03, 1.588511e-01],
 [7.066000e-01, 2.708766e-02, 2.708766e-02, 1.866723e-03, 1.654056e-01],
 [7.103400e-01, 2.869130e-02, 2.869130e-02, 2.019023e-03, 1.721350e-01],
 [7.140800e-01, 3.035187e-02, 3.035187e-02, 2.182068e-03, 1.790412e-01],
 [7.178200e-01, 3.206952e-02, 3.206952e-02, 2.356479e-03, 1.861259e-01],
 [7.215600e-01, 3.384442e-02, 3.384442e-02, 2.542922e-03, 1.933905e-01],
 [7.253000e-01, 3.567681e-02, 3.567681e-02, 2.742098e-03, 2.008364e-01],
 [7.290400e-01, 3.756701e-02, 3.756701e-02, 2.954741e-03, 2.084649e-01],
 [7.327800e-01, 3.951544e-02, 3.951544e-02, 3.181615e-03, 2.162772e-01],
 [7.365200e-01, 4.152258e-02, 4.152258e-02, 3.423520e-03, 2.242741e-01],
 [7.402600e-01, 4.358904e-02, 4.358904e-02, 3.681289e-03, 2.324566e-01],
 [7.440000e-01, 4.571550e-02, 4.571550e-02, 3.955792e-03, 2.408253e-01],
 [7.440000e-01, 4.571550e-02, 4.571550e-02, 3.955792e-03, 2.408253e-01],
 [7.456300e-01, 4.662809e-02, 4.662809e-02, 4.075147e-03, 2.444079e-01],
 [7.472600e-01, 4.752710e-02, 4.752710e-02, 4.194222e-03, 2.479288e-01],
 [7.488900e-01, 4.841307e-02, 4.841307e-02, 4.313019e-03, 2.513907e-01],
 [7.505200e-01, 4.928654e-02, 4.928654e-02, 4.431539e-03, 2.547959e-01],
 [7.521500e-01, 5.014798e-02, 5.014798e-02, 4.549784e-03, 2.581468e-01],
 [7.537800e-01, 5.099786e-02, 5.099786e-02, 4.667755e-03, 2.614457e-01],
 [7.554100e-01, 5.183661e-02, 5.183661e-02, 4.785453e-03, 2.646944e-01],
 [7.570400e-01, 5.266463e-02, 5.266463e-02, 4.902879e-03, 2.678949e-01],
 [7.586700e-01, 5.348232e-02, 5.348232e-02, 5.020035e-03, 2.710489e-01],
 [7.603000e-01, 5.429001e-02, 5.429001e-02, 5.136922e-03, 2.741582e-01],
 [7.619300e-01, 5.508808e-02, 5.508808e-02, 5.253541e-03, 2.772243e-01],
 [7.635600e-01, 5.587682e-02, 5.587682e-02, 5.369893e-03, 2.802487e-01],
 [7.651900e-01, 5.665656e-02, 5.665656e-02, 5.485979e-03, 2.832328e-01],
 [7.668200e-01, 5.742757e-02, 5.742757e-02, 5.601802e-03, 2.861778e-01],
 [7.684500e-01, 5.819015e-02, 5.819015e-02, 5.717361e-03, 2.890852e-01],
 [7.700800e-01, 5.894454e-02, 5.894454e-02, 5.832658e-03, 2.919559e-01],
 [7.717100e-01, 5.969100e-02, 5.969100e-02, 5.947695e-03, 2.947912e-01],
 [7.733400e-01, 6.042976e-02, 6.042976e-02, 6.062473e-03, 2.975921e-01],
 [7.749700e-01, 6.116104e-02, 6.116104e-02, 6.176992e-03, 3.003597e-01],
 [7.766000e-01, 6.188507e-02, 6.188507e-02, 6.291254e-03, 3.030949e-01],
 [7.782300e-01, 6.260205e-02, 6.260205e-02, 6.405260e-03, 3.057986e-01],
 [7.798600e-01, 6.331217e-02, 6.331217e-02, 6.519011e-03, 3.084717e-01],
 [7.814900e-01, 6.401562e-02, 6.401562e-02, 6.632508e-03, 3.111150e-01],
 [7.831200e-01, 6.471257e-02, 6.471257e-02, 6.745753e-03, 3.137294e-01],
 [7.847500e-01, 6.540320e-02, 6.540320e-02, 6.858747e-03, 3.163156e-01],
 [7.863800e-01, 6.608768e-02, 6.608768e-02, 6.971491e-03, 3.188743e-01],
 [7.880100e-01, 6.676615e-02, 6.676615e-02, 7.083985e-03, 3.214063e-01],
 [7.896400e-01, 6.743876e-02, 6.743876e-02, 7.196231e-03, 3.239121e-01],
 [7.912700e-01, 6.810567e-02, 6.810567e-02, 7.308231e-03, 3.263925e-01],
 [7.929000e-01, 6.876700e-02, 6.876700e-02, 7.419985e-03, 3.288481e-01],
 [7.945300e-01, 6.942290e-02, 6.942290e-02, 7.531494e-03, 3.312794e-01],
 [7.961600e-01, 7.007349e-02, 7.007349e-02, 7.642760e-03, 3.336870e-01],
 [7.977900e-01, 7.071888e-02, 7.071888e-02, 7.753783e-03, 3.360715e-01],
 [7.994200e-01, 7.135921e-02, 7.135921e-02, 7.864565e-03, 3.384335e-01],
 [8.010500e-01, 7.199458e-02, 7.199458e-02, 7.975107e-03, 3.407733e-01],
 [8.026800e-01, 7.262510e-02, 7.262510e-02, 8.085409e-03, 3.430915e-01],
 [8.043100e-01, 7.325088e-02, 7.325088e-02, 8.195474e-03, 3.453886e-01],
 [8.059400e-01, 7.387201e-02, 7.387201e-02, 8.305301e-03, 3.476649e-01],
 [8.075700e-01, 7.448861e-02, 7.448861e-02, 8.414892e-03, 3.499211e-01],
 [8.092000e-01, 7.510075e-02, 7.510075e-02, 8.524249e-03, 3.521574e-01],
 [8.108300e-01, 7.570854e-02, 7.570854e-02, 8.633371e-03, 3.543743e-01],
 [8.124600e-01, 7.631206e-02, 7.631206e-02, 8.742261e-03, 3.565722e-01],
 [8.140900e-01, 7.691140e-02, 7.691140e-02, 8.850919e-03, 3.587514e-01],
 [8.157200e-01, 7.750663e-02, 7.750663e-02, 8.959345e-03, 3.609124e-01],
 [8.173500e-01, 7.809785e-02, 7.809785e-02, 9.067543e-03, 3.630554e-01],
 [8.189800e-01, 7.868512e-02, 7.868512e-02, 9.175511e-03, 3.651809e-01],
 [8.206100e-01, 7.926852e-02, 7.926852e-02, 9.283252e-03, 3.672891e-01],
 [8.222400e-01, 7.984813e-02, 7.984813e-02, 9.390765e-03, 3.693805e-01],
 [8.238700e-01, 8.042401e-02, 8.042401e-02, 9.498054e-03, 3.714552e-01],
 [8.255000e-01, 8.099624e-02, 8.099624e-02, 9.605117e-03, 3.735136e-01],
 [8.271300e-01, 8.156487e-02, 8.156487e-02, 9.711956e-03, 3.755560e-01],
 [8.287600e-01, 8.212997e-02, 8.212997e-02, 9.818573e-03, 3.775827e-01],
 [8.303900e-01, 8.269161e-02, 8.269161e-02, 9.924968e-03, 3.795940e-01],
 [8.320200e-01, 8.324984e-02, 8.324984e-02, 1.003114e-02, 3.815901e-01],
 [8.336500e-01, 8.380473e-02, 8.380473e-02, 1.013710e-02, 3.835712e-01],
 [8.352800e-01, 8.435633e-02, 8.435633e-02, 1.024283e-02, 3.855377e-01],
 [8.369100e-01, 8.490470e-02, 8.490470e-02, 1.034835e-02, 3.874899e-01],
 [8.385400e-01, 8.544988e-02, 8.544988e-02, 1.045365e-02, 3.894278e-01],
 [8.401700e-01, 8.599194e-02, 8.599194e-02, 1.055873e-02, 3.913518e-01],
 [8.418000e-01, 8.653092e-02, 8.653092e-02, 1.066360e-02, 3.932621e-01],
 [8.434300e-01, 8.706687e-02, 8.706687e-02, 1.076826e-02, 3.951589e-01],
 [8.450600e-01, 8.759985e-02, 8.759985e-02, 1.087270e-02, 3.970425e-01],
 [8.466900e-01, 8.812989e-02, 8.812989e-02, 1.097693e-02, 3.989129e-01],
 [8.483200e-01, 8.865705e-02, 8.865705e-02, 1.108095e-02, 4.007706e-01],
 [8.499500e-01, 8.918137e-02, 8.918137e-02, 1.118476e-02, 4.026155e-01],
 [8.515800e-01, 8.970288e-02, 8.970288e-02, 1.128835e-02, 4.044480e-01],
 [8.532100e-01, 9.022165e-02, 9.022165e-02, 1.139174e-02, 4.062682e-01],
 [8.548400e-01, 9.073770e-02, 9.073770e-02, 1.149493e-02, 4.080764e-01],
 [8.564700e-01, 9.125107e-02, 9.125107e-02, 1.159790e-02, 4.098726e-01],
 [8.581000e-01, 9.176181e-02, 9.176181e-02, 1.170067e-02, 4.116570e-01],
 [8.597300e-01, 9.226995e-02, 9.226995e-02, 1.180323e-02, 4.134299e-01],
 [8.613600e-01, 9.277554e-02, 9.277554e-02, 1.190559e-02, 4.151915e-01],
 [8.629900e-01, 9.327860e-02, 9.327860e-02, 1.200775e-02, 4.169417e-01],
 [8.646200e-01, 9.377917e-02, 9.377917e-02, 1.210970e-02, 4.186809e-01],
 [8.662500e-01, 9.427729e-02, 9.427729e-02, 1.221146e-02, 4.204092e-01],
 [8.678800e-01, 9.477300e-02, 9.477300e-02, 1.231301e-02, 4.221267e-01],
 [8.695100e-01, 9.526632e-02, 9.526632e-02, 1.241436e-02, 4.238335e-01],
 [8.711400e-01, 9.575729e-02, 9.575729e-02, 1.251551e-02, 4.255299e-01],
 [8.727700e-01, 9.624593e-02, 9.624593e-02, 1.261647e-02, 4.272160e-01],
 [8.744000e-01, 9.673229e-02, 9.673229e-02, 1.271723e-02, 4.288918e-01],
 [8.760300e-01, 9.721639e-02, 9.721639e-02, 1.281779e-02, 4.305576e-01],
 [8.776600e-01, 9.769826e-02, 9.769826e-02, 1.291815e-02, 4.322135e-01],
 [8.792900e-01, 9.817792e-02, 9.817792e-02, 1.301832e-02, 4.338596e-01],
 [8.809200e-01, 9.865542e-02, 9.865542e-02, 1.311830e-02, 4.354959e-01],
 [8.825500e-01, 9.913077e-02, 9.913077e-02, 1.321808e-02, 4.371228e-01],
 [8.841800e-01, 9.960401e-02, 9.960401e-02, 1.331767e-02, 4.387402e-01],
 [8.858100e-01, 1.000751e-01, 1.000751e-01, 1.341707e-02, 4.403483e-01],
 [8.874400e-01, 1.005442e-01, 1.005442e-01, 1.351628e-02, 4.419472e-01],
 [8.890700e-01, 1.010113e-01, 1.010113e-01, 1.361530e-02, 4.435370e-01],
 [8.907000e-01, 1.014763e-01, 1.014763e-01, 1.371413e-02, 4.451178e-01],
 [8.923300e-01, 1.019393e-01, 1.019393e-01, 1.381277e-02, 4.466898e-01],
 [8.939600e-01, 1.024004e-01, 1.024004e-01, 1.391123e-02, 4.482530e-01],
 [8.955900e-01, 1.028595e-01, 1.028595e-01, 1.400950e-02, 4.498076e-01],
 [8.972200e-01, 1.033167e-01, 1.033167e-01, 1.410758e-02, 4.513536e-01],
 [8.988500e-01, 1.037721e-01, 1.037721e-01, 1.420547e-02, 4.528912e-01],
 [9.004800e-01, 1.042255e-01, 1.042255e-01, 1.430319e-02, 4.544205e-01],
 [9.021100e-01, 1.046771e-01, 1.046771e-01, 1.440072e-02, 4.559415e-01],
 [9.037400e-01, 1.051269e-01, 1.051269e-01, 1.449806e-02, 4.574543e-01],
 [9.053700e-01, 1.055748e-01, 1.055748e-01, 1.459523e-02, 4.589591e-01],
 [9.070000e-01, 1.060210e-01, 1.060210e-01, 1.469221e-02, 4.604559e-01]]

[[0.       , 0.2608478, 0.2608478, 0.2608478, 0.2608478],
 [0.00907  , 0.2687718, 0.2888125, 0.2870378, 0.2913742],
 [0.01814  , 0.2753364, 0.3071476, 0.3044366, 0.3110429],
 [0.02721  , 0.2809387, 0.3211313, 0.3177607, 0.3259672],
 [0.03628  , 0.2858401, 0.3327196, 0.3288172, 0.3383145],
 [0.04535  , 0.2902158, 0.3427827, 0.3384246, 0.3490277],
 [0.05442  , 0.2941864, 0.3517742, 0.3470128, 0.358594 ],
 [0.06349  , 0.2978368, 0.3599614, 0.3548358, 0.3672998],
 [0.07256  , 0.3012282, 0.3675165, 0.3620574, 0.3753293],
 [0.08163  , 0.3044055, 0.3745578, 0.3687902, 0.3828091],
 [0.0907   , 0.3074029, 0.381171 , 0.3751156, 0.3898309],
 [0.09977  , 0.3102465, 0.3874202, 0.3810947, 0.3964633],
 [0.10884  , 0.312957 , 0.3933551, 0.3867747, 0.4027593],
 [0.11791  , 0.3155506, 0.3990148, 0.3921929, 0.408761 ],
 [0.12698  , 0.3180409, 0.4044311, 0.3973795, 0.4145023],
 [0.13605  , 0.3204388, 0.40963  , 0.4023594, 0.420011 ],
 [0.14512  , 0.3227535, 0.4146333, 0.407153 , 0.4253104],
 [0.15419  , 0.3249929, 0.4194593, 0.4117779, 0.4304201],
 [0.16326  , 0.3271635, 0.4241236, 0.416249 , 0.4353568],
 [0.17233  , 0.3292711, 0.4286396, 0.420579 , 0.440135 ],
 [0.1814   , 0.3313205, 0.433019 , 0.4247791, 0.444767 ],
 [0.19047  , 0.3333163, 0.4372722, 0.428859 , 0.4492638],
 [0.19954  , 0.3352622, 0.441408 , 0.4328273, 0.4536352],
 [0.20861  , 0.3371615, 0.4454344, 0.4366915, 0.4578895],
 [0.21768  , 0.3390174, 0.4493587, 0.4404585, 0.4620345],
 [0.22675  , 0.3408326, 0.4531871, 0.4441342, 0.466077 ],
 [0.23582  , 0.3426094, 0.4569254, 0.4477243, 0.4700231],
 [0.24489  , 0.34435  , 0.4605788, 0.4512335, 0.4738784],
 [0.25396  , 0.3460566, 0.4641519, 0.4546664, 0.4776478],
 [0.26303  , 0.3477309, 0.4676492, 0.4580271, 0.4813361],
 [0.2721   , 0.3493745, 0.4710745, 0.4613193, 0.4849473],
 [0.28117  , 0.3509891, 0.4744314, 0.4645464, 0.4884853],
 [0.29024  , 0.3525759, 0.4777231, 0.4677116, 0.4919537],
 [0.29931  , 0.3541364, 0.4809528, 0.4708177, 0.4953557],
 [0.30838  , 0.3556716, 0.4841233, 0.4738674, 0.4986943],
 [0.31745  , 0.3571827, 0.4872371, 0.4768632, 0.5019724],
 [0.32652  , 0.3586708, 0.4902968, 0.4798075, 0.5051924],
 [0.33559  , 0.3601367, 0.4933044, 0.4827023, 0.5083569],
 [0.34466  , 0.3615815, 0.4962622, 0.4855497, 0.511468 ],
 [0.35373  , 0.3630058, 0.4991721, 0.4883515, 0.5145279],
 [0.3628   , 0.3644106, 0.502036 , 0.4911095, 0.5175386],
 [0.37187  , 0.3657964, 0.5048555, 0.4938253, 0.5205018],
 [0.38094  , 0.3671641, 0.5076323, 0.4965004, 0.5234193],
 [0.39001  , 0.3685143, 0.5103679, 0.4991364, 0.5262927],
 [0.39908  , 0.3698475, 0.5130638, 0.5017345, 0.5291236],
 [0.40815  , 0.3711644, 0.5157212, 0.5042961, 0.5319135],
 [0.41722  , 0.3724655, 0.5183415, 0.5068223, 0.5346636],
 [0.42629  , 0.3737513, 0.5209259, 0.5093143, 0.5373752],
 [0.43536  , 0.3750222, 0.5234755, 0.5117733, 0.5400497],
 [0.44443  , 0.3762789, 0.5259914, 0.5142001, 0.5426881],
 [0.4535   , 0.3775216, 0.5284746, 0.5165959, 0.5452916],
 [0.46257  , 0.3787508, 0.5309261, 0.5189616, 0.5478612],
 [0.47164  , 0.3799669, 0.5333469, 0.5212979, 0.5503979],
 [0.48071  , 0.3811703, 0.5357378, 0.5236059, 0.5529026],
 [0.48978  , 0.3823613, 0.5380997, 0.5258862, 0.5553762],
 [0.49885  , 0.3835403, 0.5404333, 0.5281396, 0.5578197],
 [0.50792  , 0.3847076, 0.5427395, 0.5303669, 0.5602338],
 [0.51699  , 0.3858635, 0.5450189, 0.5325688, 0.5626193],
 [0.52606  , 0.3870083, 0.5472723, 0.5347459, 0.5649769],
 [0.53513  , 0.3881423, 0.5495004, 0.5368988, 0.5673075],
 [0.5442   , 0.3892658, 0.5517037, 0.5390283, 0.5696116],
 [0.55327  , 0.390379 , 0.5538829, 0.5411348, 0.5718899],
 [0.56234  , 0.3914822, 0.5560387, 0.5432189, 0.5741431],
 [0.57141  , 0.3925757, 0.5581715, 0.5452812, 0.5763717],
 [0.58048  , 0.3936596, 0.5602819, 0.5473222, 0.5785764],
 [0.58955  , 0.3947341, 0.5623704, 0.5493424, 0.5807577],
 [0.59862  , 0.3957996, 0.5644375, 0.5513423, 0.5829161],
 [0.60769  , 0.3968561, 0.5664838, 0.5533222, 0.5850522],
 [0.61676  , 0.397904 , 0.5685096, 0.5552828, 0.5871665],
 [0.62583  , 0.3989433, 0.5705155, 0.5572243, 0.5892594],
 [0.6349   , 0.3999743, 0.5725019, 0.5591472, 0.5913314],
 [0.64397  , 0.4009971, 0.5744691, 0.561052 , 0.5933829],
 [0.65304  , 0.402012 , 0.5764176, 0.5629389, 0.5954145],
 [0.66211  , 0.4030191, 0.5783477, 0.5648084, 0.5974264],
 [0.67118  , 0.4040185, 0.58026  , 0.5666608, 0.5994191],
 [0.68025  , 0.4050103, 0.5821546, 0.5684964, 0.601393 ],
 [0.68932  , 0.4059949, 0.584032 , 0.5703157, 0.6033485],
 [0.69839  , 0.4069722, 0.5858924, 0.5721188, 0.6052859],
 [0.70746  , 0.4079425, 0.5877363, 0.5739062, 0.6072056],
 [0.71653  , 0.4089058, 0.589564 , 0.5756782, 0.6091079],
 [0.7256   , 0.4098623, 0.5913757, 0.5774349, 0.6109931],
 [0.73467  , 0.4108122, 0.5931718, 0.5791767, 0.6128616],
 [0.74374  , 0.4117555, 0.5949524, 0.580904 , 0.6147137],
 [0.75281  , 0.4126923, 0.5967181, 0.5826168, 0.6165496],
 [0.76188  , 0.4136229, 0.5984689, 0.5843156, 0.6183697],
 [0.77095  , 0.4145472, 0.6002051, 0.5860005, 0.6201743],
 [0.78002  , 0.4154654, 0.6019271, 0.5876719, 0.6219635],
 [0.78909  , 0.4163777, 0.603635 , 0.5893298, 0.6237378],
 [0.79816  , 0.417284 , 0.6053291, 0.5909747, 0.6254973],
 [0.80723  , 0.4181846, 0.6070097, 0.5926066, 0.6272423],
 [0.8163   , 0.4190794, 0.6086769, 0.5942258, 0.628973 ],
 [0.82537  , 0.4199687, 0.610331 , 0.5958325, 0.6306897],
 [0.83444  , 0.4208524, 0.6119722, 0.597427 , 0.6323926],
 [0.84351  , 0.4217308, 0.6136007, 0.5990094, 0.6340819],
 [0.85258  , 0.4226038, 0.6152167, 0.6005799, 0.6357579],
 [0.86165  , 0.4234715, 0.6168205, 0.6021387, 0.6374207],
 [0.87072  , 0.4243341, 0.6184121, 0.603686 , 0.6390706],
 [0.87979  , 0.4251916, 0.6199918, 0.6052219, 0.6407078],
 [0.88886  , 0.4260441, 0.6215598, 0.6067467, 0.6423324],
 [0.89793  , 0.4268917, 0.6231163, 0.6082605, 0.6439447],
 [0.907    , 0.4277344, 0.6246614, 0.6097635, 0.6455448]]

[[0.       , 0.3548916, 0.3548916, 0.3548916, 0.3548916],
 [0.00906  , 0.361782 , 0.3572768, 0.3565981, 0.3582058],
 [0.01812  , 0.3674933, 0.3594913, 0.3582151, 0.3612027],
 [0.02718  , 0.3723692, 0.3615567, 0.359751 , 0.3639355],
 [0.03624  , 0.376636 , 0.3634912, 0.3612132, 0.3664467],
 [0.0453   , 0.3804458, 0.3653107, 0.3626084, 0.3687708],
 [0.05436  , 0.3839032, 0.3670284, 0.3639424, 0.3709355],
 [0.06342  , 0.387082 , 0.3686558, 0.3652205, 0.3729636],
 [0.07248  , 0.3900353, 0.3702028, 0.3664475, 0.3748738],
 [0.08154  , 0.3928023, 0.3716779, 0.3676276, 0.3766813],
 [0.0906   , 0.3954126, 0.3730884, 0.3687645, 0.3783989],
 [0.09966  , 0.3978889, 0.3744407, 0.3698617, 0.3800372],
 [0.10872  , 0.4002494, 0.3757403, 0.3709221, 0.3816051],
 [0.11778  , 0.4025081, 0.3769922, 0.3719486, 0.3831102],
 [0.12684  , 0.4046768, 0.3782005, 0.3729436, 0.3845588],
 [0.1359   , 0.4067651, 0.379369 , 0.3739095, 0.3859565],
 [0.14496  , 0.4087809, 0.380501 , 0.3748481, 0.3873079],
 [0.15402  , 0.4107312, 0.3815994, 0.3757614, 0.3886172],
 [0.16308  , 0.4126215, 0.3826667, 0.3766511, 0.3898878],
 [0.17214  , 0.4144569, 0.3837053, 0.3775186, 0.3911229],
 [0.1812   , 0.4162418, 0.3847173, 0.3783653, 0.3923251],
 [0.19026  , 0.4179799, 0.3857044, 0.3791926, 0.3934969],
 [0.19932  , 0.4196745, 0.3866683, 0.3800015, 0.3946403],
 [0.20838  , 0.4213287, 0.3876105, 0.3807932, 0.3957574],
 [0.21744  , 0.422945 , 0.3885323, 0.3815685, 0.3968498],
 [0.2265   , 0.4245257, 0.389435 , 0.3823285, 0.3979189],
 [0.23556  , 0.4260732, 0.3903196, 0.3830739, 0.3989663],
 [0.24462  , 0.4275891, 0.3911872, 0.3838055, 0.3999931],
 [0.25368  , 0.4290754, 0.3920387, 0.3845239, 0.4010005],
 [0.26274  , 0.4305335, 0.3928749, 0.3852299, 0.4019895],
 [0.2718   , 0.4319649, 0.3936967, 0.385924 , 0.4029611],
 [0.28086  , 0.4333711, 0.3945046, 0.3866067, 0.4039161],
 [0.28992  , 0.4347531, 0.3952994, 0.3872787, 0.4048553],
 [0.29898  , 0.4361121, 0.3960817, 0.3879404, 0.4057794],
 [0.30804  , 0.4374491, 0.3968521, 0.3885922, 0.4066893],
 [0.3171   , 0.4387652, 0.397611 , 0.3892345, 0.4075853],
 [0.32616  , 0.4400612, 0.3983589, 0.3898677, 0.4084683],
 [0.33522  , 0.4413379, 0.3990964, 0.3904923, 0.4093386],
 [0.34428  , 0.4425961, 0.3998238, 0.3911085, 0.4101969],
 [0.35334  , 0.4438366, 0.4005415, 0.3917167, 0.4110435],
 [0.3624   , 0.44506  , 0.4012499, 0.3923171, 0.411879 ],
 [0.37146  , 0.446267 , 0.4019493, 0.3929101, 0.4127037],
 [0.38052  , 0.4474582, 0.4026401, 0.3934959, 0.4135181],
 [0.38958  , 0.4486341, 0.4033225, 0.3940748, 0.4143224],
 [0.39864  , 0.4497952, 0.4039969, 0.394647 , 0.4151172],
 [0.4077   , 0.4509422, 0.4046636, 0.3952127, 0.4159026],
 [0.41676  , 0.4520753, 0.4053227, 0.3957721, 0.416679 ],
 [0.42582  , 0.4531951, 0.4059746, 0.3963255, 0.4174467],
 [0.43488  , 0.4543021, 0.4066194, 0.396873 , 0.4182059],
 [0.44394  , 0.4553965, 0.4072574, 0.3974149, 0.418957 ],
 [0.453    , 0.4564788, 0.4078888, 0.3979512, 0.4197001],
 [0.46206  , 0.4575494, 0.4085138, 0.3984822, 0.4204356],
 [0.47112  , 0.4586086, 0.4091325, 0.399008 , 0.4211636],
 [0.48018  , 0.4596566, 0.4097452, 0.3995288, 0.4218843],
 [0.48924  , 0.460694 , 0.4103521, 0.4000446, 0.422598 ],
 [0.4983   , 0.4617208, 0.4109532, 0.4005557, 0.4233049],
 [0.50736  , 0.4627375, 0.4115487, 0.4010622, 0.424005 ],
 [0.51642  , 0.4637442, 0.4121389, 0.4015641, 0.4246987],
 [0.52548  , 0.4647413, 0.4127237, 0.4020617, 0.4253861],
 [0.53454  , 0.465729 , 0.4133035, 0.4025549, 0.4260673],
 [0.5436   , 0.4667075, 0.4138782, 0.403044 , 0.4267425],
 [0.55266  , 0.467677 , 0.414448 , 0.403529 , 0.4274118],
 [0.56172  , 0.4686379, 0.4150131, 0.40401  , 0.4280755],
 [0.57078  , 0.4695902, 0.4155735, 0.4044872, 0.4287335],
 [0.57984  , 0.4705342, 0.4161294, 0.4049606, 0.4293862],
 [0.5889   , 0.4714701, 0.4166809, 0.4054303, 0.4300335],
 [0.59796  , 0.4723981, 0.417228 , 0.4058963, 0.4306756],
 [0.60702  , 0.4733183, 0.4177709, 0.4063589, 0.4313127],
 [0.61608  , 0.474231 , 0.4183097, 0.4068179, 0.4319448],
 [0.62514  , 0.4751362, 0.4188444, 0.4072736, 0.432572 ],
 [0.6342   , 0.4760342, 0.4193752, 0.407726 , 0.4331945],
 [0.64326  , 0.476925 , 0.419902 , 0.4081752, 0.4338123],
 [0.65232  , 0.477809 , 0.4204251, 0.4086212, 0.4344256],
 [0.66138  , 0.4786861, 0.4209445, 0.4090641, 0.4350345],
 [0.67044  , 0.4795565, 0.4214602, 0.4095039, 0.4356389],
 [0.6795   , 0.4804205, 0.4219723, 0.4099408, 0.4362391],
 [0.68856  , 0.481278 , 0.422481 , 0.4103748, 0.4368351],
 [0.69762  , 0.4821292, 0.4229862, 0.4108059, 0.437427 ],
 [0.70668  , 0.4829743, 0.4234881, 0.4112342, 0.4380149],
 [0.71574  , 0.4838133, 0.4239866, 0.4116597, 0.4385988],
 [0.7248   , 0.4846465, 0.424482 , 0.4120826, 0.4391788],
 [0.73386  , 0.4854738, 0.4249741, 0.4125028, 0.439755 ],
 [0.74292  , 0.4862954, 0.4254632, 0.4129204, 0.4403275],
 [0.75198  , 0.4871114, 0.4259491, 0.4133354, 0.4408963],
 [0.76104  , 0.4879219, 0.4264321, 0.4137479, 0.4414615],
 [0.7701   , 0.488727 , 0.4269121, 0.414158 , 0.4420232],
 [0.77916  , 0.4895267, 0.4273892, 0.4145656, 0.4425814],
 [0.78822  , 0.4903213, 0.4278635, 0.4149709, 0.4431362],
 [0.79728  , 0.4911107, 0.4283349, 0.4153738, 0.4436876],
 [0.80634  , 0.4918951, 0.4288036, 0.4157744, 0.4442357],
 [0.8154   , 0.4926745, 0.4292696, 0.4161728, 0.4447806],
 [0.82446  , 0.4934491, 0.429733 , 0.416569 , 0.4453223],
 [0.83352  , 0.4942188, 0.4301937, 0.4169629, 0.4458608],
 [0.84258  , 0.4949839, 0.4306518, 0.4173547, 0.4463962],
 [0.85164  , 0.4957443, 0.4311074, 0.4177444, 0.4469286],
 [0.8607   , 0.4965001, 0.4315605, 0.418132 , 0.447458 ],
 [0.86976  , 0.4972514, 0.4320111, 0.4185175, 0.4479845],
 [0.87882  , 0.4979983, 0.4324593, 0.4189011, 0.4485081],
 [0.88788  , 0.4987409, 0.4329052, 0.4192826, 0.4490288],
 [0.89694  , 0.4994791, 0.4333487, 0.4196622, 0.4495467],
 [0.906    , 0.5002131, 0.4337898, 0.4200398, 0.4500618],
 [0.906    , 0.5002131, 0.4337898, 0.4200398, 0.4500618]]

[[0.       , 0.4037501, 0.4037501, 0.4037501, 0.4037501],
 [0.00907  , 0.4101069, 0.4049361, 0.4048283, 0.4055307],
 [0.01814  , 0.4153773, 0.4060749, 0.4058674, 0.4072067],
 [0.02721  , 0.4198777, 0.4071698, 0.40687  , 0.4087889],
 [0.03628  , 0.4238163, 0.4082239, 0.4078384, 0.4102869],
 [0.04535  , 0.4273333, 0.4092402, 0.4087749, 0.4117092],
 [0.05442  , 0.4305251, 0.4102211, 0.4096813, 0.4130631],
 [0.06349  , 0.4334598, 0.4111691, 0.4105596, 0.4143551],
 [0.07256  , 0.4361863, 0.4120863, 0.4114115, 0.4155911],
 [0.08163  , 0.4387409, 0.4129748, 0.4122386, 0.416776 ],
 [0.0907   , 0.4411508, 0.4138364, 0.4130424, 0.4179145],
 [0.09977  , 0.4434371, 0.4146728, 0.4138241, 0.4190104],
 [0.10884  , 0.4456164, 0.4154856, 0.4145851, 0.4200673],
 [0.11791  , 0.4477017, 0.4162761, 0.4153266, 0.4210885],
 [0.12698  , 0.449704 , 0.4170458, 0.4160496, 0.4220766],
 [0.13605  , 0.451632 , 0.4177959, 0.4167551, 0.4230343],
 [0.14512  , 0.4534931, 0.4185274, 0.4174442, 0.4239639],
 [0.15419  , 0.4552936, 0.4192415, 0.4181176, 0.4248673],
 [0.16326  , 0.4570389, 0.4199391, 0.4187761, 0.4257464],
 [0.17233  , 0.4587335, 0.4206211, 0.4194206, 0.4266029],
 [0.1814   , 0.4603814, 0.4212884, 0.4200518, 0.4274382],
 [0.19047  , 0.461986 , 0.4219417, 0.4206702, 0.4282538],
 [0.19954  , 0.4635506, 0.4225817, 0.4212766, 0.4290508],
 [0.20861  , 0.4650778, 0.4232091, 0.4218715, 0.4298303],
 [0.21768  , 0.46657  , 0.4238246, 0.4224554, 0.4305935],
 [0.22675  , 0.4680295, 0.4244286, 0.4230288, 0.4313412],
 [0.23582  , 0.4694582, 0.4250219, 0.4235923, 0.4320743],
 [0.24489  , 0.4708578, 0.4256048, 0.4241462, 0.4327935],
 [0.25396  , 0.47223  , 0.4261778, 0.424691 , 0.4334997],
 [0.26303  , 0.4735762, 0.4267414, 0.425227 , 0.4341934],
 [0.2721   , 0.4748978, 0.4272959, 0.4257547, 0.4348752],
 [0.28117  , 0.476196 , 0.4278419, 0.4262743, 0.4355458],
 [0.29024  , 0.4774719, 0.4283796, 0.4267863, 0.4362057],
 [0.29931  , 0.4787266, 0.4289093, 0.4272909, 0.4368553],
 [0.30838  , 0.4799611, 0.4294315, 0.4277883, 0.4374952],
 [0.31745  , 0.4811762, 0.4299463, 0.4282789, 0.4381256],
 [0.32652  , 0.4823727, 0.4304541, 0.428763 , 0.4387471],
 [0.33559  , 0.4835514, 0.4309552, 0.4292407, 0.4393599],
 [0.34466  , 0.4847131, 0.4314498, 0.4297123, 0.4399645],
 [0.35373  , 0.4858584, 0.4319381, 0.4301781, 0.4405611],
 [0.3628   , 0.486988 , 0.4324203, 0.4306381, 0.4411501],
 [0.37187  , 0.4881023, 0.4328968, 0.4310927, 0.4417317],
 [0.38094  , 0.4892021, 0.4333676, 0.4315419, 0.4423062],
 [0.39001  , 0.4902878, 0.433833 , 0.4319861, 0.4428739],
 [0.39908  , 0.4913598, 0.4342931, 0.4324253, 0.4434349],
 [0.40815  , 0.4924187, 0.4347481, 0.4328597, 0.4439895],
 [0.41722  , 0.4934649, 0.4351982, 0.4332894, 0.444538 ],
 [0.42629  , 0.4944988, 0.4356436, 0.4337146, 0.4450805],
 [0.43536  , 0.4955208, 0.4360843, 0.4341355, 0.4456172],
 [0.44443  , 0.4965313, 0.4365206, 0.4345521, 0.4461483],
 [0.4535   , 0.4975305, 0.4369525, 0.4349646, 0.4466739],
 [0.46257  , 0.498519 , 0.4373801, 0.4353731, 0.4471943],
 [0.47164  , 0.4994969, 0.4378037, 0.4357778, 0.4477095],
 [0.48071  , 0.5004645, 0.4382233, 0.4361786, 0.4482198],
 [0.48978  , 0.5014222, 0.438639 , 0.4365758, 0.4487252],
 [0.49885  , 0.5023703, 0.439051 , 0.4369694, 0.449226 ],
 [0.50792  , 0.503309 , 0.4394592, 0.4373595, 0.4497221],
 [0.51699  , 0.5042385, 0.4398639, 0.4377463, 0.4502138],
 [0.52606  , 0.505159 , 0.4402651, 0.4381297, 0.4507012],
 [0.53513  , 0.5060709, 0.440663 , 0.4385099, 0.4511843],
 [0.5442   , 0.5069744, 0.4410575, 0.438887 , 0.4516633],
 [0.55327  , 0.5078695, 0.4414488, 0.439261 , 0.4521383],
 [0.56234  , 0.5087567, 0.4418369, 0.439632 , 0.4526094],
 [0.57141  , 0.5096359, 0.442222 , 0.4400002, 0.4530766],
 [0.58048  , 0.5105075, 0.4426041, 0.4403654, 0.4535401],
 [0.58955  , 0.5113716, 0.4429832, 0.4407279, 0.454    ],
 [0.59862  , 0.5122284, 0.4433595, 0.4410877, 0.4544563],
 [0.60769  , 0.513078 , 0.443733 , 0.4414448, 0.4549091],
 [0.61676  , 0.5139207, 0.4441037, 0.4417993, 0.4553585],
 [0.62583  , 0.5147564, 0.4444718, 0.4421512, 0.4558045],
 [0.6349   , 0.5155855, 0.4448372, 0.4425007, 0.4562474],
 [0.64397  , 0.516408 , 0.4452001, 0.4428477, 0.456687 ],
 [0.65304  , 0.5172242, 0.4455604, 0.4431924, 0.4571235],
 [0.66211  , 0.518034 , 0.4459183, 0.4435347, 0.4575569],
 [0.67118  , 0.5188377, 0.4462738, 0.4438747, 0.4579873],
 [0.68025  , 0.5196353, 0.446627 , 0.4442125, 0.4584148],
 [0.68932  , 0.520427 , 0.4469778, 0.4445481, 0.4588395],
 [0.69839  , 0.521213 , 0.4473263, 0.4448815, 0.4592613],
 [0.70746  , 0.5219932, 0.4476727, 0.4452128, 0.4596803],
 [0.71653  , 0.5227679, 0.4480168, 0.4455421, 0.4600966],
 [0.7256   , 0.5235371, 0.4483588, 0.4458692, 0.4605103],
 [0.73467  , 0.524301 , 0.4486987, 0.4461944, 0.4609213],
 [0.74374  , 0.5250595, 0.4490365, 0.4465177, 0.4613298],
 [0.75281  , 0.525813 , 0.4493723, 0.446839 , 0.4617357],
 [0.76188  , 0.5265613, 0.4497061, 0.4471584, 0.4621392],
 [0.77095  , 0.5273046, 0.450038 , 0.447476 , 0.4625402],
 [0.78002  , 0.528043 , 0.4503679, 0.4477917, 0.4629389],
 [0.78909  , 0.5287766, 0.450696 , 0.4481057, 0.4633352],
 [0.79816  , 0.5295055, 0.4510222, 0.4484178, 0.4637292],
 [0.80723  , 0.5302297, 0.4513465, 0.4487283, 0.4641209],
 [0.8163   , 0.5309494, 0.4516691, 0.449037 , 0.4645104],
 [0.82537  , 0.5316645, 0.4519899, 0.4493441, 0.4648977],
 [0.83444  , 0.5323752, 0.452309 , 0.4496495, 0.4652829],
 [0.84351  , 0.5330816, 0.4526263, 0.4499533, 0.4656659],
 [0.85258  , 0.5337837, 0.452942 , 0.4502555, 0.4660469],
 [0.86165  , 0.5344815, 0.453256 , 0.4505561, 0.4664257],
 [0.87072  , 0.5351752, 0.4535684, 0.4508551, 0.4668026],
 [0.87979  , 0.5358648, 0.4538792, 0.4511527, 0.4671775],
 [0.88886  , 0.5365504, 0.4541885, 0.4514487, 0.4675504],
 [0.89793  , 0.537232 , 0.4544961, 0.4517433, 0.4679213],
 [0.907    , 0.5379098, 0.4548023, 0.4520364, 0.4682904]]

