0.000000000000000000e+00
1.813624999999999916e-03
3.627249999999999832e-03
5.440875000000000399e-03
7.254499999999999664e-03
9.068124999999999797e-03
1.088175000000000080e-02
1.269537500000000006e-02
1.450899999999999933e-02
1.632262500000000033e-02
1.813624999999999959e-02
1.994987499999999886e-02
2.176350000000000159e-02
2.357712500000000086e-02
2.539075000000000013e-02
2.720437499999999939e-02
2.901799999999999866e-02
3.083162500000000139e-02
3.264525000000000066e-02
3.445887499999999992e-02
3.627249999999999919e-02
3.808612499999999845e-02
3.989974999999999772e-02
4.171337499999999698e-02
4.352700000000000319e-02
4.534062500000000245e-02
4.715425000000000172e-02
4.896787500000000098e-02
5.078150000000000025e-02
5.259512499999999952e-02
5.440874999999999878e-02
5.622237499999999805e-02
5.803599999999999731e-02
5.984962499999999658e-02
6.166325000000000278e-02
6.347687500000000205e-02
6.529050000000000131e-02
6.710412500000000058e-02
6.891774999999999984e-02
7.073137499999999911e-02
7.254499999999999837e-02
7.435862499999999764e-02
7.617224999999999691e-02
7.798587499999999617e-02
7.979949999999999544e-02
8.161312499999999470e-02
8.342674999999999397e-02
8.524037499999999323e-02
8.705400000000000638e-02
8.886762500000000564e-02
9.068125000000000491e-02
9.249487500000000417e-02
9.430850000000000344e-02
9.612212500000000270e-02
9.793575000000000197e-02
9.974937500000000123e-02
1.015630000000000005e-01
1.033766249999999998e-01
1.051902499999999990e-01
1.070038749999999983e-01
1.088174999999999976e-01
1.106311249999999968e-01
1.124447499999999961e-01
1.142583749999999954e-01
1.160719999999999946e-01
1.178856249999999939e-01
1.196992499999999932e-01
1.215128750000000063e-01
1.233265000000000056e-01
1.251401249999999910e-01
1.269537500000000041e-01
1.287673749999999895e-01
1.305810000000000026e-01
1.323946249999999880e-01
1.342082500000000012e-01
1.360218749999999865e-01
1.378354999999999997e-01
1.396491250000000128e-01
1.414627499999999982e-01
1.432763750000000114e-01
1.450899999999999967e-01
1.469036250000000099e-01
1.487172499999999953e-01
1.505308750000000084e-01
1.523444999999999938e-01
1.541581250000000070e-01
1.559717499999999923e-01
1.577853750000000055e-01
1.595989999999999909e-01
1.614126250000000040e-01
1.632262499999999894e-01
1.650398750000000025e-01
1.668534999999999879e-01
1.686671250000000011e-01
1.704807499999999865e-01
1.722943749999999996e-01
1.741080000000000128e-01
1.759216249999999981e-01
1.777352500000000113e-01
1.795488749999999967e-01
1.813625000000000098e-01
1.831761249999999952e-01
1.849897500000000083e-01
1.868033749999999937e-01
1.886170000000000069e-01
1.904306249999999923e-01
1.922442500000000054e-01
1.940578749999999908e-01
1.958715000000000039e-01
1.976851249999999893e-01
1.994987500000000025e-01
2.013123749999999879e-01
2.031260000000000010e-01
2.049396249999999864e-01
2.067532499999999995e-01
2.085668750000000127e-01
2.103804999999999981e-01
2.121941250000000112e-01
2.140077499999999966e-01
2.158213750000000097e-01
2.176349999999999951e-01
2.194486250000000083e-01
2.212622499999999937e-01
2.230758750000000068e-01
2.248894999999999922e-01
2.267031250000000053e-01
2.285167499999999907e-01
2.303303750000000039e-01
2.321439999999999892e-01
2.339576250000000024e-01
2.357712499999999878e-01
2.375848750000000009e-01
2.393984999999999863e-01
2.412121249999999995e-01
2.430257500000000126e-01
2.448393749999999980e-01
2.466530000000000111e-01
2.484666249999999965e-01
2.502802499999999819e-01
2.520938750000000228e-01
2.539075000000000082e-01
2.557211249999999936e-01
2.575347499999999790e-01
2.593483750000000199e-01
2.611620000000000053e-01
2.629756249999999906e-01
2.647892499999999760e-01
2.666028750000000169e-01
2.684165000000000023e-01
2.702301249999999877e-01
2.720437499999999731e-01
2.738573750000000140e-01
2.756709999999999994e-01
2.774846249999999848e-01
2.792982500000000257e-01
2.811118750000000110e-01
2.829254999999999964e-01
2.847391249999999818e-01
2.865527500000000227e-01
2.883663750000000081e-01
2.901799999999999935e-01
2.919936249999999789e-01
2.938072500000000198e-01
2.956208750000000052e-01
2.974344999999999906e-01
2.992481249999999759e-01
3.010617500000000168e-01
3.028753750000000022e-01
3.046889999999999876e-01
3.065026249999999730e-01
3.083162500000000139e-01
3.101298749999999993e-01
3.119434999999999847e-01
3.137571250000000256e-01
3.155707500000000110e-01
3.173843749999999964e-01
3.191979999999999817e-01
3.210116250000000226e-01
3.228252500000000080e-01
3.246388749999999934e-01
3.264524999999999788e-01
3.282661250000000197e-01
3.300797500000000051e-01
3.318933749999999905e-01
3.337069999999999759e-01
3.355206250000000168e-01
3.373342500000000022e-01
3.391478749999999875e-01
3.409614999999999729e-01
3.427751250000000138e-01
3.445887499999999992e-01
3.464023749999999846e-01
3.482160000000000255e-01
3.500296250000000109e-01
3.518432499999999963e-01
3.536568749999999817e-01
3.554705000000000226e-01
3.572841250000000080e-01
3.590977499999999933e-01
3.609113749999999787e-01
3.627250000000000196e-01
3.627250000000000196e-01
3.627977499999999744e-01
3.628704999999999847e-01
3.629432499999999950e-01
3.630160000000000053e-01
3.630887500000000156e-01
3.631615000000000260e-01
3.632342499999999808e-01
3.633069999999999911e-01
3.633797500000000014e-01
3.634525000000000117e-01
3.635252500000000220e-01
3.635979999999999768e-01
3.636707499999999871e-01
3.637434999999999974e-01
3.638162500000000077e-01
3.638890000000000180e-01
3.639617499999999728e-01
3.640344999999999831e-01
3.641072499999999934e-01
3.641800000000000037e-01
3.642527500000000140e-01
3.643255000000000243e-01
3.643982499999999791e-01
3.644709999999999894e-01
3.645437499999999997e-01
3.646165000000000100e-01
3.646892500000000203e-01
3.647619999999999751e-01
3.648347499999999854e-01
3.649074999999999958e-01
3.649802500000000061e-01
3.650530000000000164e-01
3.651257500000000267e-01
3.651984999999999815e-01
3.652712499999999918e-01
3.653440000000000021e-01
3.654167500000000124e-01
3.654895000000000227e-01
3.655622499999999775e-01
3.656349999999999878e-01
3.657077499999999981e-01
3.657805000000000084e-01
3.658532500000000187e-01
3.659259999999999735e-01
3.659987499999999838e-01
3.660714999999999941e-01
3.661442500000000044e-01
3.662170000000000147e-01
3.662897500000000250e-01
3.663624999999999798e-01
3.664352499999999901e-01
3.665080000000000005e-01
3.665807500000000108e-01
3.666535000000000211e-01
3.667262499999999759e-01
3.667989999999999862e-01
3.668717499999999965e-01
3.669445000000000068e-01
3.670172500000000171e-01
3.670900000000000274e-01
3.671627499999999822e-01
3.672354999999999925e-01
3.673082500000000028e-01
3.673810000000000131e-01
3.674537500000000234e-01
3.675264999999999782e-01
3.675992499999999885e-01
3.676719999999999988e-01
3.677447500000000091e-01
3.678175000000000194e-01
3.678902499999999742e-01
3.679629999999999845e-01
3.680357499999999948e-01
3.681085000000000051e-01
3.681812500000000155e-01
3.682540000000000258e-01
3.683267499999999806e-01
3.683994999999999909e-01
3.684722500000000012e-01
3.685450000000000115e-01
3.686177500000000218e-01
3.686904999999999766e-01
3.687632499999999869e-01
3.688359999999999972e-01
3.689087500000000075e-01
3.689815000000000178e-01
3.690542499999999726e-01
3.691269999999999829e-01
3.691997499999999932e-01
3.692725000000000035e-01
3.693452500000000138e-01
3.694180000000000241e-01
3.694907499999999789e-01
3.695634999999999892e-01
3.696362499999999995e-01
3.697090000000000098e-01
3.697817500000000202e-01
3.698544999999999749e-01
3.699272499999999853e-01
3.699999999999999956e-01
3.717408750000000262e-01
3.734817500000000012e-01
3.752226249999999763e-01
3.769635000000000069e-01
3.787043749999999820e-01
3.804452500000000126e-01
3.821861249999999877e-01
3.839270000000000183e-01
3.856678749999999933e-01
3.874087500000000239e-01
3.891496249999999990e-01
3.908904999999999741e-01
3.926313750000000047e-01
3.943722499999999798e-01
3.961131250000000104e-01
3.978539999999999854e-01
3.995948750000000160e-01
4.013357499999999911e-01
4.030766250000000217e-01
4.048174999999999968e-01
4.065583750000000274e-01
4.082992500000000025e-01
4.100401249999999775e-01
4.117810000000000081e-01
4.135218749999999832e-01
4.152627500000000138e-01
4.170036249999999889e-01
4.187445000000000195e-01
4.204853749999999946e-01
4.222262500000000252e-01
4.239671250000000002e-01
4.257079999999999753e-01
4.274488750000000059e-01
4.291897499999999810e-01
4.309306250000000116e-01
4.326714999999999867e-01
4.344123750000000173e-01
4.361532499999999923e-01
4.378941250000000229e-01
4.396349999999999980e-01
4.413758749999999731e-01
4.431167500000000037e-01
4.448576249999999788e-01
4.465985000000000094e-01
4.483393749999999844e-01
4.500802500000000150e-01
4.518211249999999901e-01
4.535620000000000207e-01
4.553028749999999958e-01
4.570437500000000264e-01
4.587846250000000015e-01
4.605254999999999765e-01
4.622663750000000071e-01
4.640072499999999822e-01
4.657481250000000128e-01
4.674889999999999879e-01
4.692298750000000185e-01
4.709707499999999936e-01
4.727116250000000242e-01
4.744524999999999992e-01
4.761933749999999743e-01
4.779342500000000049e-01
4.796751249999999800e-01
4.814160000000000106e-01
4.831568749999999857e-01
4.848977500000000163e-01
4.866386249999999913e-01
4.883795000000000219e-01
4.901203749999999970e-01
4.918612500000000276e-01
4.936021250000000027e-01
4.953429999999999778e-01
4.970838750000000084e-01
4.988247499999999834e-01
5.005656250000000140e-01
5.023064999999999891e-01
5.040473749999999642e-01
5.057882500000000503e-01
5.075291250000000254e-01
5.092700000000000005e-01
5.110108749999999755e-01
5.127517499999999506e-01
5.144926250000000367e-01
5.162335000000000118e-01
5.179743749999999869e-01
5.197152499999999620e-01
5.214561250000000481e-01
5.231970000000000232e-01
5.249378749999999982e-01
5.266787499999999733e-01
5.284196249999999484e-01
5.301605000000000345e-01
5.319013750000000096e-01
5.336422499999999847e-01
5.353831249999999597e-01
5.371240000000000459e-01
5.388648750000000209e-01
5.406057499999999960e-01
5.423466249999999711e-01
5.440874999999999462e-01
5.440874999999999462e-01
5.459011249999999871e-01
5.477147500000000280e-01
5.495283749999999579e-01
5.513419999999999987e-01
5.531556250000000396e-01
5.549692499999999695e-01
5.567828750000000104e-01
5.585965000000000513e-01
5.604101249999999812e-01
5.622237500000000221e-01
5.640373749999999520e-01
5.658509999999999929e-01
5.676646250000000338e-01
5.694782499999999636e-01
5.712918750000000045e-01
5.731055000000000454e-01
5.749191249999999753e-01
5.767327500000000162e-01
5.785463749999999461e-01
5.803599999999999870e-01
5.821736250000000279e-01
5.839872499999999578e-01
5.858008749999999987e-01
5.876145000000000396e-01
5.894281249999999694e-01
5.912417500000000103e-01
5.930553750000000512e-01
5.948689999999999811e-01
5.966826250000000220e-01
5.984962499999999519e-01
6.003098749999999928e-01
6.021235000000000337e-01
6.039371249999999636e-01
6.057507500000000045e-01
6.075643750000000454e-01
6.093779999999999752e-01
6.111916250000000161e-01
6.130052499999999460e-01
6.148188749999999869e-01
6.166325000000000278e-01
6.184461249999999577e-01
6.202597499999999986e-01
6.220733750000000395e-01
6.238869999999999694e-01
6.257006250000000103e-01
6.275142500000000512e-01
6.293278749999999810e-01
6.311415000000000219e-01
6.329551249999999518e-01
6.347687499999999927e-01
6.365823750000000336e-01
6.383959999999999635e-01
6.402096250000000044e-01
6.420232500000000453e-01
6.438368749999999752e-01
6.456505000000000161e-01
6.474641249999999459e-01
6.492777499999999868e-01
6.510913750000000277e-01
6.529049999999999576e-01
6.547186249999999985e-01
6.565322500000000394e-01
6.583458749999999693e-01
6.601595000000000102e-01
6.619731250000000511e-01
6.637867499999999810e-01
6.656003750000000219e-01
6.674139999999999517e-01
6.692276249999999926e-01
6.710412500000000335e-01
6.728548749999999634e-01
6.746685000000000043e-01
6.764821250000000452e-01
6.782957499999999751e-01
6.801093750000000160e-01
6.819229999999999459e-01
6.837366249999999868e-01
6.855502500000000277e-01
6.873638749999999575e-01
6.891774999999999984e-01
6.909911250000000393e-01
6.928047499999999692e-01
6.946183750000000101e-01
6.964320000000000510e-01
6.982456249999999809e-01
7.000592500000000218e-01
7.018728749999999517e-01
7.036864999999999926e-01
7.055001250000000335e-01
7.073137499999999633e-01
7.091273750000000042e-01
7.109410000000000451e-01
7.127546249999999750e-01
7.145682500000000159e-01
7.163818749999999458e-01
7.181954999999999867e-01
7.200091250000000276e-01
7.218227499999999575e-01
7.236363749999999984e-01
7.254500000000000393e-01
7.256354999999999889e-01
7.258210000000000495e-01
7.260064999999999991e-01
7.261919999999999487e-01
7.263775000000000093e-01
7.265629999999999589e-01
7.267485000000000195e-01
7.269339999999999691e-01
7.271195000000000297e-01
7.273049999999999793e-01
7.274905000000000399e-01
7.276759999999999895e-01
7.278615000000000501e-01
7.280469999999999997e-01
7.282324999999999493e-01
7.284180000000000099e-01
7.286034999999999595e-01
7.287890000000000201e-01
7.289744999999999697e-01
7.291600000000000303e-01
7.293454999999999799e-01
7.295310000000000406e-01
7.297164999999999901e-01
7.299020000000000508e-01
7.300875000000000004e-01
7.302729999999999499e-01
7.304585000000000106e-01
7.306439999999999602e-01
7.308295000000000208e-01
7.310149999999999704e-01
7.312005000000000310e-01
7.313859999999999806e-01
7.315715000000000412e-01
7.317569999999999908e-01
7.319425000000000514e-01
7.321280000000000010e-01
7.323134999999999506e-01
7.324990000000000112e-01
7.326844999999999608e-01
7.328700000000000214e-01
7.330554999999999710e-01
7.332410000000000316e-01
7.334264999999999812e-01
7.336120000000000418e-01
7.337974999999999914e-01
7.339830000000000521e-01
7.341685000000000016e-01
7.343539999999999512e-01
7.345395000000000119e-01
7.347249999999999615e-01
7.349105000000000221e-01
7.350959999999999717e-01
7.352815000000000323e-01
7.354669999999999819e-01
7.356525000000000425e-01
7.358379999999999921e-01
7.360235000000000527e-01
7.362090000000000023e-01
7.363944999999999519e-01
7.365800000000000125e-01
7.367654999999999621e-01
7.369510000000000227e-01
7.371364999999999723e-01
7.373220000000000329e-01
7.375074999999999825e-01
7.376930000000000431e-01
7.378784999999999927e-01
7.380640000000000533e-01
7.382495000000000029e-01
7.384349999999999525e-01
7.386205000000000132e-01
7.388059999999999627e-01
7.389915000000000234e-01
7.391769999999999730e-01
7.393625000000000336e-01
7.395479999999999832e-01
7.397335000000000438e-01
7.399189999999999934e-01
7.401045000000000540e-01
7.402900000000000036e-01
7.404754999999999532e-01
7.406610000000000138e-01
7.408464999999999634e-01
7.410320000000000240e-01
7.412174999999999736e-01
7.414030000000000342e-01
7.415884999999999838e-01
7.417740000000000444e-01
7.419594999999999940e-01
7.421450000000000546e-01
7.423305000000000042e-01
7.425159999999999538e-01
7.427015000000000144e-01
7.428869999999999640e-01
7.430725000000000247e-01
7.432579999999999742e-01
7.434435000000000349e-01
7.436289999999999845e-01
7.438145000000000451e-01
7.439999999999999947e-01
7.439999999999999947e-01
7.456281249999999750e-01
7.472562499999999552e-01
7.488843750000000465e-01
7.505125000000000268e-01
7.521406250000000071e-01
7.537687499999999874e-01
7.553968749999999677e-01
7.570249999999999480e-01
7.586531250000000393e-01
7.602812500000000195e-01
7.619093749999999998e-01
7.635374999999999801e-01
7.651656249999999604e-01
7.667937500000000517e-01
7.684218750000000320e-01
7.700500000000000123e-01
7.716781249999999925e-01
7.733062499999999728e-01
7.749343749999999531e-01
7.765625000000000444e-01
7.781906250000000247e-01
7.798187500000000050e-01
7.814468749999999853e-01
7.830749999999999655e-01
7.847031249999999458e-01
7.863312500000000371e-01
7.879593750000000174e-01
7.895874999999999977e-01
7.912156249999999780e-01
7.928437499999999583e-01
7.944718750000000496e-01
7.961000000000000298e-01
7.977281250000000101e-01
7.993562499999999904e-01
8.009843749999999707e-01
8.026124999999999510e-01
8.042406250000000423e-01
8.058687500000000226e-01
8.074968750000000028e-01
8.091249999999999831e-01
8.107531249999999634e-01
8.123812500000000547e-01
8.140093750000000350e-01
8.156375000000000153e-01
8.172656249999999956e-01
8.188937499999999758e-01
8.205218749999999561e-01
8.221500000000000474e-01
8.237781250000000277e-01
8.254062500000000080e-01
8.270343749999999883e-01
8.286624999999999686e-01
8.302906249999999488e-01
8.319187500000000401e-01
8.335468750000000204e-01
8.351750000000000007e-01
8.368031249999999810e-01
8.384312499999999613e-01
8.400593750000000526e-01
8.416875000000000329e-01
8.433156250000000131e-01
8.449437499999999934e-01
8.465718749999999737e-01
8.481999999999999540e-01
8.498281250000000453e-01
8.514562500000000256e-01
8.530843750000000059e-01
8.547124999999999861e-01
8.563406249999999664e-01
8.579687499999999467e-01
8.595968750000000380e-01
8.612250000000000183e-01
8.628531249999999986e-01
8.644812499999999789e-01
8.661093749999999591e-01
8.677375000000000504e-01
8.693656250000000307e-01
8.709937500000000110e-01
8.726218749999999913e-01
8.742499999999999716e-01
8.758781249999999519e-01
8.775062500000000432e-01
8.791343750000000234e-01
8.807625000000000037e-01
8.823906249999999840e-01
8.840187499999999643e-01
8.856468749999999446e-01
8.872750000000000359e-01
8.889031250000000162e-01
8.905312499999999964e-01
8.921593749999999767e-01
8.937874999999999570e-01
8.954156250000000483e-01
8.970437500000000286e-01
8.986718750000000089e-01
9.002999999999999892e-01
9.019281249999999694e-01
9.035562499999999497e-01
9.051843750000000410e-01
9.068125000000000213e-01
9.068125000000000213e-01
9.086261249999999512e-01
9.104397499999999921e-01
9.122533750000000330e-01
9.140669999999999629e-01
9.158806250000000038e-01
9.176942500000000447e-01
9.195078749999999745e-01
9.213215000000000154e-01
9.231351249999999453e-01
9.249487499999999862e-01
9.267623750000000271e-01
9.285759999999999570e-01
9.303896249999999979e-01
9.322032500000000388e-01
9.340168749999999687e-01
9.358305000000000096e-01
9.376441250000000505e-01
9.394577499999999803e-01
9.412713750000000212e-01
9.430849999999999511e-01
9.448986249999999920e-01
9.467122500000000329e-01
9.485258749999999628e-01
9.503395000000000037e-01
9.521531250000000446e-01
9.539667499999999745e-01
9.557803750000000154e-01
9.575939999999999452e-01
9.594076249999999861e-01
9.612212500000000270e-01
9.630348749999999569e-01
9.648484999999999978e-01
9.666621250000000387e-01
9.684757499999999686e-01
9.702893750000000095e-01
9.721030000000000504e-01
9.739166249999999803e-01
9.757302500000000212e-01
9.775438749999999510e-01
9.793574999999999919e-01
9.811711250000000328e-01
9.829847499999999627e-01
9.847983750000000036e-01
9.866120000000000445e-01
9.884256249999999744e-01
9.902392500000000153e-01
9.920528749999999452e-01
9.938664999999999861e-01
9.956801250000000270e-01
9.974937499999999568e-01
9.993073749999999977e-01
1.001120999999999928e+00
1.002934624999999969e+00
1.004748250000000009e+00
1.006561875000000050e+00
1.008375500000000091e+00
1.010189124999999910e+00
1.012002749999999951e+00
1.013816374999999992e+00
1.015630000000000033e+00
1.017443625000000074e+00
1.019257249999999893e+00
1.021070874999999933e+00
1.022884499999999974e+00
1.024698125000000015e+00
1.026511750000000056e+00
1.028325375000000097e+00
1.030138999999999916e+00
1.031952624999999957e+00
1.033766249999999998e+00
1.035579875000000039e+00
1.037393500000000079e+00
1.039207124999999898e+00
1.041020749999999939e+00
1.042834374999999980e+00
1.044648000000000021e+00
1.046461625000000062e+00
1.048275250000000103e+00
1.050088874999999922e+00
1.051902499999999963e+00
1.053716125000000003e+00
1.055529750000000044e+00
1.057343375000000085e+00
1.059156999999999904e+00
1.060970624999999945e+00
1.062784249999999986e+00
1.064597875000000027e+00
1.066411500000000068e+00
1.068225125000000109e+00
1.070038749999999927e+00
1.071852374999999968e+00
1.073666000000000009e+00
1.075479625000000050e+00
1.077293250000000091e+00
1.079106874999999910e+00
1.080920499999999951e+00
1.082734124999999992e+00
1.084547750000000033e+00
1.086361375000000073e+00
1.088174999999999892e+00
1.089988624999999933e+00
1.091802249999999974e+00
1.093615875000000015e+00
1.095429500000000056e+00
1.097243125000000097e+00
1.099056749999999916e+00
1.100870374999999957e+00
1.102683999999999997e+00
1.104497625000000038e+00
1.106311250000000079e+00
1.108124874999999898e+00
1.109938499999999939e+00
1.111752124999999980e+00
1.113565750000000021e+00
1.115379375000000062e+00
1.117193000000000103e+00
1.119006624999999921e+00
1.120820249999999962e+00
1.122633875000000003e+00
1.124447500000000044e+00
1.126261125000000085e+00
1.128074749999999904e+00
1.129888374999999945e+00
1.131701999999999986e+00
1.133515625000000027e+00
1.135329250000000068e+00
1.137142875000000108e+00
1.138956499999999927e+00
1.140770124999999968e+00
1.142583750000000009e+00
1.144397375000000050e+00
1.146211000000000091e+00
1.148024624999999910e+00
1.149838249999999951e+00
1.151651874999999992e+00
1.153465500000000032e+00
1.155279125000000073e+00
1.157092749999999892e+00
1.158906374999999933e+00
1.160719999999999974e+00
1.162533625000000015e+00
1.164347250000000056e+00
1.166160875000000097e+00
1.167974499999999916e+00
1.169788124999999956e+00
1.171601749999999997e+00
1.173415375000000038e+00
1.175229000000000079e+00
1.177042624999999898e+00
1.178856249999999939e+00
1.180669874999999980e+00
1.182483500000000021e+00
1.184297125000000062e+00
1.186110750000000102e+00
1.187924374999999921e+00
1.189737999999999962e+00
1.191551625000000003e+00
1.193365250000000044e+00
1.195178875000000085e+00
1.196992499999999904e+00
1.198806124999999945e+00
1.200619749999999986e+00
1.202433375000000026e+00
1.204247000000000067e+00
1.206060625000000108e+00
1.207874249999999927e+00
1.209687874999999968e+00
1.211501500000000009e+00
1.213315125000000050e+00
1.215128750000000091e+00
1.216942374999999910e+00
1.218755999999999950e+00
1.220569624999999991e+00
1.222383250000000032e+00
1.224196875000000073e+00
1.226010499999999892e+00
1.227824124999999933e+00
1.229637749999999974e+00
1.231451375000000015e+00
1.233265000000000056e+00
1.235078625000000097e+00
1.236892249999999915e+00
1.238705874999999956e+00
1.240519499999999997e+00
1.242333125000000038e+00
1.244146750000000079e+00
1.245960374999999898e+00
1.247773999999999939e+00
1.249587624999999980e+00
1.251401250000000021e+00
1.253214875000000061e+00
1.255028500000000102e+00
1.256842124999999921e+00
1.258655749999999962e+00
1.260469375000000003e+00
1.262283000000000044e+00
1.264096625000000085e+00
1.265910249999999904e+00
1.267723874999999945e+00
1.269537499999999985e+00
1.271351125000000026e+00
1.273164750000000067e+00
1.274978375000000108e+00
1.276791999999999927e+00
1.278605624999999968e+00
1.280419250000000009e+00
1.282232875000000050e+00
1.284046500000000091e+00
1.285860124999999909e+00
1.287673749999999950e+00
1.289487374999999991e+00
1.291301000000000032e+00
1.293114625000000073e+00
1.294928249999999892e+00
1.296741874999999933e+00
1.298555499999999974e+00
1.300369125000000015e+00
1.302182750000000055e+00
1.303996375000000096e+00
1.305809999999999915e+00
1.307623624999999956e+00
1.309437249999999997e+00
1.311250875000000038e+00
1.313064500000000079e+00
1.314878124999999898e+00
1.316691749999999939e+00
1.318505374999999979e+00
1.320319000000000020e+00
1.322132625000000061e+00
1.323946250000000102e+00
1.325759874999999921e+00
1.327573499999999962e+00
1.329387125000000003e+00
1.331200750000000044e+00
1.333014375000000085e+00
1.334827999999999903e+00
1.336641624999999944e+00
1.338455249999999985e+00
1.340268875000000026e+00
1.342082500000000067e+00
1.343896125000000108e+00
1.345709749999999927e+00
1.347523374999999968e+00
1.349337000000000009e+00
1.351150625000000050e+00
1.352964250000000090e+00
1.354777874999999909e+00
1.356591499999999950e+00
1.358405124999999991e+00
1.360218750000000032e+00
1.362032375000000073e+00
1.363845999999999892e+00
1.365659624999999933e+00
1.367473249999999974e+00
1.369286875000000014e+00
1.371100500000000055e+00
1.372914125000000096e+00
1.374727749999999915e+00
1.376541374999999956e+00
1.378354999999999997e+00
1.380168625000000038e+00
1.381982250000000079e+00
1.383795874999999898e+00
1.385609499999999938e+00
1.387423124999999979e+00
1.389236750000000020e+00
1.391050375000000061e+00
1.392864000000000102e+00
1.394677624999999921e+00
1.396491249999999962e+00
1.398304875000000003e+00
1.400118500000000044e+00
1.401932125000000084e+00
1.403745749999999903e+00
1.405559374999999944e+00
1.407372999999999985e+00
1.409186625000000026e+00
1.411000250000000067e+00
1.412813875000000108e+00
1.414627499999999927e+00
1.416441124999999968e+00
1.418254750000000008e+00
1.420068375000000049e+00
1.421882000000000090e+00
1.423695624999999909e+00
1.425509249999999950e+00
1.427322874999999991e+00
1.429136500000000032e+00
1.430950125000000073e+00
1.432763749999999892e+00
1.434577374999999932e+00
1.436390999999999973e+00
1.438204625000000014e+00
1.440018250000000055e+00
1.441831875000000096e+00
1.443645499999999915e+00
1.445459124999999956e+00
1.447272749999999997e+00
1.449086375000000038e+00
1.450900000000000079e+00
1.452713624999999897e+00
1.454527249999999938e+00
1.456340874999999979e+00
1.458154500000000020e+00
1.459968125000000061e+00
1.461781750000000102e+00
1.463595374999999921e+00
1.465408999999999962e+00
1.467222625000000003e+00
1.469036250000000043e+00
1.470849875000000084e+00
1.472663499999999903e+00
1.474477124999999944e+00
1.476290749999999985e+00
1.478104375000000026e+00
1.479918000000000067e+00
1.481731625000000108e+00
1.483545249999999927e+00
1.485358874999999967e+00
1.487172500000000008e+00
1.488986125000000049e+00
1.490799750000000090e+00
1.492613374999999909e+00
1.494426999999999950e+00
1.496240624999999991e+00
1.498054250000000032e+00
1.499867875000000073e+00
1.501681499999999891e+00
1.503495124999999932e+00
1.505308749999999973e+00
1.507122375000000014e+00
1.508936000000000055e+00
1.510749625000000096e+00
1.512563249999999915e+00
1.514376874999999956e+00
1.516190499999999997e+00
1.518004125000000037e+00
1.519817750000000078e+00
1.521631374999999897e+00
1.523444999999999938e+00
1.525258624999999979e+00
1.527072250000000020e+00
1.528885875000000061e+00
1.530699500000000102e+00
1.532513124999999921e+00
1.534326749999999961e+00
1.536140375000000002e+00
1.537954000000000043e+00
1.539767625000000084e+00
1.541581249999999903e+00
1.543394874999999944e+00
1.545208499999999985e+00
1.547022125000000026e+00
1.548835750000000067e+00
1.550649375000000108e+00
1.552462999999999926e+00
1.554276624999999967e+00
1.556090250000000008e+00
1.557903875000000049e+00
1.559717500000000090e+00
1.561531124999999909e+00
1.563344749999999950e+00
1.565158374999999991e+00
1.566972000000000032e+00
1.568785625000000072e+00
1.570599249999999891e+00
1.572412874999999932e+00
1.574226499999999973e+00
1.576040125000000014e+00
1.577853750000000055e+00
1.579667375000000096e+00
1.581480999999999915e+00
1.583294624999999956e+00
1.585108249999999996e+00
1.586921875000000037e+00
1.588735500000000078e+00
1.590549124999999897e+00
1.592362749999999938e+00
1.594176374999999979e+00
1.595990000000000020e+00
1.597803625000000061e+00
1.599617250000000102e+00
1.601430874999999920e+00
1.603244499999999961e+00
1.605058125000000002e+00
1.606871750000000043e+00
1.608685375000000084e+00
1.610498999999999903e+00
1.612312624999999944e+00
1.614126249999999985e+00
1.615939875000000026e+00
1.617753500000000066e+00
1.619567125000000107e+00
1.621380749999999926e+00
1.623194374999999967e+00
1.625008000000000008e+00
1.626821625000000049e+00
1.628635250000000090e+00
1.630448874999999909e+00
1.632262499999999950e+00
1.634076124999999990e+00
1.635889750000000031e+00
1.637703375000000072e+00
1.639516999999999891e+00
1.641330624999999932e+00
1.643144249999999973e+00
1.644957875000000014e+00
1.646771500000000055e+00
1.648585125000000096e+00
1.650398749999999914e+00
1.652212374999999955e+00
1.654025999999999996e+00
1.655839625000000037e+00
1.657653250000000078e+00
1.659466874999999897e+00
1.661280499999999938e+00
1.663094124999999979e+00
1.664907750000000020e+00
1.666721375000000060e+00
1.668535000000000101e+00
1.670348624999999920e+00
1.672162249999999961e+00
1.673975875000000002e+00
1.675789500000000043e+00
1.677603125000000084e+00
1.679416749999999903e+00
1.681230374999999944e+00
1.683043999999999984e+00
1.684857625000000025e+00
1.686671250000000066e+00
1.688484875000000107e+00
1.690298499999999926e+00
1.692112124999999967e+00
1.693925750000000008e+00
1.695739375000000049e+00
1.697553000000000090e+00
1.699366624999999908e+00
1.701180249999999949e+00
1.702993874999999990e+00
1.704807500000000031e+00
1.706621125000000072e+00
1.708434749999999891e+00
1.710248374999999932e+00
1.712061999999999973e+00
1.713875625000000014e+00
1.715689250000000055e+00
1.717502875000000095e+00
1.719316499999999914e+00
1.721130124999999955e+00
1.722943749999999996e+00
1.724757375000000037e+00
1.726571000000000078e+00
1.728384624999999897e+00
1.730198249999999938e+00
1.732011874999999979e+00
1.733825500000000019e+00
1.735639125000000060e+00
1.737452750000000101e+00
1.739266374999999920e+00
1.741079999999999961e+00
1.742893625000000002e+00
1.744707250000000043e+00
1.746520875000000084e+00
1.748334499999999903e+00
1.750148124999999943e+00
1.751961749999999984e+00
1.753775375000000025e+00
1.755589000000000066e+00
1.757402625000000107e+00
1.759216249999999926e+00
1.761029874999999967e+00
1.762843500000000008e+00
1.764657125000000049e+00
1.766470750000000089e+00
1.768284374999999908e+00
1.770097999999999949e+00
1.771911624999999990e+00
1.773725250000000031e+00
1.775538875000000072e+00
1.777352499999999891e+00
1.779166124999999932e+00
1.780979749999999973e+00
1.782793375000000013e+00
1.784607000000000054e+00
1.786420625000000095e+00
1.788234249999999914e+00
1.790047874999999955e+00
1.791861499999999996e+00
1.793675125000000037e+00
1.795488750000000078e+00
1.797302374999999897e+00
1.799115999999999937e+00
1.800929624999999978e+00
1.802743250000000019e+00
1.804556875000000060e+00
1.806370500000000101e+00
1.808184124999999920e+00
1.809997749999999961e+00
1.811811375000000002e+00
1.813625000000000043e+00
1.815438625000000084e+00
1.817252249999999902e+00
1.819065874999999943e+00
1.820879499999999984e+00
1.822693125000000025e+00
1.824506750000000066e+00
1.826320375000000107e+00
1.828133999999999926e+00
1.829947624999999967e+00
1.831761250000000008e+00
1.833574875000000048e+00
1.835388500000000089e+00
1.837202124999999908e+00
1.839015749999999949e+00
1.840829374999999990e+00
1.842643000000000031e+00
1.844456625000000072e+00
1.846270249999999891e+00
1.848083874999999932e+00
1.849897499999999972e+00
1.851711125000000013e+00
1.853524750000000054e+00
1.855338375000000095e+00
1.857151999999999914e+00
1.858965624999999955e+00
1.860779249999999996e+00
1.862592875000000037e+00
1.864406500000000078e+00
1.866220124999999896e+00
1.868033749999999937e+00
1.869847374999999978e+00
1.871661000000000019e+00
1.873474625000000060e+00
1.875288250000000101e+00
1.877101874999999920e+00
1.878915499999999961e+00
1.880729125000000002e+00
1.882542750000000042e+00
1.884356375000000083e+00
1.886169999999999902e+00
1.887983624999999943e+00
1.889797249999999984e+00
1.891610875000000025e+00
1.893424500000000066e+00
1.895238125000000107e+00
1.897051749999999926e+00
1.898865374999999966e+00
1.900679000000000007e+00
1.902492625000000048e+00
1.904306250000000089e+00
1.906119874999999908e+00
1.907933499999999949e+00
1.909747124999999990e+00
1.911560750000000031e+00
1.913374375000000072e+00
1.915187999999999890e+00
1.917001624999999931e+00
1.918815249999999972e+00
1.920628875000000013e+00
1.922442500000000054e+00
1.924256125000000095e+00
1.926069749999999914e+00
1.927883374999999955e+00
1.929696999999999996e+00
1.931510625000000037e+00
1.933324250000000077e+00
1.935137874999999896e+00
1.936951499999999937e+00
1.938765124999999978e+00
1.940578750000000019e+00
1.942392375000000060e+00
1.944206000000000101e+00
1.946019624999999920e+00
1.947833249999999961e+00
1.949646875000000001e+00
1.951460500000000042e+00
1.953274125000000083e+00
1.955087749999999902e+00
1.956901374999999943e+00
1.958714999999999984e+00
1.960528625000000025e+00
1.962342250000000066e+00
1.964155875000000107e+00
1.965969499999999925e+00
1.967783124999999966e+00
1.969596750000000007e+00
1.971410375000000048e+00
1.973224000000000089e+00
1.975037624999999908e+00
1.976851249999999949e+00
1.978664874999999990e+00
1.980478500000000031e+00
1.982292125000000071e+00
1.984105749999999890e+00
1.985919374999999931e+00
1.987732999999999972e+00
1.989546625000000013e+00
1.991360250000000054e+00
1.993173875000000095e+00
1.994987499999999914e+00
1.996801124999999955e+00
1.998614749999999995e+00
2.000428374999999814e+00
2.002241999999999855e+00
2.004055624999999896e+00
2.005869249999999937e+00
2.007682874999999978e+00
2.009496500000000019e+00
2.011310125000000060e+00
2.013123750000000101e+00
2.014937375000000142e+00
2.016751000000000182e+00
2.018564624999999779e+00
2.020378249999999820e+00
2.022191874999999861e+00
2.024005499999999902e+00
2.025819124999999943e+00
2.027632749999999984e+00
2.029446375000000025e+00
2.031260000000000066e+00
2.033073625000000106e+00
2.034887250000000147e+00
2.036700875000000188e+00
2.038514499999999785e+00
2.040328124999999826e+00
2.042141749999999867e+00
2.043955374999999908e+00
2.045768999999999949e+00
2.047582624999999990e+00
2.049396250000000030e+00
2.051209875000000071e+00
2.053023500000000112e+00
2.054837125000000153e+00
2.056650750000000194e+00
2.058464374999999791e+00
2.060277999999999832e+00
2.062091624999999873e+00
2.063905249999999914e+00
2.065718874999999954e+00
2.067532499999999995e+00
2.069346125000000036e+00
2.071159750000000077e+00
2.072973375000000118e+00
2.074787000000000159e+00
2.076600625000000200e+00
2.078414249999999797e+00
2.080227874999999838e+00
2.082041499999999878e+00
2.083855124999999919e+00
2.085668749999999960e+00
2.087482375000000001e+00
2.089296000000000042e+00
2.091109625000000083e+00
2.092923250000000124e+00
2.094736875000000165e+00
2.096550500000000206e+00
2.098364124999999802e+00
2.100177749999999843e+00
2.101991374999999884e+00
2.103804999999999925e+00
2.105618624999999966e+00
2.107432250000000007e+00
2.109245875000000048e+00
2.111059500000000089e+00
2.112873125000000130e+00
2.114686750000000171e+00
2.116500375000000211e+00
2.118313999999999808e+00
2.120127624999999849e+00
2.121941249999999890e+00
2.123754874999999931e+00
2.125568499999999972e+00
2.127382125000000013e+00
2.129195750000000054e+00
2.131009375000000095e+00
2.132823000000000135e+00
2.134636625000000176e+00
2.136450250000000217e+00
2.138263874999999814e+00
2.140077499999999855e+00
2.141891124999999896e+00
2.143704749999999937e+00
2.145518374999999978e+00
2.147332000000000019e+00
2.149145625000000059e+00
2.150959250000000100e+00
2.152772875000000141e+00
2.154586500000000182e+00
2.156400124999999779e+00
2.158213749999999820e+00
2.160027374999999861e+00
2.161840999999999902e+00
2.163654624999999943e+00
2.165468249999999983e+00
2.167281875000000024e+00
2.169095500000000065e+00
2.170909125000000106e+00
2.172722750000000147e+00
2.174536375000000188e+00
2.176349999999999785e+00
2.178163624999999826e+00
2.179977249999999867e+00
2.181790874999999907e+00
2.183604499999999948e+00
2.185418124999999989e+00
2.187231750000000030e+00
2.189045375000000071e+00
2.190859000000000112e+00
2.192672625000000153e+00
2.194486250000000194e+00
2.196299874999999791e+00
2.198113499999999831e+00
2.199927124999999872e+00
2.201740749999999913e+00
2.203554374999999954e+00
2.205367999999999995e+00
2.207181625000000036e+00
2.208995250000000077e+00
2.210808875000000118e+00
2.212622500000000159e+00
2.214436125000000199e+00
2.216249749999999796e+00
2.218063374999999837e+00
2.219876999999999878e+00
2.221690624999999919e+00
2.223504249999999960e+00
2.225317875000000001e+00
2.227131500000000042e+00
2.228945125000000083e+00
2.230758750000000123e+00
2.232572375000000164e+00
2.234386000000000205e+00
2.236199624999999802e+00
2.238013249999999843e+00
2.239826874999999884e+00
2.241640499999999925e+00
2.243454124999999966e+00
2.245267750000000007e+00
2.247081375000000047e+00
2.248895000000000088e+00
2.250708625000000129e+00
2.252522250000000170e+00
2.254335875000000211e+00
2.256149499999999808e+00
2.257963124999999849e+00
2.259776749999999890e+00
2.261590374999999931e+00
2.263403999999999971e+00
2.265217625000000012e+00
2.267031250000000053e+00
2.268844875000000094e+00
2.270658500000000135e+00
2.272472125000000176e+00
2.274285750000000217e+00
2.276099374999999814e+00
2.277912999999999855e+00
2.279726624999999895e+00
2.281540249999999936e+00
2.283353874999999977e+00
2.285167500000000018e+00
2.286981125000000059e+00
2.288794750000000100e+00
2.290608375000000141e+00
2.292422000000000182e+00
2.294235624999999779e+00
2.296049249999999819e+00
2.297862874999999860e+00
2.299676499999999901e+00
2.301490124999999942e+00
2.303303749999999983e+00
2.305117375000000024e+00
2.306931000000000065e+00
2.308744625000000106e+00
2.310558250000000147e+00
2.312371875000000188e+00
2.314185499999999784e+00
2.315999124999999825e+00
2.317812749999999866e+00
2.319626374999999907e+00
2.321439999999999948e+00
2.323253624999999989e+00
2.325067250000000030e+00
2.326880875000000071e+00
2.328694500000000112e+00
2.330508125000000152e+00
2.332321750000000193e+00
2.334135374999999790e+00
2.335948999999999831e+00
2.337762624999999872e+00
2.339576249999999913e+00
2.341389874999999954e+00
2.343203499999999995e+00
2.345017125000000036e+00
2.346830750000000076e+00
2.348644375000000117e+00
2.350458000000000158e+00
2.352271625000000199e+00
2.354085249999999796e+00
2.355898874999999837e+00
2.357712499999999878e+00
2.359526124999999919e+00
2.361339749999999960e+00
2.363153375000000000e+00
2.364967000000000041e+00
2.366780625000000082e+00
2.368594250000000123e+00
2.370407875000000164e+00
2.372221500000000205e+00
2.374035124999999802e+00
2.375848749999999843e+00
2.377662374999999884e+00
2.379475999999999924e+00
2.381289624999999965e+00
2.383103250000000006e+00
2.384916875000000047e+00
2.386730500000000088e+00
2.388544125000000129e+00
2.390357750000000170e+00
2.392171375000000211e+00
2.393984999999999808e+00
2.395798624999999848e+00
2.397612249999999889e+00
2.399425874999999930e+00
2.401239499999999971e+00
2.403053125000000012e+00
2.404866750000000053e+00
2.406680375000000094e+00
2.408494000000000135e+00
2.410307625000000176e+00
2.412121250000000217e+00
2.413934874999999813e+00
2.415748499999999854e+00
2.417562124999999895e+00
2.419375749999999936e+00
2.421189374999999977e+00
2.423003000000000018e+00
2.424816625000000059e+00
2.426630250000000100e+00
2.428443875000000141e+00
2.430257500000000181e+00
2.432071124999999778e+00
2.433884749999999819e+00
2.435698374999999860e+00
2.437511999999999901e+00
2.439325624999999942e+00
2.441139249999999983e+00
2.442952875000000024e+00
2.444766500000000065e+00
2.446580125000000105e+00
2.448393750000000146e+00
2.450207375000000187e+00
2.452020999999999784e+00
2.453834624999999825e+00
2.455648249999999866e+00
2.457461874999999907e+00
2.459275499999999948e+00
2.461089124999999989e+00
2.462902750000000029e+00
2.464716375000000070e+00
2.466530000000000111e+00
2.468343625000000152e+00
2.470157250000000193e+00
2.471970874999999790e+00
2.473784499999999831e+00
2.475598124999999872e+00
2.477411749999999913e+00
2.479225374999999953e+00
2.481038999999999994e+00
2.482852625000000035e+00
2.484666250000000076e+00
2.486479875000000117e+00
2.488293500000000158e+00
2.490107125000000199e+00
2.491920749999999796e+00
2.493734374999999837e+00
2.495547999999999877e+00
2.497361624999999918e+00
2.499175249999999959e+00
2.500988875000000000e+00
2.502802500000000041e+00
2.504616125000000082e+00
2.506429750000000123e+00
2.508243375000000164e+00
2.510057000000000205e+00
2.511870624999999801e+00
2.513684249999999842e+00
2.515497874999999883e+00
2.517311499999999924e+00
2.519125124999999965e+00
2.520938750000000006e+00
2.522752375000000047e+00
2.524566000000000088e+00
2.526379625000000129e+00
2.528193250000000170e+00
2.530006875000000210e+00
2.531820499999999807e+00
2.533634124999999848e+00
2.535447749999999889e+00
2.537261374999999930e+00
2.539074999999999971e+00
2.540888625000000012e+00
2.542702250000000053e+00
2.544515875000000094e+00
2.546329500000000134e+00
2.548143125000000175e+00
2.549956750000000216e+00
2.551770374999999813e+00
2.553583999999999854e+00
2.555397624999999895e+00
2.557211249999999936e+00
2.559024874999999977e+00
2.560838500000000018e+00
2.562652125000000058e+00
2.564465750000000099e+00
2.566279375000000140e+00
2.568093000000000181e+00
2.569906624999999778e+00
2.571720249999999819e+00
2.573533874999999860e+00
2.575347499999999901e+00
2.577161124999999942e+00
2.578974749999999982e+00
2.580788375000000023e+00
2.582602000000000064e+00
2.584415625000000105e+00
2.586229250000000146e+00
2.588042875000000187e+00
2.589856499999999784e+00
2.591670124999999825e+00
2.593483749999999866e+00
2.595297374999999906e+00
2.597110999999999947e+00
2.598924624999999988e+00
2.600738250000000029e+00
2.602551875000000070e+00
2.604365500000000111e+00
2.606179125000000152e+00
2.607992750000000193e+00
2.609806374999999790e+00
2.611619999999999830e+00
2.613433624999999871e+00
2.615247249999999912e+00
2.617060874999999953e+00
2.618874499999999994e+00
2.620688125000000035e+00
2.622501750000000076e+00
2.624315375000000117e+00
2.626129000000000158e+00
2.627942625000000199e+00
2.629756249999999795e+00
2.631569874999999836e+00
2.633383499999999877e+00
2.635197124999999918e+00
2.637010749999999959e+00
2.638824375000000000e+00
2.640638000000000041e+00
2.642451625000000082e+00
2.644265250000000123e+00
2.646078875000000163e+00
2.647892500000000204e+00
2.649706124999999801e+00
2.651519749999999842e+00
2.653333374999999883e+00
2.655146999999999924e+00
2.656960624999999965e+00
2.658774250000000006e+00
2.660587875000000047e+00
2.662401500000000087e+00
2.664215125000000128e+00
2.666028750000000169e+00
2.667842375000000210e+00
2.669655999999999807e+00
2.671469624999999848e+00
2.673283249999999889e+00
2.675096874999999930e+00
2.676910499999999971e+00
2.678724125000000011e+00
2.680537750000000052e+00
2.682351375000000093e+00
2.684165000000000134e+00
2.685978625000000175e+00
2.687792250000000216e+00
2.689605874999999813e+00
2.691419499999999854e+00
2.693233124999999895e+00
2.695046749999999935e+00
2.696860374999999976e+00
2.698674000000000017e+00
2.700487625000000058e+00
2.702301250000000099e+00
2.704114875000000140e+00
2.705928500000000181e+00
2.707742125000000222e+00
2.709555749999999819e+00
2.711369374999999859e+00
2.713182999999999900e+00
2.714996624999999941e+00
2.716810249999999982e+00
2.718623875000000023e+00
2.720437500000000064e+00
2.722251125000000105e+00
2.724064750000000146e+00
2.725878375000000187e+00
2.727691999999999783e+00
2.729505624999999824e+00
2.731319249999999865e+00
2.733132874999999906e+00
2.734946499999999947e+00
2.736760124999999988e+00
2.738573750000000029e+00
2.740387375000000070e+00
2.742201000000000111e+00
2.744014625000000152e+00
2.745828250000000192e+00
2.747641874999999789e+00
2.749455499999999830e+00
2.751269124999999871e+00
2.753082749999999912e+00
2.754896374999999953e+00
2.756709999999999994e+00
2.758523625000000035e+00
2.760337250000000076e+00
2.762150875000000116e+00
2.763964500000000157e+00
2.765778125000000198e+00
2.767591749999999795e+00
2.769405374999999836e+00
2.771218999999999877e+00
2.773032624999999918e+00
2.774846249999999959e+00
2.776659875000000000e+00
2.778473500000000040e+00
2.780287125000000081e+00
2.782100750000000122e+00
2.783914375000000163e+00
2.785728000000000204e+00
2.787541624999999801e+00
2.789355249999999842e+00
2.791168874999999883e+00
2.792982499999999924e+00
2.794796124999999964e+00
2.796609750000000005e+00
2.798423375000000046e+00
2.800237000000000087e+00
2.802050625000000128e+00
2.803864250000000169e+00
2.805677875000000210e+00
2.807491499999999807e+00
2.809305124999999848e+00
2.811118749999999888e+00
2.812932374999999929e+00
2.814745999999999970e+00
2.816559625000000011e+00
2.818373250000000052e+00
2.820186875000000093e+00
2.822000500000000134e+00
2.823814125000000175e+00
2.825627750000000216e+00
2.827441374999999812e+00
2.829254999999999853e+00
2.831068624999999894e+00
2.832882249999999935e+00
2.834695874999999976e+00
2.836509500000000017e+00
2.838323125000000058e+00
2.840136750000000099e+00
2.841950375000000140e+00
2.843764000000000181e+00
2.845577625000000221e+00
2.847391249999999818e+00
2.849204874999999859e+00
2.851018499999999900e+00
2.852832124999999941e+00
2.854645749999999982e+00
2.856459375000000023e+00
2.858273000000000064e+00
2.860086625000000105e+00
2.861900250000000145e+00
2.863713875000000186e+00
2.865527499999999783e+00
2.867341124999999824e+00
2.869154749999999865e+00
2.870968374999999906e+00
2.872781999999999947e+00
2.874595624999999988e+00
2.876409250000000029e+00
2.878222875000000069e+00
2.880036500000000110e+00
2.881850125000000151e+00
2.883663750000000192e+00
2.885477374999999789e+00
2.887290999999999830e+00
2.889104624999999871e+00
2.890918249999999912e+00
2.892731874999999953e+00
2.894545499999999993e+00
2.896359125000000034e+00
2.898172750000000075e+00
2.899986375000000116e+00
2.901800000000000157e+00
2.903613625000000198e+00
2.905427249999999795e+00
2.907240874999999836e+00
2.909054499999999877e+00
2.910868124999999917e+00
2.912681749999999958e+00
2.914495374999999999e+00
2.916309000000000040e+00
2.918122625000000081e+00
2.919936250000000122e+00
2.921749875000000163e+00
2.923563500000000204e+00
2.925377124999999801e+00
2.927190749999999841e+00
2.929004374999999882e+00
2.930817999999999923e+00
2.932631624999999964e+00
2.934445250000000005e+00
2.936258875000000046e+00
2.938072500000000087e+00
2.939886125000000128e+00
2.941699750000000169e+00
2.943513375000000210e+00
2.945326999999999806e+00
2.947140624999999847e+00
2.948954249999999888e+00
2.950767874999999929e+00
2.952581499999999970e+00
2.954395125000000011e+00
2.956208750000000052e+00
2.958022375000000093e+00
2.959836000000000134e+00
2.961649625000000174e+00
2.963463250000000215e+00
2.965276874999999812e+00
2.967090499999999853e+00
2.968904124999999894e+00
2.970717749999999935e+00
2.972531374999999976e+00
2.974345000000000017e+00
2.976158625000000058e+00
2.977972250000000098e+00
2.979785875000000139e+00
2.981599500000000180e+00
2.983413125000000221e+00
2.985226749999999818e+00
2.987040374999999859e+00
2.988853999999999900e+00
2.990667624999999941e+00
2.992481249999999982e+00
2.994294875000000022e+00
2.996108500000000063e+00
2.997922125000000104e+00
2.999735750000000145e+00
3.001549375000000186e+00
3.003362999999999783e+00
3.005176624999999824e+00
3.006990249999999865e+00
3.008803874999999906e+00
3.010617499999999946e+00
3.012431124999999987e+00
3.014244750000000028e+00
3.016058375000000069e+00
3.017872000000000110e+00
3.019685625000000151e+00
3.021499250000000192e+00
3.023312874999999789e+00
3.025126499999999830e+00
3.026940124999999870e+00
3.028753749999999911e+00
3.030567374999999952e+00
3.032380999999999993e+00
3.034194625000000034e+00
3.036008250000000075e+00
3.037821875000000116e+00
3.039635500000000157e+00
3.041449125000000198e+00
3.043262749999999794e+00
3.045076374999999835e+00
3.046889999999999876e+00
3.048703624999999917e+00
3.050517249999999958e+00
3.052330874999999999e+00
3.054144500000000040e+00
3.055958125000000081e+00
3.057771750000000122e+00
3.059585375000000163e+00
3.061399000000000203e+00
3.063212624999999800e+00
3.065026249999999841e+00
3.066839874999999882e+00
3.068653499999999923e+00
3.070467124999999964e+00
3.072280750000000005e+00
3.074094375000000046e+00
3.075908000000000087e+00
3.077721625000000127e+00
3.079535250000000168e+00
3.081348875000000209e+00
3.083162499999999806e+00
3.084976124999999847e+00
3.086789749999999888e+00
3.088603374999999929e+00
3.090416999999999970e+00
3.092230625000000011e+00
3.094044250000000051e+00
3.095857875000000092e+00
3.097671500000000133e+00
3.099485125000000174e+00
3.101298750000000215e+00
3.103112374999999812e+00
3.104925999999999853e+00
3.106739624999999894e+00
3.108553249999999935e+00
3.110366874999999975e+00
3.112180500000000016e+00
3.113994125000000057e+00
3.115807750000000098e+00
3.117621375000000139e+00
3.119435000000000180e+00
3.121248625000000221e+00
3.123062249999999818e+00
3.124875874999999859e+00
3.126689499999999899e+00
3.128503124999999940e+00
3.130316749999999981e+00
3.132130375000000022e+00
3.133944000000000063e+00
3.135757625000000104e+00
3.137571250000000145e+00
3.139384875000000186e+00
3.141198499999999783e+00
3.143012124999999823e+00
3.144825749999999864e+00
3.146639374999999905e+00
3.148452999999999946e+00
3.150266624999999987e+00
3.152080250000000028e+00
3.153893875000000069e+00
3.155707500000000110e+00
3.157521125000000151e+00
3.159334750000000192e+00
3.161148374999999788e+00
3.162961999999999829e+00
3.164775624999999870e+00
3.166589249999999911e+00
3.168402874999999952e+00
3.170216499999999993e+00
3.172030125000000034e+00
3.173843750000000075e+00
3.175657375000000116e+00
3.177471000000000156e+00
3.179284625000000197e+00
3.181098249999999794e+00
3.182911874999999835e+00
3.184725499999999876e+00
3.186539124999999917e+00
3.188352749999999958e+00
3.190166374999999999e+00
3.191980000000000040e+00
3.193793625000000080e+00
3.195607250000000121e+00
3.197420875000000162e+00
3.199234500000000203e+00
3.201048124999999800e+00
3.202861749999999841e+00
3.204675374999999882e+00
3.206488999999999923e+00
3.208302624999999964e+00
3.210116250000000004e+00
3.211929875000000045e+00
3.213743500000000086e+00
3.215557125000000127e+00
3.217370750000000168e+00
3.219184375000000209e+00
3.220997999999999806e+00
3.222811624999999847e+00
3.224625249999999888e+00
3.226438874999999928e+00
3.228252499999999969e+00
3.230066125000000010e+00
3.231879750000000051e+00
3.233693375000000092e+00
3.235507000000000133e+00
3.237320625000000174e+00
3.239134250000000215e+00
3.240947874999999812e+00
3.242761499999999852e+00
3.244575124999999893e+00
3.246388749999999934e+00
3.248202374999999975e+00
3.250016000000000016e+00
3.251829625000000057e+00
3.253643250000000098e+00
3.255456875000000139e+00
3.257270500000000180e+00
3.259084125000000220e+00
3.260897749999999817e+00
3.262711374999999858e+00
3.264524999999999899e+00
3.266338624999999940e+00
3.268152249999999981e+00
3.269965875000000022e+00
3.271779500000000063e+00
3.273593125000000104e+00
3.275406750000000144e+00
3.277220375000000185e+00
3.279033999999999782e+00
3.280847624999999823e+00
3.282661249999999864e+00
3.284474874999999905e+00
3.286288499999999946e+00
3.288102124999999987e+00
3.289915750000000028e+00
3.291729375000000068e+00
3.293543000000000109e+00
3.295356625000000150e+00
3.297170250000000191e+00
3.298983874999999788e+00
3.300797499999999829e+00
3.302611124999999870e+00
3.304424749999999911e+00
3.306238374999999952e+00
3.308051999999999992e+00
3.309865625000000033e+00
3.311679250000000074e+00
3.313492875000000115e+00
3.315306500000000156e+00
3.317120125000000197e+00
3.318933749999999794e+00
3.320747374999999835e+00
3.322560999999999876e+00
3.324374624999999916e+00
3.326188249999999957e+00
3.328001874999999998e+00
3.329815500000000039e+00
3.331629125000000080e+00
3.333442750000000121e+00
3.335256375000000162e+00
3.337070000000000203e+00
3.338883624999999800e+00
3.340697249999999840e+00
3.342510874999999881e+00
3.344324499999999922e+00
3.346138124999999963e+00
3.347951750000000004e+00
3.349765375000000045e+00
3.351579000000000086e+00
3.353392625000000127e+00
3.355206250000000168e+00
3.357019875000000209e+00
3.358833499999999805e+00
3.360647124999999846e+00
3.362460749999999887e+00
3.364274374999999928e+00
3.366087999999999969e+00
3.367901625000000010e+00
3.369715250000000051e+00
3.371528875000000092e+00
3.373342500000000133e+00
3.375156125000000173e+00
3.376969750000000214e+00
3.378783374999999811e+00
3.380596999999999852e+00
3.382410624999999893e+00
3.384224249999999934e+00
3.386037874999999975e+00
3.387851500000000016e+00
3.389665125000000057e+00
3.391478750000000097e+00
3.393292375000000138e+00
3.395106000000000179e+00
3.396919625000000220e+00
3.398733249999999817e+00
3.400546874999999858e+00
3.402360499999999899e+00
3.404174124999999940e+00
3.405987749999999981e+00
3.407801375000000021e+00
3.409615000000000062e+00
3.411428625000000103e+00
3.413242250000000144e+00
3.415055875000000185e+00
3.416869499999999782e+00
3.418683124999999823e+00
3.420496749999999864e+00
3.422310374999999905e+00
3.424123999999999945e+00
3.425937624999999986e+00
3.427751250000000027e+00
3.429564875000000068e+00
3.431378500000000109e+00
3.433192125000000150e+00
3.435005750000000191e+00
3.436819374999999788e+00
3.438632999999999829e+00
3.440446624999999869e+00
3.442260249999999910e+00
3.444073874999999951e+00
3.445887499999999992e+00
3.447701125000000033e+00
3.449514750000000074e+00
3.451328375000000115e+00
3.453142000000000156e+00
3.454955625000000197e+00
3.456769249999999793e+00
3.458582874999999834e+00
3.460396499999999875e+00
3.462210124999999916e+00
3.464023749999999957e+00
3.465837374999999998e+00
3.467651000000000039e+00
3.469464625000000080e+00
3.471278250000000121e+00
3.473091875000000162e+00
3.474905500000000202e+00
3.476719124999999799e+00
3.478532749999999840e+00
3.480346374999999881e+00
3.482159999999999922e+00
3.483973624999999963e+00
3.485787250000000004e+00
3.487600875000000045e+00
3.489414500000000086e+00
3.491228125000000126e+00
3.493041750000000167e+00
3.494855375000000208e+00
3.496668999999999805e+00
3.498482624999999846e+00
3.500296249999999887e+00
3.502109874999999928e+00
3.503923499999999969e+00
3.505737125000000010e+00
3.507550750000000050e+00
3.509364375000000091e+00
3.511178000000000132e+00
3.512991625000000173e+00
3.514805250000000214e+00
3.516618874999999811e+00
3.518432499999999852e+00
3.520246124999999893e+00
3.522059749999999934e+00
3.523873374999999974e+00
3.525687000000000015e+00
3.527500625000000056e+00
3.529314250000000097e+00
3.531127875000000138e+00
3.532941500000000179e+00
3.534755125000000220e+00
3.536568749999999817e+00
3.538382374999999858e+00
3.540195999999999898e+00
3.542009624999999939e+00
3.543823249999999980e+00
3.545636875000000021e+00
3.547450500000000062e+00
3.549264125000000103e+00
3.551077750000000144e+00
3.552891375000000185e+00
3.554704999999999782e+00
3.556518624999999822e+00
3.558332249999999863e+00
3.560145874999999904e+00
3.561959499999999945e+00
3.563773124999999986e+00
3.565586750000000027e+00
3.567400375000000068e+00
3.569214000000000109e+00
3.571027625000000150e+00
3.572841250000000191e+00
3.574654874999999787e+00
3.576468499999999828e+00
3.578282124999999869e+00
3.580095749999999910e+00
3.581909374999999951e+00
3.583722999999999992e+00
3.585536625000000033e+00
3.587350250000000074e+00
3.589163875000000115e+00
3.590977500000000155e+00
3.592791125000000196e+00
3.594604749999999793e+00
3.596418374999999834e+00
3.598231999999999875e+00
3.600045624999999916e+00
3.601859249999999957e+00
3.603672874999999998e+00
3.605486500000000039e+00
3.607300125000000079e+00
3.609113750000000120e+00
3.610927375000000161e+00
3.612741000000000202e+00
3.614554624999999799e+00
3.616368249999999840e+00
3.618181874999999881e+00
3.619995499999999922e+00
3.621809124999999963e+00
3.623622750000000003e+00
3.625436375000000044e+00
3.627250000000000085e+00
3.627477499999999910e+00
3.627705000000000179e+00
3.627932500000000005e+00
3.628159999999999830e+00
3.628387500000000099e+00
3.628614999999999924e+00
3.628842500000000193e+00
3.629070000000000018e+00
3.629297499999999843e+00
3.629525000000000112e+00
3.629752499999999937e+00
3.629980000000000206e+00
3.630207500000000032e+00
3.630434999999999857e+00
3.630662500000000126e+00
3.630889999999999951e+00
3.631117500000000220e+00
3.631345000000000045e+00
3.631572499999999870e+00
3.631800000000000139e+00
3.632027499999999964e+00
3.632254999999999789e+00
3.632482500000000059e+00
3.632709999999999884e+00
3.632937500000000153e+00
3.633164999999999978e+00
3.633392499999999803e+00
3.633620000000000072e+00
3.633847499999999897e+00
3.634075000000000166e+00
3.634302499999999991e+00
3.634529999999999816e+00
3.634757500000000086e+00
3.634984999999999911e+00
3.635212500000000180e+00
3.635440000000000005e+00
3.635667499999999830e+00
3.635895000000000099e+00
3.636122499999999924e+00
3.636350000000000193e+00
3.636577500000000018e+00
3.636804999999999843e+00
3.637032500000000113e+00
3.637259999999999938e+00
3.637487500000000207e+00
3.637715000000000032e+00
3.637942499999999857e+00
3.638170000000000126e+00
3.638397499999999951e+00
3.638625000000000220e+00
3.638852500000000045e+00
3.639079999999999870e+00
3.639307500000000140e+00
3.639534999999999965e+00
3.639762499999999790e+00
3.639990000000000059e+00
3.640217499999999884e+00
3.640445000000000153e+00
3.640672499999999978e+00
3.640899999999999803e+00
3.641127500000000072e+00
3.641354999999999897e+00
3.641582500000000167e+00
3.641809999999999992e+00
3.642037499999999817e+00
3.642265000000000086e+00
3.642492499999999911e+00
3.642720000000000180e+00
3.642947500000000005e+00
3.643174999999999830e+00
3.643402500000000099e+00
3.643629999999999924e+00
3.643857500000000194e+00
3.644085000000000019e+00
3.644312499999999844e+00
3.644540000000000113e+00
3.644767499999999938e+00
3.644995000000000207e+00
3.645222500000000032e+00
3.645449999999999857e+00
3.645677500000000126e+00
3.645904999999999951e+00
3.646132500000000221e+00
3.646360000000000046e+00
3.646587499999999871e+00
3.646815000000000140e+00
3.647042499999999965e+00
3.647269999999999790e+00
3.647497500000000059e+00
3.647724999999999884e+00
3.647952500000000153e+00
3.648179999999999978e+00
3.648407499999999803e+00
3.648635000000000073e+00
3.648862499999999898e+00
3.649090000000000167e+00
3.649317499999999992e+00
3.649544999999999817e+00
3.649772500000000086e+00
3.649999999999999911e+00
3.649999999999999911e+00
3.652169999999999916e+00
3.654339999999999922e+00
3.656509999999999927e+00
3.658679999999999932e+00
3.660849999999999937e+00
3.663019999999999943e+00
3.665189999999999948e+00
3.667359999999999953e+00
3.669529999999999959e+00
3.671699999999999964e+00
3.673869999999999969e+00
3.676039999999999974e+00
3.678209999999999980e+00
3.680379999999999985e+00
3.682549999999999990e+00
3.684719999999999995e+00
3.686890000000000001e+00
3.689060000000000006e+00
3.691230000000000011e+00
3.693400000000000016e+00
3.695570000000000022e+00
3.697740000000000027e+00
3.699910000000000032e+00
3.702080000000000037e+00
3.704250000000000043e+00
3.706420000000000048e+00
3.708590000000000053e+00
3.710760000000000058e+00
3.712930000000000064e+00
3.715100000000000069e+00
3.717270000000000074e+00
3.719440000000000079e+00
3.721610000000000085e+00
3.723780000000000090e+00
3.725950000000000095e+00
3.728120000000000100e+00
3.730290000000000106e+00
3.732460000000000111e+00
3.734630000000000116e+00
3.736800000000000122e+00
3.738970000000000127e+00
3.741140000000000132e+00
3.743310000000000137e+00
3.745480000000000143e+00
3.747650000000000148e+00
3.749820000000000153e+00
3.751990000000000158e+00
3.754160000000000164e+00
3.756330000000000169e+00
3.758500000000000174e+00
3.760670000000000179e+00
3.762840000000000185e+00
3.765010000000000190e+00
3.767180000000000195e+00
3.769350000000000200e+00
3.771520000000000206e+00
3.773690000000000211e+00
3.775860000000000216e+00
3.778030000000000221e+00
3.780199999999999783e+00
3.782369999999999788e+00
3.784539999999999793e+00
3.786709999999999798e+00
3.788879999999999804e+00
3.791049999999999809e+00
3.793219999999999814e+00
3.795389999999999819e+00
3.797559999999999825e+00
3.799729999999999830e+00
3.801899999999999835e+00
3.804069999999999840e+00
3.806239999999999846e+00
3.808409999999999851e+00
3.810579999999999856e+00
3.812749999999999861e+00
3.814919999999999867e+00
3.817089999999999872e+00
3.819259999999999877e+00
3.821429999999999882e+00
3.823599999999999888e+00
3.825769999999999893e+00
3.827939999999999898e+00
3.830109999999999904e+00
3.832279999999999909e+00
3.834449999999999914e+00
3.836619999999999919e+00
3.838789999999999925e+00
3.840959999999999930e+00
3.843129999999999935e+00
3.845299999999999940e+00
3.847469999999999946e+00
3.849639999999999951e+00
3.851809999999999956e+00
3.853979999999999961e+00
3.856149999999999967e+00
3.858319999999999972e+00
3.860489999999999977e+00
3.862659999999999982e+00
3.864829999999999988e+00
3.866999999999999993e+00