 0.000000000000000      0.0000000D+00
0.1000000014901161      0.0000000D+00
0.3000000119209288      0.0000000D+00
0.6006559729576110      0.0000000D+00
0.9013119935989378      0.0000000D+00
 1.201967954635620      0.0000000D+00
 1.502623915672302      0.0000000D+00
 1.803279876708984      0.0000000D+00
 2.103935956954956      0.0000000D+00
 2.404591798782348      0.0000000D+00
 2.705247640609741      0.0000000D+00
 3.005903959274291      0.0000000D+00
 3.299999952316284      0.0000000D+00
 3.901312112808227      0.0000000D+00
 6.178729057312010      0.0000000D+00
 56.17873001098632      0.0000000D+00
 93.45999908447265      0.0000000D+00
 94.64333343505858      0.0000000D+00
 96.44585418701171      0.0000000D+00
 100.0509109497070      0.0000000D+00
 150.0509033203125      0.0000000D+00
 200.0509033203125      0.0000000D+00
 250.0509033203125      0.0000000D+00
 299.8500061035155      0.0000000D+00
 300.2333374023437      0.0000000D+00
 302.0991210937499      0.0000000D+00
 305.8307495117187      0.0000000D+00
 355.8307495117187      0.0000000D+00
 405.8307495117187      0.0000000D+00
 455.8307495117187      0.0000000D+00
 505.8307495117187      0.0000000D+00
 555.8307495117187      0.0000000D+00
 605.8307495117186      0.0000000D+00
 655.8307495117186      0.0000000D+00
 675.9799804687499      0.0000000D+00
 676.4633178710936      0.0000000D+00
 678.3085327148436      0.0000000D+00
 681.9989624023436      0.0000000D+00
 731.9989624023436      0.0000000D+00
 781.9989624023436      0.0000000D+00
 831.9989624023436      0.0000000D+00
 881.9989624023436      0.0000000D+00
 931.9989624023436      0.0000000D+00
 945.1500244140623      0.0000000D+00
 946.0499877929685      0.0000000D+00
 947.8235473632810      0.0000000D+00
 951.3707885742186      0.0000000D+00
 1001.370788574219      0.0000000D+00
 1051.370849609375      0.0000000D+00
 1101.370849609375      0.0000000D+00
 1151.370849609375      0.0000000D+00
 1196.359985351562      0.0000000D+00
 1197.493286132812      0.0000000D+00
 1199.242797851562      0.0000000D+00
 1202.741577148437      0.0000000D+00
 1252.741577148437      0.0000000D+00
 1302.741577148437      0.0000000D+00
 1324.420043945312      0.0000000D+00
 1324.520019531250      0.0000000D+00
 1326.805664062500      0.0000000D+00
 1331.377197265625      0.0000000D+00
 1381.377197265625      0.0000000D+00
 1431.377197265625      0.0000000D+00
 1481.377197265625      0.0000000D+00
 1531.377197265625      0.0000000D+00
 1581.377197265625      0.0000000D+00
 1585.989990234375      0.0000000D+00
 1586.606689453125      0.0000000D+00
 1588.367797851562      0.0000000D+00
 1591.889892578125      0.0000000D+00
 1641.889892578125      0.0000000D+00
 1691.889892578125      0.0000000D+00
 1741.889892578125      0.0000000D+00
 1791.889892578125      0.0000000D+00
 1811.660034179687      0.0000000D+00
 1811.693359375000      0.0000000D+00
 1814.099731445312      0.0000000D+00
 1818.912475585937      0.0000000D+00
 1868.912475585937      0.0000000D+00
 1886.280029296875      0.0000000D+00
 1886.313354492187      0.0000000D+00
 1888.792236328125      0.0000000D+00
 1893.750000000000      0.0000000D+00
 1943.750000000000      0.0000000D+00
 1993.750000000000      0.0000000D+00
 2036.739990234375      0.0000000D+00
 2086.739990234375      0.0000000D+00
 2136.739990234375      0.0000000D+00
 2186.739990234375      0.0000000D+00
 2236.739990234375      0.0000000D+00
 2262.409912109375      0.0000000D+00
 2262.459960937500      0.0000000D+00
 2265.011474609375      0.0000000D+00
 2270.113769531250      0.0000000D+00
 2320.113769531250      0.0000000D+00
 2370.113769531250      0.0000000D+00
 2420.113769531250      0.0000000D+00
 2470.113769531250      0.0000000D+00
 2520.113769531250      0.0000000D+00
 2559.689941406250      0.0000000D+00
 2559.739990234375      0.0000000D+00
 2562.404785156250      0.0000000D+00
 2567.734130859375      0.0000000D+00
 2617.734130859375      0.0000000D+00
 2667.734130859375      0.0000000D+00
 2717.734130859375      0.0000000D+00
 2767.734130859375      0.0000000D+00
 2780.000000000000      0.0000000D+00
 2780.033447265625      0.0000000D+00
 2782.469238281250      0.0000000D+00
 2787.340576171875      0.0000000D+00
 2837.340576171875      0.0000000D+00
 2887.340576171874      0.0000000D+00
 2937.340576171874      0.0000000D+00
 2987.340576171874      0.0000000D+00
 3002.070068359374      0.0000000D+00
 3002.086669921874      0.0000000D+00
 3004.456298828124      0.0000000D+00
 3009.195556640624      0.0000000D+00
 3059.195556640624      0.0000000D+00
 3109.195556640624      0.0000000D+00
 3159.195556640624      0.0000000D+00
 3209.195556640624      0.0000000D+00
 3225.030029296874      0.0000000D+00
 3225.046630859374      0.0000000D+00
 3227.384765624999      0.0000000D+00
 3232.060546874999      0.0000000D+00
 3282.060546874999      0.0000000D+00
 3332.060546874999      0.0000000D+00
 3382.060546874999      0.0000000D+00
 3432.060546874999      0.0000000D+00
 3482.060546874999      0.0000000D+00
 3523.500000000000      0.0000000D+00
 3573.500000000000      0.0000000D+00
 3598.120117187499      0.0000000D+00
 3598.136718750000      0.0000000D+00
 3600.370117187499      0.0000000D+00
 3604.836914062499      0.0000000D+00
 3654.836914062499      0.0000000D+00
 3704.836914062499      0.0000000D+00
 3754.836914062499      0.0000000D+00
 3804.836914062499      0.0000000D+00
 3854.836914062499      0.0000000D+00
 3897.810058593749      0.0000000D+00
 3898.026611328124      0.0000000D+00
 3899.932128906249      0.0000000D+00
 3903.743164062499      0.0000000D+00
 3953.743164062499      0.0000000D+00
 4003.743164062499      0.0000000D+00
 4053.743164062499      0.0000000D+00
 4103.743164062499      0.0000000D+00
 4135.060058593749      0.0000000D+00
 4135.160156250000      0.0000000D+00
 4137.779785156249      0.0000000D+00
 4143.019042968749      0.0000000D+00
 4193.019042968749      0.0000000D+00
 4212.169921874999      0.0000000D+00
 4212.653320312499      0.0000000D+00
 4214.573730468749      0.0000000D+00
 4218.414550781249      0.0000000D+00
 4268.414550781249      0.0000000D+00
 4318.414550781249      0.0000000D+00
 4368.414550781249      0.0000000D+00
 4387.580078124999      0.0000000D+00
 4387.613281250000      0.0000000D+00
 4390.296875000000      0.0000000D+00
 4395.663574218749      0.0000000D+00
 4445.663574218749      0.0000000D+00
 4476.120117187499      0.0000000D+00
 4476.169921874999      0.0000000D+00
 4478.911621093749      0.0000000D+00
 4484.394042968749      0.0000000D+00
 4534.394042968749      0.0000000D+00
 4563.410156250000      0.0000000D+00
 4563.426757812499      0.0000000D+00
 4566.104980468749      0.0000000D+00
 4571.461425781249      0.0000000D+00
 4621.461425781249      0.0000000D+00
 4651.109863281249      0.0000000D+00
 4651.160156250000      0.0000000D+00
 4653.834960937499      0.0000000D+00
 4659.184570312499      0.0000000D+00
 4709.184570312499      0.0000000D+00
 4740.080078124999      0.0000000D+00
 4740.129882812499      0.0000000D+00
 4742.846191406249      0.0000000D+00
 4748.279296874999      0.0000000D+00
 4798.279296874999      0.0000000D+00
 4848.279296874999      0.0000000D+00
 4898.279296874999      0.0000000D+00
 4920.629882812499      0.0000000D+00
 4920.663574218749      0.0000000D+00
 4923.454101562499      0.0000000D+00
 4929.035156250000      0.0000000D+00
 4979.035156250000      0.0000000D+00
 5029.035156250000      0.0000000D+00
 5079.035156250000      0.0000000D+00
 5099.430175781249      0.0000000D+00
 5099.546875000000      0.0000000D+00
 5102.293945312499      0.0000000D+00
 5107.789062500000      0.0000000D+00
 5157.789062500000      0.0000000D+00
 5207.789062500000      0.0000000D+00
 5257.789062500000      0.0000000D+00
 5307.789062500000      0.0000000D+00
 5357.789062500000      0.0000000D+00
 5407.789062500000      0.0000000D+00
 5457.789062500000      0.0000000D+00
 5469.540039062499      0.0000000D+00
 5469.589843750000      0.0000000D+00
 5472.353027343749      0.0000000D+00
 5477.879394531249      0.0000000D+00
 5527.879394531249      0.0000000D+00
 5560.700195312499      0.0000000D+00
 5610.700195312499      0.0000000D+00
 5660.700195312499      0.0000000D+00
 5710.700195312499      0.0000000D+00
 5743.020019531249      0.0000000D+00
 5743.053222656249      0.0000000D+00
 5745.747070312499      0.0000000D+00
 5751.134765624999      0.0000000D+00
 5801.134765624999      0.0000000D+00
 5835.089843749999      0.0000000D+00
 5835.106445312499      0.0000000D+00
 5837.744628906248      0.0000000D+00
 5843.020507812499      0.0000000D+00
 5893.020507812499      0.0000000D+00
 5927.620117187499      0.0000000D+00
 5927.753417968748      0.0000000D+00
 5930.538574218749      0.0000000D+00
 5936.108398437498      0.0000000D+00
 5986.108398437498      0.0000000D+00
 6024.000000000000      0.0000000D+00
 6024.966796874999      0.0000000D+00
 6026.852050781249      0.0000000D+00
 6030.623535156249      0.0000000D+00
 6080.623535156249      0.0000000D+00
 6098.020019531248      0.0000000D+00
 6099.186523437498      0.0000000D+00
 6101.077148437498      0.0000000D+00
 6104.857421874999      0.0000000D+00
 6154.857421874999      0.0000000D+00
 6200.830078124999      0.0000000D+00
 6201.263183593748      0.0000000D+00
 6203.228027343749      0.0000000D+00
 6207.156250000000      0.0000000D+00
 6257.156250000000      0.0000000D+00
 6307.156250000000      0.0000000D+00
 6321.000000000000      0.0000000D+00
 6321.850097656249      0.0000000D+00
 6323.772949218749      0.0000000D+00
 6327.618652343749      0.0000000D+00
 6377.618652343749      0.0000000D+00
 6411.270019531248      0.0000000D+00
 6411.286621093748      0.0000000D+00
 6413.924316406248      0.0000000D+00
 6419.200195312499      0.0000000D+00
 6469.200195312499      0.0000000D+00
 6501.979980468748      0.0000000D+00
 6502.029785156249      0.0000000D+00
 6504.718750000000      0.0000000D+00
 6510.095703124999      0.0000000D+00
 6560.095703124999      0.0000000D+00
 6610.095703124999      0.0000000D+00
 6660.095703124999      0.0000000D+00
 6686.120117187499      0.0000000D+00
 6686.203125000000      0.0000000D+00
 6688.920898437498      0.0000000D+00
 6694.356933593748      0.0000000D+00
 6744.356933593748      0.0000000D+00
 6780.540039062499      0.0000000D+00
 6780.556640624999      0.0000000D+00
 6783.204589843749      0.0000000D+00
 6788.500488281249      0.0000000D+00
 6838.500488281249      0.0000000D+00
 6888.500488281249      0.0000000D+00
 6938.500488281249      0.0000000D+00
 6970.339843749999      0.0000000D+00
 6970.373535156249      0.0000000D+00
 6973.093261718749      0.0000000D+00
 6978.533203124999      0.0000000D+00
 7028.533203124999      0.0000000D+00
 7078.533203124999      0.0000000D+00
 7128.533203124999      0.0000000D+00
 7178.533203124999      0.0000000D+00
 7228.533203124999      0.0000000D+00
 7278.533203124999      0.0000000D+00
 7328.533203124999      0.0000000D+00
 7353.870117187498      0.0000000D+00
 7353.886718749999      0.0000000D+00
 7356.544433593748      0.0000000D+00
 7361.860351562498      0.0000000D+00
 7411.860351562498      0.0000000D+00
 7461.860351562498      0.0000000D+00
 7511.860351562498      0.0000000D+00
 7546.640136718748      0.0000000D+00
 7546.939941406248      0.0000000D+00
 7548.910156249999      0.0000000D+00
 7552.850097656249      0.0000000D+00
 7602.850097656249      0.0000000D+00
 7634.759765624999      0.0000000D+00
 7634.810058593748      0.0000000D+00
 7637.444335937498      0.0000000D+00
 7642.713378906248      0.0000000D+00
 7692.713378906248      0.0000000D+00
 7742.713378906248      0.0000000D+00
 7792.713378906248      0.0000000D+00
 7813.560058593748      0.0000000D+00
 7814.143554687498      0.0000000D+00
 7816.086425781249      0.0000000D+00
 7819.974121093748      0.0000000D+00
 7869.974121093748      0.0000000D+00
 7919.974121093748      0.0000000D+00
 7969.974121093748      0.0000000D+00
 8019.974121093748      0.0000000D+00
 8028.740234374999      0.0000000D+00
 8029.206542968748      0.0000000D+00
 8031.178222656249      0.0000000D+00
 8035.122070312499      0.0000000D+00
 8085.122070312499      0.0000000D+00
 8135.122070312499      0.0000000D+00
 8185.122070312499      0.0000000D+00
 8213.799804687498      0.0000000D+00
 8213.916992187498      0.0000000D+00
 8216.624023437498      0.0000000D+00
 8222.041015624999      0.0000000D+00
 8272.041015624999      0.0000000D+00
 8309.679687500000      0.0000000D+00
 8309.730468749999      0.0000000D+00
 8312.425781249999      0.0000000D+00
 8317.816406249999      0.0000000D+00
 8367.816406249999      0.0000000D+00
 8407.080078124999      0.0000000D+00
 8407.113281249999      0.0000000D+00
 8409.892578124999      0.0000000D+00
 8415.452148437498      0.0000000D+00
 8465.452148437498      0.0000000D+00
 8515.452148437498      0.0000000D+00
 8565.452148437498      0.0000000D+00
 8615.452148437498      0.0000000D+00
 8665.452148437498      0.0000000D+00
 8696.230468749999      0.0000000D+00
 8696.346679687498      0.0000000D+00
 8699.093750000000      0.0000000D+00
 8704.588867187498      0.0000000D+00
 8754.588867187498      0.0000000D+00
 8804.588867187498      0.0000000D+00
 8854.588867187498      0.0000000D+00
 8896.290039062498      0.0000000D+00
 8896.356445312499      0.0000000D+00
 8899.095703124999      0.0000000D+00
 8904.572265624999      0.0000000D+00
 8954.572265624999      0.0000000D+00
 9004.572265624999      0.0000000D+00
 9054.572265624999      0.0000000D+00
 9100.769531249999      0.0000000D+00
 9100.836914062498      0.0000000D+00
 9103.588867187498      0.0000000D+00
 9109.092773437498      0.0000000D+00
 9159.092773437498      0.0000000D+00
 9209.092773437498      0.0000000D+00
 9259.092773437498      0.0000000D+00
 9309.092773437498      0.0000000D+00
 9309.879882812499      0.0000000D+00
 9309.962890624999      0.0000000D+00
 9312.777343749999      0.0000000D+00
 9318.406250000000      0.0000000D+00
 9368.406250000000      0.0000000D+00
 9418.406250000000      0.0000000D+00
 9468.406250000000      0.0000000D+00
 9518.406250000000      0.0000000D+00
 9525.059570312499      0.0000000D+00
 9525.193359374999      0.0000000D+00
 9528.041992187498      0.0000000D+00
 9533.740234374999      0.0000000D+00
 9583.740234374999      0.0000000D+00
 9633.740234374999      0.0000000D+00
 9683.740234374999      0.0000000D+00
 9733.740234374999      0.0000000D+00
 9750.740234374999      0.0000000D+00
 9750.773437500000      0.0000000D+00
 9753.644531249999      0.0000000D+00
 9759.385742187498      0.0000000D+00
 9809.385742187498      0.0000000D+00
 9859.385742187498      0.0000000D+00
 9909.385742187498      0.0000000D+00
 9959.385742187498      0.0000000D+00
 9979.200195312499      0.0000000D+00
 9979.316406249999      0.0000000D+00
 9982.200195312499      0.0000000D+00
 9987.966796874999      0.0000000D+00
 10037.96679687500      0.0000000D+00
 10087.96679687500      0.0000000D+00
 10137.96679687500      0.0000000D+00
 10187.96679687500      0.0000000D+00
 10217.98046875000      0.0000000D+00
 10218.03027343750      0.0000000D+00
 10220.88671875000      0.0000000D+00
 10226.60156250000      0.0000000D+00
 10276.60156250000      0.0000000D+00
 10326.60156250000      0.0000000D+00
 10376.60156250000      0.0000000D+00
 10426.60156250000      0.0000000D+00
 10461.48046875000      0.0000000D+00
 10461.61328125000      0.0000000D+00
 10464.54687500000      0.0000000D+00
 10470.41601562500      0.0000000D+00
 10520.41601562500      0.0000000D+00
 10570.41601562500      0.0000000D+00
 10589.99023437500      0.0000000D+00
 10590.05664062500      0.0000000D+00
 10592.98730468750      0.0000000D+00
 10598.84960937500      0.0000000D+00
 10648.84960937500      0.0000000D+00
 10698.84960937500      0.0000000D+00
 10748.84960937500      0.0000000D+00
 10798.84960937500      0.0000000D+00
 10848.84960937500      0.0000000D+00
 10854.34960937500      0.0000000D+00
 10854.43359375000      0.0000000D+00
 10857.42089843750      0.0000000D+00
 10863.39550781250      0.0000000D+00
 10913.39550781250      0.0000000D+00
 10963.39550781250      0.0000000D+00
 10991.42968750000      0.0000000D+00
 10991.53027343750      0.0000000D+00
 10994.52832031250      0.0000000D+00
 11000.52441406250      0.0000000D+00
 11050.52441406250      0.0000000D+00
 11100.52441406250      0.0000000D+00
 11150.52441406250      0.0000000D+00
 11200.52441406250      0.0000000D+00
 11250.52441406250      0.0000000D+00
 11278.33984375000      0.0000000D+00
 11278.42285156250      0.0000000D+00
 11281.45214843750      0.0000000D+00
 11287.50976562500      0.0000000D+00
 11337.50976562500      0.0000000D+00
 11387.50976562500      0.0000000D+00
 11437.50976562500      0.0000000D+00
 11487.50976562500      0.0000000D+00
 11537.50976562500      0.0000000D+00
 11576.82031250000      0.0000000D+00
 11576.88671875000      0.0000000D+00
 11579.91601562500      0.0000000D+00
 11585.97460937500      0.0000000D+00
 11635.97460937500      0.0000000D+00
 11685.97460937500      0.0000000D+00
 11731.03027343750      0.0000000D+00
 11731.78027343750      0.0000000D+00
 11733.80078125000      0.0000000D+00
 11737.84277343750      0.0000000D+00
 11787.84277343750      0.0000000D+00
 11837.84277343750      0.0000000D+00
 11843.19042968750      0.0000000D+00
 11843.50683593750      0.0000000D+00
 11845.50488281250      0.0000000D+00
 11849.50292968750      0.0000000D+00
 11899.50292968750      0.0000000D+00
 11949.50292968750      0.0000000D+00
 11999.50292968750      0.0000000D+00
 12044.33984375000      0.0000000D+00
 12044.37304687500      0.0000000D+00
 12047.23242187500      0.0000000D+00
 12052.95019531250      0.0000000D+00
 12102.95019531250      0.0000000D+00
 12152.95019531250      0.0000000D+00
 12202.95019531250      0.0000000D+00
 12243.32031250000      0.0000000D+00
 12293.32031250000      0.0000000D+00
 12343.32031250000      0.0000000D+00
 12393.32031250000      0.0000000D+00
 12442.30957031250      0.0000000D+00
 12442.36035156250      0.0000000D+00
 12445.16406250000      0.0000000D+00
 12450.77050781250      0.0000000D+00
 12500.77050781250      0.0000000D+00
 12550.77050781250      0.0000000D+00
 12600.77050781250      0.0000000D+00
 12650.77050781250      0.0000000D+00
 12700.77050781250      0.0000000D+00
 12736.04980468750      0.0000000D+00
 12736.06640625000      0.0000000D+00
 12739.02832031250      0.0000000D+00
 12744.95312500000      0.0000000D+00
 12794.95312500000      0.0000000D+00
 12844.95312500000      0.0000000D+00
 12894.95312500000      0.0000000D+00
 12930.83984375000      0.0000000D+00
 12980.83984375000      0.0000000D+00
 13030.83984375000      0.0000000D+00
 13080.83984375000      0.0000000D+00
 13125.63964843750      0.0000000D+00
 13125.72363281250      0.0000000D+00
 13128.51074218750      0.0000000D+00
 13134.08496093750      0.0000000D+00
 13184.08496093750      0.0000000D+00
 13220.54003906250      0.0000000D+00
 13220.55664062500      0.0000000D+00
 13223.12695312500      0.0000000D+00
 13228.26660156250      0.0000000D+00
 13278.26660156250      0.0000000D+00
 13328.26660156250      0.0000000D+00
 13378.26660156250      0.0000000D+00
 13411.32031250000      0.0000000D+00
 13461.32031250000      0.0000000D+00
 13511.32031250000      0.0000000D+00
 13561.32031250000      0.0000000D+00
 13602.09960937500      0.0000000D+00
 13602.16699218750      0.0000000D+00
 13604.95410156250      0.0000000D+00
 13610.53027343750      0.0000000D+00
 13660.53027343750      0.0000000D+00
 13710.53027343750      0.0000000D+00
 13760.53027343750      0.0000000D+00
 13810.53027343750      0.0000000D+00
 13860.53027343750      0.0000000D+00
 13910.53027343750      0.0000000D+00
 13960.53027343750      0.0000000D+00
 14010.53027343750      0.0000000D+00
 14060.53027343750      0.0000000D+00
 14069.41015625000      0.0000000D+00
 14119.41015625000      0.0000000D+00
 14162.87988281250      0.0000000D+00
 14162.91308593750      0.0000000D+00
 14165.52636718750      0.0000000D+00
 14170.75292968750      0.0000000D+00
 14220.75292968750      0.0000000D+00
 14270.75292968750      0.0000000D+00
 14320.75292968750      0.0000000D+00
 14351.70996093750      0.0000000D+00
 14351.72656250000      0.0000000D+00
 14354.35449218750      0.0000000D+00
 14359.61035156250      0.0000000D+00
 14409.61035156250      0.0000000D+00
 14459.61035156250      0.0000000D+00
 14509.61035156250      0.0000000D+00
 14541.50976562500      0.0000000D+00
 14541.55957031250      0.0000000D+00
 14544.35253906250      0.0000000D+00
 14549.93750000000      0.0000000D+00
 14599.93750000000      0.0000000D+00
 14649.93750000000      0.0000000D+00
 14699.93750000000      0.0000000D+00
 14749.93750000000      0.0000000D+00
 14799.93750000000      0.0000000D+00
 14821.90039062500      0.0000000D+00
 14822.13378906250      0.0000000D+00
 14824.19042968750      0.0000000D+00
 14828.30371093750      0.0000000D+00
 14878.30371093750      0.0000000D+00
 14928.30371093750      0.0000000D+00
 14978.30371093750      0.0000000D+00
 15028.30371093750      0.0000000D+00
 15078.30371093750      0.0000000D+00
 15083.76953125000      0.0000000D+00
 15083.78710937500      0.0000000D+00
 15086.47558593750      0.0000000D+00
 15091.85253906250      0.0000000D+00
 15141.85253906250      0.0000000D+00
 15191.85253906250      0.0000000D+00
 15241.85253906250      0.0000000D+00
 15291.85253906250      0.0000000D+00
 15341.85253906250      0.0000000D+00
 15346.87988281250      0.0000000D+00
 15396.87988281250      0.0000000D+00
 15434.58984375000      0.0000000D+00
 15434.94042968750      0.0000000D+00
 15436.94726562500      0.0000000D+00
 15440.96289062500      0.0000000D+00
 15490.96289062500      0.0000000D+00
 15540.96289062500      0.0000000D+00
 15590.96289062500      0.0000000D+00
 15629.37988281250      0.0000000D+00
 15679.37988281250      0.0000000D+00
 15729.37988281250      0.0000000D+00
 15779.37988281250      0.0000000D+00
 15824.17968750000      0.0000000D+00
 15824.64648437500      0.0000000D+00
 15826.64453125000      0.0000000D+00
 15830.64160156250      0.0000000D+00
 15880.64160156250      0.0000000D+00
 15930.64160156250      0.0000000D+00
 15980.64160156250      0.0000000D+00
 16030.64160156250      0.0000000D+00
 16052.63964843750      0.0000000D+00
 16052.69042968750      0.0000000D+00
 16055.48632812500      0.0000000D+00
 16061.07812500000      0.0000000D+00
 16111.07812500000      0.0000000D+00
 16161.07812500000      0.0000000D+00
 16211.07812500000      0.0000000D+00
 16261.07812500000      0.0000000D+00
 16276.95996093750      0.0000000D+00
 16277.69335937500      0.0000000D+00
 16279.65234375000      0.0000000D+00
 16283.56933593750      0.0000000D+00
 16333.56933593750      0.0000000D+00
 16365.50000000000      0.0000000D+00
 16365.70019531250      0.0000000D+00
 16367.82031250000      0.0000000D+00
 16372.06152343750      0.0000000D+00
 16422.06250000000      0.0000000D+00
 16472.06250000000      0.0000000D+00
 16522.06250000000      0.0000000D+00
 16572.06250000000      0.0000000D+00
 16622.06250000000      0.0000000D+00
 16672.06250000000      0.0000000D+00
 16700.43945312500      0.0000000D+00
 16700.45703125000      0.0000000D+00
 16702.90039062500      0.0000000D+00
 16707.78906250000      0.0000000D+00
 16757.78906250000      0.0000000D+00
 16807.78906250000      0.0000000D+00
 16857.78906250000      0.0000000D+00
 16868.67968750000      0.0000000D+00
 16918.67968750000      0.0000000D+00
 16968.67968750000      0.0000000D+00
 17018.67968750000      0.0000000D+00
 17036.91015625000      0.0000000D+00
 17037.02734375000      0.0000000D+00
 17039.64453125000      0.0000000D+00
 17044.88085937500      0.0000000D+00
 17094.88085937500      0.0000000D+00
 17144.88085937500      0.0000000D+00
 17194.88085937500      0.0000000D+00
 17244.88085937500      0.0000000D+00
 17294.88085937500      0.0000000D+00
 17344.88085937500      0.0000000D+00
 17384.42968750000      0.0000000D+00
 17434.42968750000      0.0000000D+00
 17484.42968750000      0.0000000D+00
 17534.42968750000      0.0000000D+00
 17558.19921875000      0.0000000D+00
 17558.21679687500      0.0000000D+00
 17560.73046875000      0.0000000D+00
 17565.75976562500      0.0000000D+00
 17615.75976562500      0.0000000D+00
 17665.75976562500      0.0000000D+00
 17715.75976562500      0.0000000D+00
 17732.77929687500      0.0000000D+00
 17733.34570312500      0.0000000D+00
 17735.40625000000      0.0000000D+00
 17739.52929687500      0.0000000D+00
 17789.52929687500      0.0000000D+00
 17839.52929687500      0.0000000D+00
 17889.52929687500      0.0000000D+00
 17939.52929687500      0.0000000D+00
 17940.71093750000      0.0000000D+00
 17940.72656250000      0.0000000D+00
 17943.45703125000      0.0000000D+00
 17948.91796875000      0.0000000D+00
 17998.91796875000      0.0000000D+00
 18048.91796875000      0.0000000D+00
 18098.91796875000      0.0000000D+00
 18148.91796875000      0.0000000D+00
 18198.91796875000      0.0000000D+00
 18248.91796875000      0.0000000D+00
 18254.35937500000      0.0000000D+00
 18254.39257812500      0.0000000D+00
 18257.10742187500      0.0000000D+00
 18262.53710937500      0.0000000D+00
 18312.53710937500      0.0000000D+00
 18362.53710937500      0.0000000D+00
 18412.53710937500      0.0000000D+00
 18462.53710937500      0.0000000D+00
 18465.84960937500      0.0000000D+00
 18515.84960937500      0.0000000D+00
 18565.84960937500      0.0000000D+00
 18615.84960937500      0.0000000D+00
 18665.84960937500      0.0000000D+00
 18677.34960937500      0.0000000D+00
 18677.48242187500      0.0000000D+00
 18679.06640625000      0.0000000D+00
 18682.23046875000      0.0000000D+00
 18732.23046875000      0.0000000D+00
 18778.47070312500      0.0000000D+00
 18778.48632812500      0.0000000D+00
 18780.93945312500      0.0000000D+00
 18785.84570312500      0.0000000D+00
 18835.84570312500      0.0000000D+00
 18885.84570312500      0.0000000D+00
 18935.84570312500      0.0000000D+00
 18985.84570312500      0.0000000D+00
 19035.84570312500      0.0000000D+00
 19083.50976562500      0.0000000D+00
 19083.59375000000      0.0000000D+00
 19086.24804687500      0.0000000D+00
 19091.55468750000      0.0000000D+00
 19141.55468750000      0.0000000D+00
 19191.55468750000      0.0000000D+00
 19241.55468750000      0.0000000D+00
 19291.55468750000      0.0000000D+00
 19292.60937500000      0.0000000D+00
 19292.66015625000      0.0000000D+00
 19295.38671875000      0.0000000D+00
 19300.84179687500      0.0000000D+00
 19350.84179687500      0.0000000D+00
 19400.84179687500      0.0000000D+00
 19450.84179687500      0.0000000D+00
 19500.84179687500      0.0000000D+00
 19505.32031250000      0.0000000D+00
 19505.36914062500      0.0000000D+00
 19508.11914062500      0.0000000D+00
 19513.61523437500      0.0000000D+00
 19563.61523437500      0.0000000D+00
 19613.61523437500      0.0000000D+00
 19663.61523437500      0.0000000D+00
 19713.61523437500      0.0000000D+00
 19721.75976562500      0.0000000D+00
 19771.75976562500      0.0000000D+00
 19821.75976562500      0.0000000D+00
 19871.75976562500      0.0000000D+00
 19921.75976562500      0.0000000D+00
 19971.75976562500      0.0000000D+00
 20021.75976562500      0.0000000D+00
 20046.41992187500      0.0000000D+00
 20046.47070312500      0.0000000D+00
 20049.24414062500      0.0000000D+00
 20054.79101562500      0.0000000D+00
 20104.79101562500      0.0000000D+00
 20154.79101562500      0.0000000D+00
 20204.79101562500      0.0000000D+00
 20254.79101562500      0.0000000D+00
 20259.13085937500      0.0000000D+00
 20259.16406250000      0.0000000D+00
 20261.93164062500      0.0000000D+00
 20267.46875000000      0.0000000D+00
 20317.46875000000      0.0000000D+00
 20366.72070312500      0.0000000D+00
 20367.00390625000      0.0000000D+00
 20369.07421875000      0.0000000D+00
 20373.21875000000      0.0000000D+00
 20423.21875000000      0.0000000D+00
 20473.21875000000      0.0000000D+00
 20486.10937500000      0.0000000D+00
 20486.71093750000      0.0000000D+00
 20488.73242187500      0.0000000D+00
 20492.77539062500      0.0000000D+00
 20542.77539062500      0.0000000D+00
 20583.00000000000      0.0000000D+00
 20583.43359375000      0.0000000D+00
 20585.55664062500      0.0000000D+00
 20589.80468750000      0.0000000D+00
 20639.80468750000      0.0000000D+00
 20689.80468750000      0.0000000D+00
 20739.80468750000      0.0000000D+00
 20789.80468750000      0.0000000D+00
 20807.31054687500      0.0000000D+00
 20807.41015625000      0.0000000D+00
 20810.14257812500      0.0000000D+00
 20815.60742187500      0.0000000D+00
 20865.60742187500      0.0000000D+00
 20915.60742187500      0.0000000D+00
 20965.60742187500      0.0000000D+00
 21015.60742187500      0.0000000D+00
 21040.08007812500      0.0000000D+00
 21040.11328125000      0.0000000D+00
 21042.82226562500      0.0000000D+00
 21048.24218750000      0.0000000D+00
 21098.24218750000      0.0000000D+00
 21148.24218750000      0.0000000D+00
 21198.24218750000      0.0000000D+00
 21248.24218750000      0.0000000D+00
 21275.82031250000      0.0000000D+00
 21275.93750000000      0.0000000D+00
 21278.69921875000      0.0000000D+00
 21284.22460937500      0.0000000D+00
 21334.22460937500      0.0000000D+00
 21384.22460937500      0.0000000D+00
 21434.22460937500      0.0000000D+00
 21484.22460937500      0.0000000D+00
 21522.56054687500      0.0000000D+00
 21522.66015625000      0.0000000D+00
 21525.42187500000      0.0000000D+00
 21530.94335937500      0.0000000D+00
 21580.94335937500      0.0000000D+00
 21630.94335937500      0.0000000D+00
 21680.94335937500      0.0000000D+00
 21730.94335937500      0.0000000D+00
 21779.58984375000      0.0000000D+00
 21779.64062500000      0.0000000D+00
 21782.36718750000      0.0000000D+00
 21787.82031250000      0.0000000D+00
 21837.82031250000      0.0000000D+00
 21887.82031250000      0.0000000D+00
 21937.82031250000      0.0000000D+00
 21987.82031250000      0.0000000D+00
 22037.82031250000      0.0000000D+00
 22042.08007812500      0.0000000D+00
 22042.17968750000      0.0000000D+00
 22045.00976562500      0.0000000D+00
 22050.66992187500      0.0000000D+00
 22100.66992187500      0.0000000D+00
 22150.66992187500      0.0000000D+00
 22179.16015625000      0.0000000D+00
 22179.25976562500      0.0000000D+00
 22182.08398437500      0.0000000D+00
 22187.73242187500      0.0000000D+00
 22237.73242187500      0.0000000D+00
 22287.73242187500      0.0000000D+00
 22337.73242187500      0.0000000D+00
 22387.73242187500      0.0000000D+00
 22437.73242187500      0.0000000D+00
 22487.73242187500      0.0000000D+00
 22537.73242187500      0.0000000D+00
 22587.73242187500      0.0000000D+00
 22609.51953125000      0.0000000D+00
 22609.63671875000      0.0000000D+00
 22612.49218750000      0.0000000D+00
 22618.20703125000      0.0000000D+00
 22668.20703125000      0.0000000D+00
 22718.20703125000      0.0000000D+00
 22768.20703125000      0.0000000D+00
 22818.20703125000      0.0000000D+00
 22868.20703125000      0.0000000D+00
 22912.89062500000      0.0000000D+00
 22913.03906250000      0.0000000D+00
 22914.80273437500      0.0000000D+00
 22918.32812500000      0.0000000D+00
 22968.32812500000      0.0000000D+00
 23018.32812500000      0.0000000D+00
 23068.32812500000      0.0000000D+00
 23118.32812500000      0.0000000D+00
 23168.32812500000      0.0000000D+00
 23218.32812500000      0.0000000D+00
 23240.42968750000      0.0000000D+00
 23240.51367187500      0.0000000D+00
 23243.41796875000      0.0000000D+00
 23249.22851562500      0.0000000D+00
 23299.22851562500      0.0000000D+00
 23349.22851562500      0.0000000D+00
 23399.22851562500      0.0000000D+00
 23449.22851562500      0.0000000D+00
 23499.22851562500      0.0000000D+00
 23549.22851562500      0.0000000D+00
 23583.11914062500      0.0000000D+00
 23583.25390625000      0.0000000D+00
 23586.17773437500      0.0000000D+00
 23592.02734375000      0.0000000D+00
 23642.02734375000      0.0000000D+00
 23692.02734375000      0.0000000D+00
 23742.02734375000      0.0000000D+00
 23792.02734375000      0.0000000D+00
 23842.02734375000      0.0000000D+00
 23892.02734375000      0.0000000D+00
 23942.02734375000      0.0000000D+00
 23953.24023437500      0.0000000D+00
 23953.33984375000      0.0000000D+00
 23956.29687500000      0.0000000D+00
 23962.21289062500      0.0000000D+00
 24012.21289062500      0.0000000D+00
 24062.21289062500      0.0000000D+00
 24112.21289062500      0.0000000D+00
 24150.10937500000      0.0000000D+00
 24150.17578125000      0.0000000D+00
 24153.11718750000      0.0000000D+00
 24158.99804687500      0.0000000D+00
 24208.99804687500      0.0000000D+00
 24258.99804687500      0.0000000D+00
 24308.99804687500      0.0000000D+00
 24358.99804687500      0.0000000D+00
 24408.99804687500      0.0000000D+00
 24458.99804687500      0.0000000D+00
 24508.99804687500      0.0000000D+00
 24558.99804687500      0.0000000D+00
 24561.33984375000      0.0000000D+00
 24561.49023437500      0.0000000D+00
 24563.24609375000      0.0000000D+00
 24566.75976562500      0.0000000D+00
 24616.75976562500      0.0000000D+00
 24666.75976562500      0.0000000D+00
 24716.75976562500      0.0000000D+00
 24766.75976562500      0.0000000D+00
 24816.75976562500      0.0000000D+00
 24866.75976562500      0.0000000D+00
 24916.75976562500      0.0000000D+00
 24966.75976562500      0.0000000D+00
 25016.75976562500      0.0000000D+00
 25018.26953125000      0.0000000D+00
 25019.76953125000      0.0000000D+00
 25021.80468750000      0.0000000D+00
 25025.87304687500      0.0000000D+00
 25075.87304687500      0.0000000D+00
 25125.87304687500      0.0000000D+00
 25175.87304687500      0.0000000D+00
 25225.87304687500      0.0000000D+00
 25275.87304687500      0.0000000D+00
 25325.87304687500      0.0000000D+00
 25342.92968750000      0.0000000D+00
 25392.92968750000      0.0000000D+00
 25442.92968750000      0.0000000D+00
 25492.92968750000      0.0000000D+00
 25542.92968750000      0.0000000D+00
 25559.36914062500      0.0000000D+00
 25559.38671875000      0.0000000D+00
 25562.21679687500      0.0000000D+00
 25567.87695312500      0.0000000D+00
 25617.87695312500      0.0000000D+00
 25667.87695312500      0.0000000D+00
 25717.87695312500      0.0000000D+00
 25767.87695312500      0.0000000D+00
 25817.87695312500      0.0000000D+00
 25867.87695312500      0.0000000D+00
 25882.14062500000      0.0000000D+00
 25882.15625000000      0.0000000D+00
 25884.94140625000      0.0000000D+00
 25890.51171875000      0.0000000D+00
 25940.51171875000      0.0000000D+00
 25990.51171875000      0.0000000D+00
 26040.51171875000      0.0000000D+00
 26090.51171875000      0.0000000D+00
 26140.51171875000      0.0000000D+00
 26190.51171875000      0.0000000D+00
 26203.05078125000      0.0000000D+00
 26203.25000000000      0.0000000D+00
 26205.56250000000      0.0000000D+00
 26210.18945312500      0.0000000D+00
 26260.18945312500      0.0000000D+00
 26310.18945312500      0.0000000D+00
 26360.18945312500      0.0000000D+00
 26410.18945312500      0.0000000D+00
 26432.93945312500      0.0000000D+00
 26433.27343750000      0.0000000D+00
 26435.72460937500      0.0000000D+00
 26440.62695312500      0.0000000D+00
 26490.62695312500      0.0000000D+00
 26540.62695312500      0.0000000D+00
 26590.62695312500      0.0000000D+00
 26640.62695312500      0.0000000D+00
 26690.62695312500      0.0000000D+00
 26739.66015625000      0.0000000D+00
 26739.69335937500      0.0000000D+00
 26742.25781250000      0.0000000D+00
 26747.38867187500      0.0000000D+00
 26797.38867187500      0.0000000D+00
 26847.38867187500      0.0000000D+00
 26897.38867187500      0.0000000D+00
 26947.38867187500      0.0000000D+00
 26997.38867187500      0.0000000D+00
 27047.38867187500      0.0000000D+00
 27049.81054687500      0.0000000D+00
 27099.81054687500      0.0000000D+00
 27149.81054687500      0.0000000D+00
 27153.18945312500      0.0000000D+00
 27153.42382812500      0.0000000D+00
 27155.81445312500      0.0000000D+00
 27160.59570312500      0.0000000D+00
 27210.59570312500      0.0000000D+00
 27260.59570312500      0.0000000D+00
 27310.59570312500      0.0000000D+00
 27360.59570312500      0.0000000D+00
 27377.50000000000      0.0000000D+00
 27427.50000000000      0.0000000D+00
 27477.50000000000      0.0000000D+00
 27527.50000000000      0.0000000D+00
 27577.50000000000      0.0000000D+00
 27601.81054687500      0.0000000D+00
 27601.84375000000      0.0000000D+00
 27604.76171875000      0.0000000D+00
 27610.59960937500      0.0000000D+00
 27660.59960937500      0.0000000D+00
 27710.59960937500      0.0000000D+00
 27760.59960937500      0.0000000D+00
 27810.59960937500      0.0000000D+00
 27823.43945312500      0.0000000D+00
 27823.62304687500      0.0000000D+00
 27826.86914062500      0.0000000D+00
 27835.12890625000      0.0000000D+00
 27885.12890625000      0.0000000D+00
 27935.12890625000      0.0000000D+00
 27985.12890625000      0.0000000D+00
 28035.12890625000      0.0000000D+00
 28060.68945312500      0.0000000D+00
 28060.77343750000      0.0000000D+00
 28063.64062500000      0.0000000D+00
 28069.37500000000      0.0000000D+00
 28119.37500000000      0.0000000D+00
 28169.37500000000      0.0000000D+00
 28219.37500000000      0.0000000D+00
 28269.37500000000      0.0000000D+00
 28290.57031250000      0.0000000D+00
 28290.58593750000      0.0000000D+00
 28293.48632812500      0.0000000D+00
 28299.28906250000      0.0000000D+00
 28349.28906250000      0.0000000D+00
 28399.28906250000      0.0000000D+00
 28449.28906250000      0.0000000D+00
 28499.28906250000      0.0000000D+00
 28519.03906250000      0.0000000D+00
 28519.07421875000      0.0000000D+00
 28521.89257812500      0.0000000D+00
 28527.52929687500      0.0000000D+00
 28577.52929687500      0.0000000D+00
 28627.52929687500      0.0000000D+00
 28677.52929687500      0.0000000D+00
 28727.52929687500      0.0000000D+00
 28750.34960937500      0.0000000D+00
 28750.44921875000      0.0000000D+00
 28753.31640625000      0.0000000D+00
 28759.05078125000      0.0000000D+00
 28809.05078125000      0.0000000D+00
 28859.05078124999      0.0000000D+00
 28909.05078124999      0.0000000D+00
 28959.05078124999      0.0000000D+00
 28990.68945312499      0.0000000D+00
 28990.80664062499      0.0000000D+00
 28993.69726562499      0.0000000D+00
 28999.47656250000      0.0000000D+00
 29049.47656250000      0.0000000D+00
 29099.47656250000      0.0000000D+00
 29149.47656250000      0.0000000D+00
 29199.47656250000      0.0000000D+00
 29220.57031250000      0.0000000D+00
 29220.58593750000      0.0000000D+00
 29223.34960937499      0.0000000D+00
 29228.87500000000      0.0000000D+00
 29278.87500000000      0.0000000D+00
 29328.87500000000      0.0000000D+00
 29378.87500000000      0.0000000D+00
 29428.87500000000      0.0000000D+00
 29451.89062500000      0.0000000D+00
 29452.95703124999      0.0000000D+00
 29455.09960937499      0.0000000D+00
 29459.38281250000      0.0000000D+00
 29509.38281250000      0.0000000D+00
 29559.38281250000      0.0000000D+00
 29609.38281250000      0.0000000D+00
 29644.66015624999      0.0000000D+00
 29645.09375000000      0.0000000D+00
 29647.33984374999      0.0000000D+00
 29651.83203124999      0.0000000D+00
 29701.83203124999      0.0000000D+00
 29751.83203124999      0.0000000D+00
 29801.83203124999      0.0000000D+00
 29851.83203124999      0.0000000D+00
 29901.83203124999      0.0000000D+00
 29951.83203124999      0.0000000D+00
 30001.83203124999      0.0000000D+00
 30051.83203124999      0.0000000D+00
 30099.71093750000      0.0000000D+00
 30100.24414062499      0.0000000D+00
 30102.45703124999      0.0000000D+00
 30106.88281250000      0.0000000D+00
 30156.88281250000      0.0000000D+00
 30206.88281250000      0.0000000D+00
 30219.88085937499      0.0000000D+00
 30221.16406250000      0.0000000D+00
 30223.28710937499      0.0000000D+00
 30227.53515624999      0.0000000D+00
 30277.53515624999      0.0000000D+00
 30327.53515624999      0.0000000D+00
 30377.53515624999      0.0000000D+00
 30427.53515624999      0.0000000D+00
 30460.21093750000      0.0000000D+00
 30461.69335937499      0.0000000D+00
 30463.84765624999      0.0000000D+00
 30468.15820312499      0.0000000D+00
 30518.15820312499      0.0000000D+00
 30568.15820312499      0.0000000D+00
 30571.68945312499      0.0000000D+00
 30571.72265624999      0.0000000D+00
 30574.64843750000      0.0000000D+00
 30580.49804687499      0.0000000D+00
 30630.49804687499      0.0000000D+00
 30680.49804687499      0.0000000D+00
 30730.49804687499      0.0000000D+00
 30780.49804687499      0.0000000D+00
 30797.36914062499      0.0000000D+00
 30797.40429687499      0.0000000D+00
 30800.27343750000      0.0000000D+00
 30806.01562500000      0.0000000D+00
 30856.01562500000      0.0000000D+00
 30906.01562500000      0.0000000D+00
 30956.01562500000      0.0000000D+00
 31006.01562500000      0.0000000D+00
 31025.83984374999      0.0000000D+00
 31026.12304687499      0.0000000D+00
 31028.62304687499      0.0000000D+00
 31033.62500000000      0.0000000D+00
 31083.62500000000      0.0000000D+00
 31133.62500000000      0.0000000D+00
 31153.46093750000      0.0000000D+00
 31153.67578124999      0.0000000D+00
 31156.30273437499      0.0000000D+00
 31161.55664062499      0.0000000D+00
 31211.55664062499      0.0000000D+00
 31261.55664062499      0.0000000D+00
 31270.58007812499      0.0000000D+00
 31270.77929687499      0.0000000D+00
 31274.02539062499      0.0000000D+00
 31282.92187500000      0.0000000D+00
 31332.92187500000      0.0000000D+00
 31382.92187500000      0.0000000D+00
 31432.92187500000      0.0000000D+00
 31482.92187500000      0.0000000D+00
 31524.08984374999      0.0000000D+00
 31524.42382812499      0.0000000D+00
 31526.77343750000      0.0000000D+00
 31531.47460937499      0.0000000D+00
 31581.47460937499      0.0000000D+00
 31631.47460937499      0.0000000D+00
 31635.57031250000      0.0000000D+00
 31635.58593750000      0.0000000D+00
 31638.58593750000      0.0000000D+00
 31644.58789062499      0.0000000D+00
 31694.58789062499      0.0000000D+00
 31744.58789062499      0.0000000D+00
 31794.58789062499      0.0000000D+00
 31844.58789062499      0.0000000D+00
 31859.88085937499      0.0000000D+00
 31859.89648437499      0.0000000D+00
 31862.75000000000      0.0000000D+00
 31868.45703124999      0.0000000D+00
 31918.45703124999      0.0000000D+00
 31968.45703124999      0.0000000D+00
 31972.71093750000      0.0000000D+00
 31972.72656250000      0.0000000D+00
 31975.76562500000      0.0000000D+00
 31981.84375000000      0.0000000D+00
 32031.84375000000      0.0000000D+00
 32081.84375000000      0.0000000D+00
 32131.84375000000      0.0000000D+00
 32181.84375000000      0.0000000D+00
 32199.77929687499      0.0000000D+00
 32199.81250000000      0.0000000D+00
 32202.71484374999      0.0000000D+00
 32208.51562500000      0.0000000D+00
 32258.51562500000      0.0000000D+00
 32308.51562500000      0.0000000D+00
 32314.72070312499      0.0000000D+00
 32364.72070312499      0.0000000D+00
 32414.72070312499      0.0000000D+00
 32429.66015624999      0.0000000D+00
 32429.67578124999      0.0000000D+00
 32432.56445312499      0.0000000D+00
 32438.34179687499      0.0000000D+00
 32488.34179687499      0.0000000D+00
 32538.34179687499      0.0000000D+00
 32588.34179687499      0.0000000D+00
 32638.34179687499      0.0000000D+00
 32660.98046874999      0.0000000D+00
 32661.06250000000      0.0000000D+00
 32664.02343750000      0.0000000D+00
 32669.94140624999      0.0000000D+00
 32719.94140624999      0.0000000D+00
 32769.94140624999      0.0000000D+00
 32773.14062500000      0.0000000D+00
 32773.19140624999      0.0000000D+00
 32776.22656250000      0.0000000D+00
 32782.29296874999      0.0000000D+00
 32832.29296874999      0.0000000D+00
 32882.29296874999      0.0000000D+00
 32932.29296874999      0.0000000D+00
 32982.29296874999      0.0000000D+00
 33032.29296874999      0.0000000D+00
 33082.29296874999      0.0000000D+00
 33115.82812500000      0.0000000D+00
 33115.86328124999      0.0000000D+00
 33118.68750000000      0.0000000D+00
 33124.33593750000      0.0000000D+00
 33174.33593750000      0.0000000D+00
 33224.33593750000      0.0000000D+00
 33274.33593750000      0.0000000D+00
 33324.33593750000      0.0000000D+00
 33347.14843750000      0.0000000D+00
 33347.16796874999      0.0000000D+00
 33349.99609374999      0.0000000D+00
 33355.65625000000      0.0000000D+00
 33405.65625000000      0.0000000D+00
 33455.65625000000      0.0000000D+00
 33463.53906250000      0.0000000D+00
 33463.57421874999      0.0000000D+00
 33466.56250000000      0.0000000D+00
 33472.53515624999      0.0000000D+00
 33522.53515624999      0.0000000D+00
 33572.53515624999      0.0000000D+00
 33578.48046874999      0.0000000D+00
 33578.59765624999      0.0000000D+00
 33581.65625000000      0.0000000D+00
 33587.77734374999      0.0000000D+00
 33637.77734374999      0.0000000D+00
 33687.77734374999      0.0000000D+00
 33737.77734374999      0.0000000D+00
 33787.77734374999      0.0000000D+00
 33818.82031250000      0.0000000D+00
 33818.90234374999      0.0000000D+00
 33821.88281250000      0.0000000D+00
 33827.84375000000      0.0000000D+00
 33877.84375000000      0.0000000D+00
 33927.84375000000      0.0000000D+00
 33977.84375000000      0.0000000D+00
 34027.84375000000      0.0000000D+00
 34067.21093750000      0.0000000D+00
 34067.41015624999      0.0000000D+00
 34070.65625000000      0.0000000D+00
 34079.95703124999      0.0000000D+00
 34129.95703124999      0.0000000D+00
 34179.95703124999      0.0000000D+00
 34202.28906250000      0.0000000D+00
 34202.52343750000      0.0000000D+00
 34205.03906250000      0.0000000D+00
 34210.07031250000      0.0000000D+00
 34260.07031250000      0.0000000D+00
 34310.07031250000      0.0000000D+00
 34352.75000000000      0.0000000D+00
 34352.93359374999      0.0000000D+00
 34356.17968750000      0.0000000D+00
 34364.65234374999      0.0000000D+00
 34414.65234374999      0.0000000D+00
 34464.65234374999      0.0000000D+00
 34514.65234374999      0.0000000D+00
 34517.96875000000      0.0000000D+00
 34518.17187500000      0.0000000D+00
 34521.41406250000      0.0000000D+00
 34530.32812500000      0.0000000D+00
 34580.32812500000      0.0000000D+00
 34630.32812500000      0.0000000D+00
 34667.21093750000      0.0000000D+00
 34667.24218750000      0.0000000D+00
 34670.44140624999      0.0000000D+00
 34676.83984374999      0.0000000D+00
 34726.83984374999      0.0000000D+00
 34776.83984374999      0.0000000D+00
 34814.08984374999      0.0000000D+00
 34814.10546874999      0.0000000D+00
 34817.35156250000      0.0000000D+00
 34824.04296874999      0.0000000D+00
 34874.04296874999      0.0000000D+00
 34924.04296874999      0.0000000D+00
 34959.80078124999      0.0000000D+00
 35009.80078124999      0.0000000D+00
 35059.80078124999      0.0000000D+00
 35109.80078124999      0.0000000D+00
 35159.80078124999      0.0000000D+00
 35209.80078124999      0.0000000D+00
 35251.23046874999      0.0000000D+00
 35251.37890624999      0.0000000D+00
 35253.16406250000      0.0000000D+00
 35256.73046874999      0.0000000D+00
 35306.73046874999      0.0000000D+00
 35356.73046874999      0.0000000D+00
 35406.73046874999      0.0000000D+00
 35408.05078124999      0.0000000D+00
 35408.10156250000      0.0000000D+00
 35411.25781250000      0.0000000D+00
 35417.57421874999      0.0000000D+00
 35467.57421874999      0.0000000D+00
 35517.57421874999      0.0000000D+00
 35567.57421874999      0.0000000D+00
 35568.96875000000      0.0000000D+00
 35569.20312500000      0.0000000D+00
 35571.84375000000      0.0000000D+00
 35577.12500000000      0.0000000D+00
 35627.12500000000      0.0000000D+00
 35677.12500000000      0.0000000D+00
 35712.42968750000      0.0000000D+00
 35712.44531250000      0.0000000D+00
 35715.24218750000      0.0000000D+00
 35720.83593750000      0.0000000D+00
 35770.83593750000      0.0000000D+00
 35820.83593750000      0.0000000D+00
 35870.83593750000      0.0000000D+00
 35920.83593750000      0.0000000D+00
 35970.83593750000      0.0000000D+00
 36001.57812500000      0.0000000D+00
 36051.57812500000      0.0000000D+00
 36101.57812500000      0.0000000D+00
 36146.14843750000      0.0000000D+00
 36146.39843750000      0.0000000D+00
 36148.93750000000      0.0000000D+00
 36154.01171874999      0.0000000D+00
 36204.01171874999      0.0000000D+00
 36254.01171874999      0.0000000D+00
 36304.01171874999      0.0000000D+00
 36354.01171874999      0.0000000D+00
 36404.01171874999      0.0000000D+00
 36454.01171874999      0.0000000D+00
 36473.69140624999      0.0000000D+00
 36473.75781250000      0.0000000D+00
 36476.90625000000      0.0000000D+00
 36483.20312500000      0.0000000D+00
 36533.20312500000      0.0000000D+00
 36583.20312500000      0.0000000D+00
 36631.85937500000      0.0000000D+00
 36632.01171874999      0.0000000D+00
 36633.83203124999      0.0000000D+00
 36637.48046874999      0.0000000D+00
 36687.48046874999      0.0000000D+00
 36737.48046874999      0.0000000D+00
 36787.48046874999      0.0000000D+00
 36837.48046874999      0.0000000D+00
 36887.48046874999      0.0000000D+00
 36925.58984374999      0.0000000D+00
 36925.70703124999      0.0000000D+00
 36928.84765624999      0.0000000D+00
 36935.13671874999      0.0000000D+00
 36985.13671874999      0.0000000D+00
 37035.13671874999      0.0000000D+00
 37081.10937500000      0.0000000D+00
 37081.14453124999      0.0000000D+00
 37084.39062500000      0.0000000D+00
 37091.12500000000      0.0000000D+00
 37141.12500000000      0.0000000D+00
 37191.12500000000      0.0000000D+00
 37234.03906250000      0.0000000D+00
 37234.07421874999      0.0000000D+00
 37237.06250000000      0.0000000D+00
 37243.03515624999      0.0000000D+00
 37293.03515624999      0.0000000D+00
 37343.03515624999      0.0000000D+00
 37389.55078124999      0.0000000D+00
 37389.71484374999      0.0000000D+00
 37392.96093750000      0.0000000D+00
 37402.97656250000      0.0000000D+00
 37452.97656250000      0.0000000D+00
 37502.97656250000      0.0000000D+00
 37552.97656250000      0.0000000D+00
 37602.97656250000      0.0000000D+00
 37652.97656250000      0.0000000D+00
 37676.46093750000      0.0000000D+00
 37676.55859374999      0.0000000D+00
 37679.75000000000      0.0000000D+00
 37686.13671874999      0.0000000D+00
 37736.13671874999      0.0000000D+00
 37786.13671874999      0.0000000D+00
 37826.92187500000      0.0000000D+00
 37827.00390624999      0.0000000D+00
 37830.25000000000      0.0000000D+00
 37836.73828124999      0.0000000D+00
 37886.73828124999      0.0000000D+00
 37936.73828124999      0.0000000D+00
 37971.48828124999      0.0000000D+00
 37971.52343750000      0.0000000D+00
 37974.76953124999      0.0000000D+00
 37981.50781250000      0.0000000D+00
 38031.50781250000      0.0000000D+00
 38081.50781250000      0.0000000D+00
 38113.85156250000      0.0000000D+00
 38113.88281250000      0.0000000D+00
 38116.98437500000      0.0000000D+00
 38123.18359374999      0.0000000D+00
 38173.18359374999      0.0000000D+00
 38223.18359374999      0.0000000D+00
 38258.42187500000      0.0000000D+00
 38258.53515624999      0.0000000D+00
 38261.78125000000      0.0000000D+00
 38268.28125000000      0.0000000D+00
 38318.28125000000      0.0000000D+00
 38368.28125000000      0.0000000D+00
 38395.50000000000      0.0000000D+00
 38445.50000000000      0.0000000D+00
 38495.50000000000      0.0000000D+00
 38532.57812500000      0.0000000D+00
 38582.57812500000      0.0000000D+00
 38632.57812500000      0.0000000D+00
 38669.66015624999      0.0000000D+00
 38669.67578124999      0.0000000D+00
 38672.92187500000      0.0000000D+00
 38680.35937500000      0.0000000D+00
 38730.35937500000      0.0000000D+00
 38780.35937500000      0.0000000D+00
 38805.73046874999      0.0000000D+00
 38805.74609374999      0.0000000D+00
 38808.77343750000      0.0000000D+00
 38814.82421874999      0.0000000D+00
 38864.82421874999      0.0000000D+00
 38914.82421874999      0.0000000D+00
 38942.80859374999      0.0000000D+00
 38992.80859374999      0.0000000D+00
 39042.80859374999      0.0000000D+00
 39079.89062500000      0.0000000D+00
 39129.89062500000      0.0000000D+00
 39179.89062500000      0.0000000D+00
 39229.89062500000      0.0000000D+00
 39279.89062500000      0.0000000D+00
 39329.89062500000      0.0000000D+00
 39354.05078124999      0.0000000D+00
 39354.16796874999      0.0000000D+00
 39357.41406250000      0.0000000D+00
 39364.00000000000      0.0000000D+00
 39414.00000000000      0.0000000D+00
 39464.00000000000      0.0000000D+00
 39498.62890624999      0.0000000D+00
 39498.67968750000      0.0000000D+00
 39501.92578124999      0.0000000D+00
 39508.78906250000      0.0000000D+00
 39558.78906250000      0.0000000D+00
 39608.78906250000      0.0000000D+00
 39658.78906250000      0.0000000D+00
 39708.78906250000      0.0000000D+00
 39758.78906250000      0.0000000D+00
 39781.14843750000      0.0000000D+00
 39781.18359374999      0.0000000D+00
 39784.42968750000      0.0000000D+00
 39791.21484374999      0.0000000D+00
 39841.21484374999      0.0000000D+00
 39891.21484374999      0.0000000D+00
 39920.30078124999      0.0000000D+00
 39920.35156250000      0.0000000D+00
 39923.59375000000      0.0000000D+00
 39930.43750000000      0.0000000D+00
 39980.43750000000      0.0000000D+00
 40030.43750000000      0.0000000D+00
 40056.37109374999      0.1598270D+00
 40056.43750000000      0.0000000D+00
 40059.68359374999      0.0000000D+00
 40066.31640624999      0.0000000D+00
 40116.31640624999      0.0000000D+00
 40166.31640624999      0.0000000D+00
 40196.57031250000      0.0000000D+00
 40196.58593750000      0.0000000D+00
 40199.58593750000      0.0000000D+00
 40205.58593750000      0.0000000D+00
 40255.58593750000      0.0000000D+00
 40305.58593750000      0.0000000D+00
 40337.82812500000      0.0000000D+00
 40337.91406250000      0.5830560D+00
 40341.16015624999      0.5892129D+00
 40347.95312500000      0.6010287D+00
 40397.95312500000      0.6793944D+00
 40447.95312500000      0.7586983D+00
 40473.89843750000      0.7994167D+00
 40473.96484374999      0.2635628D+00
 40477.21093750000      0.2655852D+00
 40483.86328124999      0.2721303D+00
 40533.86328124999      0.3507100D+00
 40583.86328124999      0.4264921D+00
 40614.10156250000      0.4740324D+00
 40614.16796874999      0.1007308D+01
 40617.41406250000      0.1013450D+01
 40624.28906250000      0.1025807D+01
 40674.28906250000      0.1102038D+01
 40724.28906250000      0.1179745D+01
 40774.28906250000      0.1256522D+01
 40824.28906250000      0.1334503D+01
 40874.28906250000      0.1411739D+01
 40886.23828124999      0.1429955D+01
 40936.23828124999      0.1506725D+01
 40986.23828124999      0.1583006D+01
 41022.30859374999      0.1639455D+01
 41022.32812500000      0.1772243D+01
 41025.57031250000      0.1777485D+01
 41032.57421874999      0.1790727D+01
 41082.57421874999      0.1866906D+01
 41132.57421874999      0.1942697D+01
 41157.39062500000      0.1981078D+01
 41157.42187500000      0.1714031D+01
 41160.66796874999      0.1717571D+01
 41167.32812500000      0.1726133D+01
 41217.32812500000      0.1801829D+01
 41267.32812500000      0.1876937D+01
 41294.46875000000      0.1918046D+01
 41294.76953124999      0.0000000D+00
 41297.66796874999      0.0000000D+00
 41303.46875000000      0.0000000D+00
 41353.46875000000      0.0000000D+00
 41403.46875000000      0.0000000D+00
 41452.62890624999      0.0000000D+00
 41453.14843750000      0.3562943D+01
 41455.14843750000      0.3588753D+01
 41459.15625000000      0.3592393D+01
 41509.15625000000      0.3648134D+01
 41559.15625000000      0.3703248D+01
 41577.67187500000      0.3724098D+01
 41577.68750000000      0.3590929D+01
 41580.75390624999      0.3592555D+01
 41586.88281250000      0.3597555D+01
 41636.88281250000      0.3655072D+01
 41686.88281250000      0.3713984D+01
 41736.88281250000      0.3771641D+01
 41786.88281250000      0.3830610D+01
 41829.44921874999      0.3882117D+01
 41829.48437500000      0.3609092D+01
 41832.65234374999      0.3609982D+01
 41838.99609374999      0.3616806D+01
 41888.99609374999      0.3675031D+01
 41938.99609374999      0.3733321D+01
 41957.07031250000      0.3756238D+01
 41957.13671874999      0.3201378D+01
 41960.38281250000      0.3200926D+01
 41967.14843750000      0.3207059D+01
 42017.14843750000      0.3264902D+01
 42067.14843750000      0.3324873D+01
 42088.32031250000      0.3350994D+01
 42088.48828124999      0.4730541D+01
 42090.46484374999      0.4750065D+01
 42094.42578124999      0.4755471D+01
 42144.42578124999      0.4817759D+01
 42194.42578124999      0.4879833D+01
 42244.42578124999      0.4943088D+01
 42294.42578124999      0.5006387D+01
 42333.42968750000      0.5057448D+01
 42333.44531250000      0.4920924D+01
 42336.50000000000      0.4923271D+01
 42342.60546874999      0.4929980D+01
 42392.60546874999      0.4991829D+01
 42442.60546874999      0.5054030D+01
 42492.60546874999      0.5119428D+01
 42542.60546874999      0.5183831D+01
 42580.17187500000      0.5231973D+01
 42580.30468750000      0.4109855D+01
 42583.55078124999      0.4101597D+01
 42590.24218750000      0.4105452D+01
 42640.24218750000      0.4165874D+01
 42690.24218750000      0.4230000D+01
 42710.48828124999      0.4257601D+01
 42760.48828124999      0.4317778D+01
 42810.48828124999      0.4378316D+01
 42860.48828124999      0.4440874D+01
 42910.48828124999      0.4502689D+01
 42960.48828124999      0.4563958D+01
 42971.12890624999      0.4578158D+01
 43021.12890624999      0.4639065D+01
 43071.12890624999      0.4699816D+01
 43101.44921874999      0.4737118D+01
 43101.46484374999      0.4875053D+01
 43104.71093750000      0.4880629D+01
 43111.51562500000      0.4890257D+01
 43161.51562500000      0.4953162D+01
 43211.51562500000      0.5015404D+01
 43261.51562500000      0.5077032D+01
 43311.51562500000      0.5137321D+01
 43360.26953124999      0.5198667D+01
 43360.37109374999      0.4365843D+01
 43363.61718750000      0.4358994D+01
 43370.33984374999      0.4365120D+01
 43420.33984374999      0.4422836D+01
 43470.33984374999      0.4485758D+01
 43520.33984374999      0.4545618D+01
 43570.33984374999      0.4605926D+01
 43620.33984374999      0.4663940D+01
 43630.42968750000      0.4677671D+01
 43630.87890624999      0.8476277D+01
 43634.01953124999      0.8553733D+01
 43640.29296874999      0.8562134D+01
 43690.29296874999      0.8629595D+01
 43740.29296874999      0.8698029D+01
 43743.26953124999      0.8702716D+01
 43743.35156250000      0.7971493D+01
 43746.54687500000      0.7963641D+01
 43752.93359374999      0.7971051D+01
 43802.93359374999      0.8040434D+01
 43852.93359374999      0.8109600D+01
 43859.66015624999      0.8122116D+01
 43909.66015624999      0.8185574D+01
 43959.66015624999      0.8251252D+01
 43976.03906250000      0.8272831D+01
 43976.55859374999      0.3906015D+01
 43979.70312500000      0.3862239D+01
 43985.99218750000      0.3860098D+01
 44035.99218750000      0.3912676D+01
 44085.99218750000      0.3962403D+01
 44120.62109374999      0.3998540D+01
 44170.62109374999      0.4051399D+01
 44220.62109374999      0.4101049D+01
 44265.19921874999      0.4147438D+01
 44265.33203124999      0.5237655D+01
 44268.57812500000      0.5235497D+01
 44275.44921874999      0.5242877D+01
 44325.44921874999      0.5298176D+01
 44375.44921874999      0.5352091D+01
 44401.26953124999      0.5380547D+01
 44401.40234374999      0.6491726D+01
 44404.64843750000      0.6489213D+01
 44411.39062500000      0.6497134D+01
 44461.39062500000      0.6554285D+01
 44511.39062500000      0.6611815D+01
 44561.39062500000      0.6668794D+01
 44611.39062500000      0.6725511D+01
 44661.39062500000      0.6785546D+01
 44711.39062500000      0.6843080D+01
 44761.39062500000      0.6899505D+01
 44786.80078124999      0.6929471D+01
 44787.05078124999      0.4833649D+01
 44790.29687500000      0.4813491D+01
 44796.99609374999      0.4815073D+01
 44846.99609374999      0.4866740D+01
 44896.99609374999      0.4917488D+01
 44930.26171874999      0.4952115D+01
 44930.44921874999      0.2841814D+01
 44930.64062500000      0.8722773D+00
 44930.83203124999      0.0000000D+00
 44931.01953124999      0.0000000D+00
 44931.21093750000      0.0000000D+00
 44931.40234374999      0.0000000D+00
 44931.59375000000      0.0000000D+00
 44931.78125000000      0.0000000D+00
 44931.97265624999      0.0000000D+00
 44932.16406250000      0.0000000D+00
 44932.35546874999      0.0000000D+00
 44932.41015624999      0.0000000D+00
 44932.43750000000      0.0000000D+00
 44932.46875000000      0.0000000D+00
 44932.50000000000      0.0000000D+00
 44932.52734374999      0.0000000D+00
 44932.55859374999      0.0000000D+00
 44932.58593750000      0.0000000D+00
 44932.61718750000      0.0000000D+00
 44932.64453124999      0.0000000D+00
 44932.67578124999      0.0000000D+00
 44932.70312500000      0.0000000D+00
 44932.72656250000      0.0000000D+00
 44932.78515624999      0.0000000D+00
 44933.32421874999      0.0000000D+00
 44933.76171874999      0.0000000D+00
 44934.22656250000      0.0000000D+00
 44934.44140624999      0.0000000D+00
 44934.47656250000      0.0000000D+00
 44934.49218750000      0.4101530D+01
 44934.52734374999      0.7877471D+01
 44934.68750000000      0.9797922D+01
 44935.07812500000      0.1462734D+02
 44935.24218750000      0.1469920D+02
 44935.39453124999      0.1664546D+02
 44935.42578124999      0.1673959D+02
 44935.67578124999      0.2054787D+02
 44935.92578124999      0.2444711D+02
 44935.96093750000      0.2655625D+02
 44936.16015624999      0.2970448D+02
 44936.17578124999      0.3019321D+02
 44936.42578124999      0.3450313D+02
 44936.54296874999      0.3723537D+02
 44937.60156250000      0.3735830D+02
 44939.72265624999      0.3732889D+02
 44942.52734374999      0.3728607D+02
 44942.55859374999      0.3781314D+02
 44942.67578124999      0.3789146D+02
 44942.71093750000      0.4189547D+02
 44942.80859374999      0.5688600D+02
 44942.84375000000      0.5989633D+02
 44942.87500000000      0.5913794D+02
 44942.96875000000      0.5827411D+02
 44943.16406250000      0.5840361D+02
 44943.55859374999      0.5818470D+02
 44946.92578124999      0.5718977D+02
 44946.94140624999      0.5564734D+02
 44946.96093750000      0.3445445D+02
 44946.97656250000      0.1550113D+02
 44946.99609374999      0.0000000D+00
 44947.01171874999      0.0000000D+00
 44947.03906250000      0.0000000D+00
 44947.09765624999      0.0000000D+00
 44947.12890624999      0.0000000D+00
 44947.14062500000      0.0000000D+00
 44947.14843750000      0.0000000D+00
 44947.16015624999      0.0000000D+00
 44947.16796874999      0.0000000D+00
 44947.17968750000      0.0000000D+00
 44947.18750000000      0.0000000D+00
 44947.19921874999      0.0000000D+00
 44947.20703124999      0.0000000D+00
 44947.21875000000      0.0000000D+00
 44947.22656250000      0.0000000D+00
 44947.23437500000      0.0000000D+00
