 0.000000000000000      0.0000000D+00
0.1000000014901161      0.7888430D-07
0.3000000119209288      0.1015815D-07
0.6006559729576110      0.3972609D-07
0.9013119935989378      0.1499645D-07
 1.201967954635620      0.0000000D+00
 1.502623915672302      0.0000000D+00
 1.803279876708984      0.0000000D+00
 2.103935956954956      0.0000000D+00
 2.404591798782348      0.0000000D+00
 2.705247640609741      0.0000000D+00
 3.005903959274291      0.0000000D+00
 3.299999952316284      0.0000000D+00
 3.901312112808227      0.0000000D+00
 6.178729057312010      0.0000000D+00
 56.17873001098632      0.5448307D-07
 93.45999908447265      0.0000000D+00
 94.64333343505858      0.2947886D-07
 96.44585418701171      0.3677050D-07
 100.0509109497070      0.1552494D-06
 150.0509033203125      0.6706805D-05
 200.0509033203125      0.6323988D-05
 250.0509033203125      0.6132138D-05
 299.8500061035155      0.6067974D-05
 300.2333374023437      0.2217213D-03
 302.0991210937499      0.4037636D-03
 305.8307495117187      0.4103868D-03
 355.8307495117187      0.4085589D-03
 405.8307495117187      0.4079696D-03
 455.8307495117187      0.4074129D-03
 505.8307495117187      0.4068737D-03
 555.8307495117187      0.4060710D-03
 605.8307495117186      0.4049457D-03
 655.8307495117186      0.4033095D-03
 675.9799804687499      0.4027381D-03
 676.4633178710936      0.4028954D-03
 678.3085327148436      0.4031824D-03
 681.9989624023436      0.4039260D-03
 731.9989624023436      0.4322563D-03
 781.9989624023436      0.4361205D-03
 831.9989624023436      0.4378557D-03
 881.9989624023436      0.4380472D-03
 931.9989624023436      0.4371650D-03
 945.1500244140623      0.4372877D-03
 946.0499877929685      0.1102378D-02
 947.8235473632810      0.1742713D-02
 951.3707885742186      0.1741132D-02
 1001.370788574219      0.1719434D-02
 1051.370849609375      0.1698686D-02
 1101.370849609375      0.1678659D-02
 1151.370849609375      0.1659223D-02
 1196.359985351562      0.1642112D-02
 1197.493286132812      0.1642925D-02
 1199.242797851562      0.1644273D-02
 1202.741577148437      0.1690143D-02
 1252.741577148437      0.1716105D-02
 1302.741577148437      0.1733993D-02
 1324.420043945312      0.1743026D-02
 1324.520019531250      0.1747461D-02
 1326.805664062500      0.1930035D-02
 1331.377197265625      0.1931074D-02
 1381.377197265625      0.1941415D-02
 1431.377197265625      0.1940549D-02
 1481.377197265625      0.1935089D-02
 1531.377197265625      0.1929867D-02
 1581.377197265625      0.1922561D-02
 1585.989990234375      0.1926901D-02
 1586.606689453125      0.2708559D-02
 1588.367797851562      0.3469036D-02
 1591.889892578125      0.3467146D-02
 1641.889892578125      0.3438099D-02
 1691.889892578125      0.3408325D-02
 1741.889892578125      0.3377710D-02
 1791.889892578125      0.3346584D-02
 1811.660034179687      0.3334415D-02
 1811.693359375000      0.3334410D-02
 1814.099731445312      0.3333125D-02
 1818.912475585937      0.3337470D-02
 1868.912475585937      0.3307164D-02
 1886.280029296875      0.3296439D-02
 1886.313354492187      0.3296377D-02
 1888.792236328125      0.3348074D-02
 1893.750000000000      0.3344978D-02
 1943.750000000000      0.3312352D-02
 1993.750000000000      0.3279032D-02
 2036.739990234375      0.3250846D-02
 2086.739990234375      0.3219816D-02
 2136.739990234375      0.3187760D-02
 2186.739990234375      0.3155739D-02
 2236.739990234375      0.3124378D-02
 2262.409912109375      0.3109746D-02
 2262.459960937500      0.3114331D-02
 2265.011474609375      0.3112594D-02
 2270.113769531250      0.3124155D-02
 2320.113769531250      0.3091577D-02
 2370.113769531250      0.3057873D-02
 2420.113769531250      0.3028107D-02
 2470.113769531250      0.2999286D-02
 2520.113769531250      0.2970916D-02
 2559.689941406250      0.2950484D-02
 2559.739990234375      0.2955315D-02
 2562.404785156250      0.2953677D-02
 2567.734130859375      0.2966159D-02
 2617.734130859375      0.2936651D-02
 2667.734130859375      0.2905668D-02
 2717.734130859375      0.2880646D-02
 2767.734130859375      0.2856525D-02
 2780.000000000000      0.2856128D-02
 2780.033447265625      0.2864065D-02
 2782.469238281250      0.2938679D-02
 2787.340576171875      0.2935942D-02
 2837.340576171875      0.2907690D-02
 2887.340576171874      0.2880328D-02
 2937.340576171874      0.2857641D-02
 2987.340576171874      0.2838201D-02
 3002.070068359374      0.2838474D-02
 3002.086669921874      0.2847174D-02
 3004.456298828124      0.2886314D-02
 3009.195556640624      0.2884092D-02
 3059.195556640624      0.2860468D-02
 3109.195556640624      0.2838021D-02
 3159.195556640624      0.2823133D-02
 3209.195556640624      0.2810683D-02
 3225.030029296874      0.2811942D-02
 3225.046630859374      0.2821354D-02
 3227.384765624999      0.2862570D-02
 3232.060546874999      0.2860825D-02
 3282.060546874999      0.2842945D-02
 3332.060546874999      0.2826412D-02
 3382.060546874999      0.2816594D-02
 3432.060546874999      0.2810793D-02
 3482.060546874999      0.2806386D-02
 3523.500000000000      0.2805300D-02
 3573.500000000000      0.2804874D-02
 3598.120117187499      0.2807462D-02
 3598.136718750000      0.2816949D-02
 3600.370117187499      0.2863788D-02
 3604.836914062499      0.2863184D-02
 3654.836914062499      0.2856281D-02
 3704.836914062499      0.2851048D-02
 3754.836914062499      0.2848140D-02
 3804.836914062499      0.2849693D-02
 3854.836914062499      0.2859042D-02
 3897.810058593749      0.2873889D-02
 3898.026611328124      0.3403800D-02
 3899.932128906249      0.3852517D-02
 3903.743164062499      0.3857424D-02
 3953.743164062499      0.3873359D-02
 4003.743164062499      0.3890959D-02
 4053.743164062499      0.3910167D-02
 4103.743164062499      0.3930612D-02
 4135.060058593749      0.3944900D-02
 4135.160156250000      0.3945953D-02
 4137.779785156249      0.3947833D-02
 4143.019042968749      0.3995817D-02
 4193.019042968749      0.4031371D-02
 4212.169921874999      0.4045682D-02
 4212.653320312499      0.5049169D-02
 4214.573730468749      0.5915350D-02
 4218.414550781249      0.5921137D-02
 4268.414550781249      0.5929209D-02
 4318.414550781249      0.5935959D-02
 4368.414550781249      0.5942496D-02
 4387.580078124999      0.5945092D-02
 4387.613281250000      0.5946642D-02
 4390.296875000000      0.6018377D-02
 4395.663574218749      0.6018852D-02
 4445.663574218749      0.6021662D-02
 4476.120117187499      0.6022788D-02
 4476.169921874999      0.6023698D-02
 4478.911621093749      0.6023990D-02
 4484.394042968749      0.6037640D-02
 4534.394042968749      0.6042699D-02
 4563.410156250000      0.6045042D-02
 4563.426757812499      0.6045796D-02
 4566.104980468749      0.6082758D-02
 4571.461425781249      0.6082999D-02
 4621.461425781249      0.6084498D-02
 4651.109863281249      0.6084836D-02
 4651.160156250000      0.6086078D-02
 4653.834960937499      0.6199099D-02
 4659.184570312499      0.6198945D-02
 4709.184570312499      0.6197630D-02
 4740.080078124999      0.6196536D-02
 4740.129882812499      0.6197201D-02
 4742.846191406249      0.6306407D-02
 4748.279296874999      0.6305966D-02
 4798.279296874999      0.6301385D-02
 4848.279296874999      0.6295762D-02
 4898.279296874999      0.6289303D-02
 4920.629882812499      0.6286899D-02
 4920.663574218749      0.6288918D-02
 4923.454101562499      0.6288677D-02
 4929.035156250000      0.6297048D-02
 4979.035156250000      0.6292211D-02
 5029.035156250000      0.6286049D-02
 5079.035156250000      0.6279501D-02
 5099.430175781249      0.6277468D-02
 5099.546875000000      0.6279055D-02
 5102.293945312499      0.6533684D-02
 5107.789062500000      0.6532575D-02
 5157.789062500000      0.6522530D-02
 5207.789062500000      0.6512173D-02
 5257.789062500000      0.6501663D-02
 5307.789062500000      0.6490356D-02
 5357.789062500000      0.6479510D-02
 5407.789062500000      0.6467310D-02
 5457.789062500000      0.6454741D-02
 5469.540039062499      0.6452193D-02
 5469.589843750000      0.6454390D-02
 5472.353027343749      0.6453695D-02
 5477.879394531249      0.6466337D-02
 5527.879394531249      0.6454916D-02
 5560.700195312499      0.6447366D-02
 5610.700195312499      0.6436766D-02
 5660.700195312499      0.6424736D-02
 5710.700195312499      0.6412607D-02
 5743.020019531249      0.6404685D-02
 5743.053222656249      0.6406385D-02
 5745.747070312499      0.6488620D-02
 5751.134765624999      0.6487173D-02
 5801.134765624999      0.6473572D-02
 5835.089843749999      0.6464291D-02
 5835.106445312499      0.6465847D-02
 5837.744628906248      0.6507099D-02
 5843.020507812499      0.6505594D-02
 5893.020507812499      0.6491359D-02
 5927.620117187499      0.6481359D-02
 5927.753417968748      0.6482410D-02
 5930.538574218749      0.6788265D-02
 5936.108398437498      0.6786604D-02
 5986.108398437498      0.6771625D-02
 6024.000000000000      0.6759976D-02
 6024.966796874999      0.6762770D-02
 6026.852050781249      0.6769180D-02
 6030.623535156249      0.6781737D-02
 6080.623535156249      0.6955085D-02
 6098.020019531248      0.7009887D-02
 6099.186523437498      0.9094350D-02
 6101.077148437498      0.1105762D-01
 6104.857421874999      0.1105828D-01
 6154.857421874999      0.1106621D-01
 6200.830078124999      0.1107383D-01
 6201.263183593748      0.1173948D-01
 6203.228027343749      0.1233071D-01
 6207.156250000000      0.1233124D-01
 6257.156250000000      0.1233609D-01
 6307.156250000000      0.1233897D-01
 6321.000000000000      0.1233982D-01
 6321.850097656249      0.1234015D-01
 6323.772949218749      0.1234120D-01
 6327.618652343749      0.1234431D-01
 6377.618652343749      0.1236877D-01
 6411.270019531248      0.1238278D-01
 6411.286621093748      0.1238347D-01
 6413.924316406248      0.1242514D-01
 6419.200195312499      0.1242713D-01
 6469.200195312499      0.1244399D-01
 6501.979980468748      0.1245439D-01
 6502.029785156249      0.1245487D-01
 6504.718750000000      0.1257731D-01
 6510.095703124999      0.1257867D-01
 6560.095703124999      0.1258844D-01
 6610.095703124999      0.1259478D-01
 6660.095703124999      0.1259848D-01
 6686.120117187499      0.1259966D-01
 6686.203125000000      0.1260061D-01
 6688.920898437498      0.1280026D-01
 6694.356933593748      0.1280048D-01
 6744.356933593748      0.1279961D-01
 6780.540039062499      0.1279747D-01
 6780.556640624999      0.1279830D-01
 6783.204589843749      0.1283959D-01
 6788.500488281249      0.1283924D-01
 6838.500488281249      0.1283334D-01
 6888.500488281249      0.1282504D-01
 6938.500488281249      0.1281522D-01
 6970.339843749999      0.1280873D-01
 6970.373535156249      0.1280972D-01
 6973.093261718749      0.1289014D-01
 6978.533203124999      0.1288874D-01
 7028.533203124999      0.1287551D-01
 7078.533203124999      0.1286187D-01
 7128.533203124999      0.1284703D-01
 7178.533203124999      0.1283069D-01
 7228.533203124999      0.1281314D-01
 7278.533203124999      0.1279379D-01
 7328.533203124999      0.1277349D-01
 7353.870117187498      0.1276352D-01
 7353.886718749999      0.1276471D-01
 7356.544433593748      0.1280773D-01
 7361.860351562498      0.1280540D-01
 7411.860351562498      0.1278253D-01
 7461.860351562498      0.1275865D-01
 7511.860351562498      0.1273535D-01
 7546.640136718748      0.1271956D-01
 7546.939941406248      0.1271952D-01
 7548.910156249999      0.1271914D-01
 7552.850097656249      0.1271834D-01
 7602.850097656249      0.1271221D-01
 7634.759765624999      0.1270480D-01
 7634.810058593748      0.1270640D-01
 7637.444335937498      0.1286026D-01
 7642.713378906248      0.1285883D-01
 7692.713378906248      0.1284379D-01
 7742.713378906248      0.1282795D-01
 7792.713378906248      0.1281239D-01
 7813.560058593748      0.1280638D-01
 7814.143554687498      0.1409033D-01
 7816.086425781249      0.1519781D-01
 7819.974121093748      0.1519693D-01
 7869.974121093748      0.1518308D-01
 7919.974121093748      0.1517068D-01
 7969.974121093748      0.1515575D-01
 8019.974121093748      0.1513986D-01
 8028.740234374999      0.1513729D-01
 8029.206542968748      0.1513734D-01
 8031.178222656249      0.1513714D-01
 8035.122070312499      0.1513678D-01
 8085.122070312499      0.1513682D-01
 8135.122070312499      0.1512784D-01
 8185.122070312499      0.1511770D-01
 8213.799804687498      0.1511177D-01
 8213.916992187498      0.1511338D-01
 8216.624023437498      0.1543629D-01
 8222.041015624999      0.1543469D-01
 8272.041015624999      0.1541887D-01
 8309.679687500000      0.1540694D-01
 8309.730468749999      0.1540841D-01
 8312.425781249999      0.1554622D-01
 8317.816406249999      0.1554453D-01
 8367.816406249999      0.1552750D-01
 8407.080078124999      0.1551345D-01
 8407.113281249999      0.1551552D-01
 8409.892578124999      0.1551453D-01
 8415.452148437498      0.1552490D-01
 8465.452148437498      0.1550618D-01
 8515.452148437498      0.1548612D-01
 8565.452148437498      0.1546566D-01
 8615.452148437498      0.1544402D-01
 8665.452148437498      0.1542151D-01
 8696.230468749999      0.1540778D-01
 8696.346679687498      0.1540986D-01
 8699.093750000000      0.1572738D-01
 8704.588867187498      0.1572471D-01
 8754.588867187498      0.1569980D-01
 8804.588867187498      0.1567544D-01
 8854.588867187498      0.1565095D-01
 8896.290039062498      0.1563107D-01
 8896.356445312499      0.1563171D-01
 8899.095703124999      0.1581295D-01
 8904.572265624999      0.1581027D-01
 8954.572265624999      0.1578368D-01
 9004.572265624999      0.1575624D-01
 9054.572265624999      0.1572930D-01
 9100.769531249999      0.1570358D-01
 9100.836914062498      0.1570495D-01
 9103.588867187498      0.1588248D-01
 9109.092773437498      0.1587948D-01
 9159.092773437498      0.1585082D-01
 9209.092773437498      0.1582154D-01
 9259.092773437498      0.1579283D-01
 9309.092773437498      0.1576368D-01
 9309.879882812499      0.1576419D-01
 9309.962890624999      0.1576729D-01
 9312.777343749999      0.1598119D-01
 9318.406250000000      0.1597787D-01
 9368.406250000000      0.1594875D-01
 9418.406250000000      0.1591971D-01
 9468.406250000000      0.1589117D-01
 9518.406250000000      0.1586174D-01
 9525.059570312499      0.1585954D-01
 9525.193359374999      0.1586225D-01
 9528.041992187498      0.1618890D-01
 9533.740234374999      0.1618566D-01
 9583.740234374999      0.1615717D-01
 9633.740234374999      0.1612835D-01
 9683.740234374999      0.1609961D-01
 9733.740234374999      0.1607089D-01
 9750.740234374999      0.1606140D-01
 9750.773437500000      0.1606432D-01
 9753.644531249999      0.1614422D-01
 9759.385742187498      0.1614085D-01
 9809.385742187498      0.1611093D-01
 9859.385742187498      0.1608063D-01
 9909.385742187498      0.1605152D-01
 9959.385742187498      0.1602107D-01
 9979.200195312499      0.1601007D-01
 9979.316406249999      0.1601198D-01
 9982.200195312499      0.1628599D-01
 9987.966796874999      0.1628263D-01
 10037.96679687500      0.1625341D-01
 10087.96679687500      0.1622394D-01
 10137.96679687500      0.1619523D-01
 10187.96679687500      0.1616787D-01
 10217.98046875000      0.1615136D-01
 10218.03027343750      0.1615246D-01
 10220.88671875000      0.1627168D-01
 10226.60156250000      0.1626842D-01
 10276.60156250000      0.1623986D-01
 10326.60156250000      0.1621114D-01
 10376.60156250000      0.1618310D-01
 10426.60156250000      0.1615460D-01
 10461.48046875000      0.1613495D-01
 10461.61328125000      0.1613622D-01
 10464.54687500000      0.1643202D-01
 10470.41601562500      0.1642891D-01
 10520.41601562500      0.1640177D-01
 10570.41601562500      0.1637443D-01
 10589.99023437500      0.1636438D-01
 10590.05664062500      0.1636596D-01
 10592.98730468750      0.1651055D-01
 10598.84960937500      0.1650750D-01
 10648.84960937500      0.1648094D-01
 10698.84960937500      0.1645420D-01
 10748.84960937500      0.1642784D-01
 10798.84960937500      0.1640154D-01
 10848.84960937500      0.1637509D-01
 10854.34960937500      0.1637269D-01
 10854.43359375000      0.1637430D-01
 10857.42089843750      0.1654874D-01
 10863.39550781250      0.1654567D-01
 10913.39550781250      0.1651967D-01
 10963.39550781250      0.1649348D-01
 10991.42968750000      0.1647984D-01
 10991.53027343750      0.1648036D-01
 10994.52832031250      0.1668211D-01
 11000.52441406250      0.1667909D-01
 11050.52441406250      0.1665485D-01
 11100.52441406250      0.1663096D-01
 11150.52441406250      0.1660733D-01
 11200.52441406250      0.1658371D-01
 11250.52441406250      0.1655966D-01
 11278.33984375000      0.1654727D-01
 11278.42285156250      0.1654769D-01
 11281.45214843750      0.1671249D-01
 11287.50976562500      0.1670980D-01
 11337.50976562500      0.1668645D-01
 11387.50976562500      0.1666316D-01
 11437.50976562500      0.1664025D-01
 11487.50976562500      0.1661717D-01
 11537.50976562500      0.1659400D-01
 11576.82031250000      0.1657571D-01
 11576.88671875000      0.1657644D-01
 11579.91601562500      0.1670645D-01
 11585.97460937500      0.1670371D-01
 11635.97460937500      0.1668083D-01
 11685.97460937500      0.1665785D-01
 11731.03027343750      0.1663736D-01
 11731.78027343750      0.1663700D-01
 11733.80078125000      0.1663596D-01
 11737.84277343750      0.1663385D-01
 11787.84277343750      0.1661270D-01
 11837.84277343750      0.1658541D-01
 11843.19042968750      0.1658403D-01
 11843.50683593750      0.1658383D-01
 11845.50488281250      0.1658279D-01
 11849.50292968750      0.1658104D-01
 11899.50292968750      0.1656132D-01
 11949.50292968750      0.1653698D-01
 11999.50292968750      0.1651400D-01
 12044.33984375000      0.1649350D-01
 12044.37304687500      0.1649562D-01
 12047.23242187500      0.1649425D-01
 12052.95019531250      0.1650768D-01
 12102.95019531250      0.1648319D-01
 12152.95019531250      0.1645819D-01
 12202.95019531250      0.1643652D-01
 12243.32031250000      0.1641915D-01
 12293.32031250000      0.1639726D-01
 12343.32031250000      0.1637473D-01
 12393.32031250000      0.1635214D-01
 12442.30957031250      0.1633132D-01
 12442.36035156250      0.1633484D-01
 12445.16406250000      0.1633351D-01
 12450.77050781250      0.1635986D-01
 12500.77050781250      0.1633698D-01
 12550.77050781250      0.1631416D-01
 12600.77050781250      0.1629293D-01
 12650.77050781250      0.1627228D-01
 12700.77050781250      0.1625076D-01
 12736.04980468750      0.1623627D-01
 12736.06640625000      0.1623827D-01
 12739.02832031250      0.1623696D-01
 12744.95312500000      0.1624252D-01
 12794.95312500000      0.1622017D-01
 12844.95312500000      0.1619801D-01
 12894.95312500000      0.1617802D-01
 12930.83984375000      0.1616388D-01
 12980.83984375000      0.1614443D-01
 13030.83984375000      0.1612299D-01
 13080.83984375000      0.1610285D-01
 13125.63964843750      0.1608578D-01
 13125.72363281250      0.1608888D-01
 13128.51074218750      0.1608802D-01
 13134.08496093750      0.1614327D-01
 13184.08496093750      0.1612797D-01
 13220.54003906250      0.1611697D-01
 13220.55664062500      0.1611928D-01
 13223.12695312500      0.1618956D-01
 13228.26660156250      0.1618799D-01
 13278.26660156250      0.1617264D-01
 13328.26660156250      0.1615738D-01
 13378.26660156250      0.1614423D-01
 13411.32031250000      0.1613651D-01
 13461.32031250000      0.1612490D-01
 13511.32031250000      0.1611024D-01
 13561.32031250000      0.1609653D-01
 13602.09960937500      0.1608607D-01
 13602.16699218750      0.1608730D-01
 13604.95410156250      0.1608687D-01
 13610.53027343750      0.1613542D-01
 13660.53027343750      0.1612638D-01
 13710.53027343750      0.1611758D-01
 13760.53027343750      0.1611137D-01
 13810.53027343750      0.1610470D-01
 13860.53027343750      0.1609854D-01
 13910.53027343750      0.1609220D-01
 13960.53027343750      0.1608811D-01
 14010.53027343750      0.1608380D-01
 14060.53027343750      0.1607987D-01
 14069.41015625000      0.1608056D-01
 14119.41015625000      0.1608124D-01
 14162.87988281250      0.1607640D-01
 14162.91308593750      0.1607726D-01
 14165.52636718750      0.1622965D-01
 14170.75292968750      0.1622892D-01
 14220.75292968750      0.1622222D-01
 14270.75292968750      0.1621582D-01
 14320.75292968750      0.1621212D-01
 14351.70996093750      0.1620997D-01
 14351.72656250000      0.1621434D-01
 14354.35449218750      0.1629004D-01
 14359.61035156250      0.1628935D-01
 14409.61035156250      0.1628244D-01
 14459.61035156250      0.1627577D-01
 14509.61035156250      0.1627134D-01
 14541.50976562500      0.1627030D-01
 14541.55957031250      0.1627315D-01
 14544.35253906250      0.1627301D-01
 14549.93750000000      0.1631202D-01
 14599.93750000000      0.1631059D-01
 14649.93750000000      0.1630939D-01
 14699.93750000000      0.1631100D-01
 14749.93750000000      0.1631347D-01
 14799.93750000000      0.1631697D-01
 14821.90039062500      0.1631933D-01
 14822.13378906250      0.1631965D-01
 14824.19042968750      0.1632152D-01
 14828.30371093750      0.1632554D-01
 14878.30371093750      0.1638861D-01
 14928.30371093750      0.1643672D-01
 14978.30371093750      0.1648573D-01
 15028.30371093750      0.1653438D-01
 15078.30371093750      0.1658301D-01
 15083.76953125000      0.1658906D-01
 15083.78710937500      0.1659601D-01
 15086.47558593750      0.1668688D-01
 15091.85253906250      0.1669136D-01
 15141.85253906250      0.1673387D-01
 15191.85253906250      0.1677652D-01
 15241.85253906250      0.1682400D-01
 15291.85253906250      0.1687090D-01
 15341.85253906250      0.1691796D-01
 15346.87988281250      0.1692378D-01
 15396.87988281250      0.1697468D-01
 15434.58984375000      0.1700848D-01
 15434.94042968750      0.1853206D-01
 15436.94726562500      0.1976860D-01
 15440.96289062500      0.1977081D-01
 15490.96289062500      0.1979664D-01
 15540.96289062500      0.1982922D-01
 15590.96289062500      0.1985216D-01
 15629.37988281250      0.1986964D-01
 15679.37988281250      0.1989244D-01
 15729.37988281250      0.1991134D-01
 15779.37988281250      0.1993035D-01
 15824.17968750000      0.1994536D-01
 15824.64648437500      0.2152951D-01
 15826.64453125000      0.2285171D-01
 15830.64160156250      0.2285390D-01
 15880.64160156250      0.2287921D-01
 15930.64160156250      0.2290958D-01
 15980.64160156250      0.2293079D-01
 16030.64160156250      0.2295038D-01
 16052.63964843750      0.2295959D-01
 16052.69042968750      0.2296138D-01
 16055.48632812500      0.2296255D-01
 16061.07812500000      0.2299597D-01
 16111.07812500000      0.2301340D-01
 16161.07812500000      0.2302895D-01
 16211.07812500000      0.2304536D-01
 16261.07812500000      0.2306134D-01
 16276.95996093750      0.2306638D-01
 16277.69335937500      0.2306753D-01
 16279.65234375000      0.2307147D-01
 16283.56933593750      0.2308120D-01
 16333.56933593750      0.2317644D-01
 16365.50000000000      0.2323467D-01
 16365.70019531250      0.2323563D-01
 16367.82031250000      0.2324374D-01
 16372.06152343750      0.2326056D-01
 16422.06250000000      0.2347637D-01
 16472.06250000000      0.2366051D-01
 16522.06250000000      0.2384370D-01
 16572.06250000000      0.2402355D-01
 16622.06250000000      0.2419801D-01
 16672.06250000000      0.2436708D-01
 16700.43945312500      0.2446104D-01
 16700.45703125000      0.2446172D-01
 16702.90039062500      0.2456653D-01
 16707.78906250000      0.2458141D-01
 16757.78906250000      0.2473614D-01
 16807.78906250000      0.2488941D-01
 16857.78906250000      0.2503899D-01
 16868.67968750000      0.2507158D-01
 16918.67968750000      0.2521860D-01
 16968.67968750000      0.2535906D-01
 17018.67968750000      0.2549912D-01
 17036.91015625000      0.2555114D-01
 17037.02734375000      0.2555505D-01
 17039.64453125000      0.2621054D-01
 17044.88085937500      0.2621995D-01
 17094.88085937500      0.2630972D-01
 17144.88085937500      0.2639631D-01
 17194.88085937500      0.2648303D-01
 17244.88085937500      0.2656701D-01
 17294.88085937500      0.2664945D-01
 17344.88085937500      0.2673216D-01
 17384.42968750000      0.2679829D-01
 17434.42968750000      0.2688036D-01
 17484.42968750000      0.2695920D-01
 17534.42968750000      0.2703700D-01
 17558.19921875000      0.2707488D-01
 17558.21679687500      0.2708002D-01
 17560.73046875000      0.2718284D-01
 17565.75976562500      0.2718982D-01
 17615.75976562500      0.2725889D-01
 17665.75976562500      0.2732689D-01
 17715.75976562500      0.2739851D-01
 17732.77929687500      0.2742372D-01
 17733.34570312500      0.2974510D-01
 17735.40625000000      0.3155410D-01
 17739.52929687500      0.3155747D-01
 17789.52929687500      0.3159506D-01
 17839.52929687500      0.3164584D-01
 17889.52929687500      0.3167828D-01
 17939.52929687500      0.3171311D-01
 17940.71093750000      0.3171672D-01
 17940.72656250000      0.3172151D-01
 17943.45703125000      0.3179248D-01
 17948.91796875000      0.3179601D-01
 17998.91796875000      0.3182530D-01
 18048.91796875000      0.3185220D-01
 18098.91796875000      0.3187886D-01
 18148.91796875000      0.3190334D-01
 18198.91796875000      0.3192596D-01
 18248.91796875000      0.3194618D-01
 18254.35937500000      0.3195084D-01
 18254.39257812500      0.3195694D-01
 18257.10742187500      0.3209661D-01
 18262.53710937500      0.3209842D-01
 18312.53710937500      0.3211367D-01
 18362.53710937500      0.3212715D-01
 18412.53710937500      0.3214261D-01
 18462.53710937500      0.3215528D-01
 18465.84960937500      0.3215936D-01
 18515.84960937500      0.3217325D-01
 18565.84960937500      0.3218116D-01
 18615.84960937500      0.3219172D-01
 18665.84960937500      0.3220103D-01
 18677.34960937500      0.3220515D-01
 18677.48242187500      0.3221040D-01
 18679.06640625000      0.3221088D-01
 18682.23046875000      0.3236025D-01
 18732.23046875000      0.3237339D-01
 18778.47070312500      0.3238525D-01
 18778.48632812500      0.3238923D-01
 18780.93945312500      0.3247236D-01
 18785.84570312500      0.3247336D-01
 18835.84570312500      0.3248348D-01
 18885.84570312500      0.3249246D-01
 18935.84570312500      0.3250385D-01
 18985.84570312500      0.3251412D-01
 19035.84570312500      0.3252337D-01
 19083.50976562500      0.3253146D-01
 19083.59375000000      0.3253524D-01
 19086.24804687500      0.3290899D-01
 19091.55468750000      0.3290932D-01
 19141.55468750000      0.3291484D-01
 19191.55468750000      0.3291668D-01
 19241.55468750000      0.3292333D-01
 19291.55468750000      0.3292982D-01
 19292.60937500000      0.3293318D-01
 19292.66015625000      0.3294073D-01
 19295.38671875000      0.3315862D-01
 19300.84179687500      0.3315885D-01
 19350.84179687500      0.3316150D-01
 19400.84179687500      0.3316215D-01
 19450.84179687500      0.3316664D-01
 19500.84179687500      0.3316988D-01
 19505.32031250000      0.3317448D-01
 19505.36914062500      0.3318186D-01
 19508.11914062500      0.3339256D-01
 19513.61523437500      0.3339254D-01
 19563.61523437500      0.3339331D-01
 19613.61523437500      0.3339076D-01
 19663.61523437500      0.3339231D-01
 19713.61523437500      0.3339225D-01
 19721.75976562500      0.3339631D-01
 19771.75976562500      0.3339750D-01
 19821.75976562500      0.3339171D-01
 19871.75976562500      0.3338902D-01
 19921.75976562500      0.3338706D-01
 19971.75976562500      0.3338365D-01
 20021.75976562500      0.3337939D-01
 20046.41992187500      0.3337971D-01
 20046.47070312500      0.3338478D-01
 20049.24414062500      0.3338445D-01
 20054.79101562500      0.3343642D-01
 20104.79101562500      0.3343171D-01
 20154.79101562500      0.3342701D-01
 20204.79101562500      0.3342660D-01
 20254.79101562500      0.3342582D-01
 20259.13085937500      0.3343036D-01
 20259.16406250000      0.3343784D-01
 20261.93164062500      0.3358259D-01
 20267.46875000000      0.3358199D-01
 20317.46875000000      0.3357758D-01
 20366.72070312500      0.3357141D-01
 20367.00390625000      0.3464284D-01
 20369.07421875000      0.3548392D-01
 20373.21875000000      0.3549320D-01
 20423.21875000000      0.3550026D-01
 20473.21875000000      0.3551163D-01
 20486.10937500000      0.3551561D-01
 20486.71093750000      0.3551601D-01
 20488.73242187500      0.3551748D-01
 20492.77539062500      0.3552357D-01
 20542.77539062500      0.3556069D-01
 20583.00000000000      0.3558896D-01
 20583.43359375000      0.3723150D-01
 20585.55664062500      0.3848256D-01
 20589.80468750000      0.3851995D-01
 20639.80468750000      0.3856134D-01
 20689.80468750000      0.3861036D-01
 20739.80468750000      0.3864918D-01
 20789.80468750000      0.3868574D-01
 20807.31054687500      0.3870055D-01
 20807.41015625000      0.3870505D-01
 20810.14257812500      0.3907694D-01
 20815.60742187500      0.3908043D-01
 20865.60742187500      0.3911830D-01
 20915.60742187500      0.3914820D-01
 20965.60742187500      0.3918118D-01
 21015.60742187500      0.3920975D-01
 21040.08007812500      0.3922551D-01
 21040.11328125000      0.3923001D-01
 21042.82226562500      0.3935457D-01
 21048.24218750000      0.3935722D-01
 21098.24218750000      0.3938302D-01
 21148.24218750000      0.3940432D-01
 21198.24218750000      0.3942750D-01
 21248.24218750000      0.3944831D-01
 21275.82031250000      0.3946093D-01
 21275.93750000000      0.3946593D-01
 21278.69921875000      0.3987719D-01
 21284.22460937500      0.3987918D-01
 21334.22460937500      0.3990379D-01
 21384.22460937500      0.3991786D-01
 21434.22460937500      0.3993423D-01
 21484.22460937500      0.3994937D-01
 21522.56054687500      0.3996174D-01
 21522.66015625000      0.3996569D-01
 21525.42187500000      0.4031006D-01
 21530.94335937500      0.4031158D-01
 21580.94335937500      0.4033039D-01
 21630.94335937500      0.4034147D-01
 21680.94335937500      0.4035535D-01
 21730.94335937500      0.4036760D-01
 21779.58984375000      0.4037765D-01
 21779.64062500000      0.4038068D-01
 21782.36718750000      0.4055416D-01
 21787.82031250000      0.4055503D-01
 21837.82031250000      0.4056475D-01
 21887.82031250000      0.4057058D-01
 21937.82031250000      0.4057969D-01
 21987.82031250000      0.4058585D-01
 22037.82031250000      0.4059232D-01
 22042.08007812500      0.4059561D-01
 22042.17968750000      0.4060010D-01
 22045.00976562500      0.4092066D-01
 22050.66992187500      0.4092112D-01
 22100.66992187500      0.4092932D-01
 22150.66992187500      0.4093154D-01
 22179.16015625000      0.4093563D-01
 22179.25976562500      0.4093916D-01
 22182.08398437500      0.4124920D-01
 22187.73242187500      0.4124958D-01
 22237.73242187500      0.4125877D-01
 22287.73242187500      0.4126257D-01
 22337.73242187500      0.4126864D-01
 22387.73242187500      0.4127343D-01
 22437.73242187500      0.4127740D-01
 22487.73242187500      0.4128040D-01
 22537.73242187500      0.4128297D-01
 22587.73242187500      0.4128422D-01
 22609.51953125000      0.4128620D-01
 22609.63671875000      0.4128849D-01
 22612.49218750000      0.4163653D-01
 22618.20703125000      0.4163653D-01
 22668.20703125000      0.4164087D-01
 22718.20703125000      0.4164032D-01
 22768.20703125000      0.4164156D-01
 22818.20703125000      0.4164211D-01
 22868.20703125000      0.4164102D-01
 22912.89062500000      0.4164067D-01
 22913.03906250000      0.4206254D-01
 22914.80273437500      0.4240866D-01
 22918.32812500000      0.4241380D-01
 22968.32812500000      0.4241538D-01
 23018.32812500000      0.4241689D-01
 23068.32812500000      0.4242006D-01
 23118.32812500000      0.4242351D-01
 23168.32812500000      0.4242634D-01
 23218.32812500000      0.4242779D-01
 23240.42968750000      0.4242936D-01
 23240.51367187500      0.4243202D-01
 23243.41796875000      0.4265772D-01
 23249.22851562500      0.4265799D-01
 23299.22851562500      0.4266061D-01
 23349.22851562500      0.4266085D-01
 23399.22851562500      0.4266330D-01
 23449.22851562500      0.4266361D-01
 23499.22851562500      0.4266449D-01
 23549.22851562500      0.4266405D-01
 23583.11914062500      0.4266451D-01
 23583.25390625000      0.4266600D-01
 23586.17773437500      0.4301176D-01
 23592.02734375000      0.4301182D-01
 23642.02734375000      0.4301350D-01
 23692.02734375000      0.4301257D-01
 23742.02734375000      0.4301270D-01
 23792.02734375000      0.4301203D-01
 23842.02734375000      0.4301104D-01
 23892.02734375000      0.4300961D-01
 23942.02734375000      0.4300817D-01
 23953.24023437500      0.4300843D-01
 23953.33984375000      0.4301061D-01
 23956.29687500000      0.4325899D-01
 23962.21289062500      0.4325887D-01
 24012.21289062500      0.4325796D-01
 24062.21289062500      0.4325572D-01
 24112.21289062500      0.4325534D-01
 24150.10937500000      0.4325506D-01
 24150.17578125000      0.4325603D-01
 24153.11718750000      0.4342170D-01
 24158.99804687500      0.4342153D-01
 24208.99804687500      0.4342171D-01
 24258.99804687500      0.4342056D-01
 24308.99804687500      0.4342011D-01
 24358.99804687500      0.4341956D-01
 24408.99804687500      0.4341817D-01
 24458.99804687500      0.4341693D-01
 24508.99804687500      0.4341571D-01
 24558.99804687500      0.4341358D-01
 24561.33984375000      0.4341430D-01
 24561.49023437500      0.4341614D-01
 24563.24609375000      0.4376147D-01
 24566.75976562500      0.4376140D-01
 24616.75976562500      0.4376119D-01
 24666.75976562500      0.4375973D-01
 24716.75976562500      0.4375912D-01
 24766.75976562500      0.4375758D-01
 24816.75976562500      0.4375621D-01
 24866.75976562500      0.4375455D-01
 24916.75976562500      0.4375266D-01
 24966.75976562500      0.4375072D-01
 25016.75976562500      0.4374860D-01
 25018.26953125000      0.4374917D-01
 25019.76953125000      0.4374951D-01
 25021.80468750000      0.4375049D-01
 25025.87304687500      0.4375939D-01
 25075.87304687500      0.4377693D-01
 25125.87304687500      0.4379305D-01
 25175.87304687500      0.4381331D-01
 25225.87304687500      0.4383093D-01
 25275.87304687500      0.4385117D-01
 25325.87304687500      0.4387039D-01
 25342.92968750000      0.4388019D-01
 25392.92968750000      0.4390057D-01
 25442.92968750000      0.4391256D-01
 25492.92968750000      0.4393035D-01
 25542.92968750000      0.4394497D-01
 25559.36914062500      0.4395314D-01
 25559.38671875000      0.4396046D-01
 25562.21679687500      0.4396112D-01
 25567.87695312500      0.4398000D-01
 25617.87695312500      0.4399066D-01
 25667.87695312500      0.4400102D-01
 25717.87695312500      0.4401752D-01
 25767.87695312500      0.4403139D-01
 25817.87695312500      0.4404689D-01
 25867.87695312500      0.4406025D-01
 25882.14062500000      0.4406763D-01
 25882.15625000000      0.4407696D-01
 25884.94140625000      0.4407747D-01
 25890.51171875000      0.4409768D-01
 25940.51171875000      0.4410623D-01
 25990.51171875000      0.4411643D-01
 26040.51171875000      0.4413477D-01
 26090.51171875000      0.4414956D-01
 26140.51171875000      0.4416599D-01
 26190.51171875000      0.4418110D-01
 26203.05078125000      0.4418916D-01
 26203.25000000000      0.4494500D-01
 26205.56250000000      0.4548229D-01
 26210.18945312500      0.4552628D-01
 26260.18945312500      0.4554467D-01
 26310.18945312500      0.4556423D-01
 26360.18945312500      0.4558647D-01
 26410.18945312500      0.4560695D-01
 26432.93945312500      0.4561876D-01
 26433.27343750000      0.4561900D-01
 26435.72460937500      0.4562069D-01
 26440.62695312500      0.4562419D-01
 26490.62695312500      0.4572807D-01
 26540.62695312500      0.4576225D-01
 26590.62695312500      0.4580956D-01
 26640.62695312500      0.4584939D-01
 26690.62695312500      0.4588844D-01
 26739.66015625000      0.4592687D-01
 26739.69335937500      0.4593427D-01
 26742.25781250000      0.4609075D-01
 26747.38867187500      0.4609395D-01
 26797.38867187500      0.4613736D-01
 26847.38867187500      0.4616699D-01
 26897.38867187500      0.4620472D-01
 26947.38867187500      0.4623936D-01
 26997.38867187500      0.4627354D-01
 27047.38867187500      0.4630706D-01
 27049.81054687500      0.4631564D-01
 27099.81054687500      0.4635186D-01
 27149.81054687500      0.4637791D-01
 27153.18945312500      0.4638722D-01
 27153.42382812500      0.4727224D-01
 27155.81445312500      0.4788167D-01
 27160.59570312500      0.4795168D-01
 27210.59570312500      0.4798806D-01
 27260.59570312500      0.4803044D-01
 27310.59570312500      0.4806931D-01
 27360.59570312500      0.4810660D-01
 27377.50000000000      0.4812394D-01
 27427.50000000000      0.4816125D-01
 27477.50000000000      0.4819075D-01
 27527.50000000000      0.4822554D-01
 27577.50000000000      0.4825771D-01
 27601.81054687500      0.4827572D-01
 27601.84375000000      0.4828263D-01
 27604.76171875000      0.4828423D-01
 27610.59960937500      0.4832733D-01
 27660.59960937500      0.4835761D-01
 27710.59960937500      0.4838789D-01
 27760.59960937500      0.4842525D-01
 27810.59960937500      0.4845821D-01
 27823.43945312500      0.4847116D-01
 27823.62304687500      0.4912306D-01
 27826.86914062500      0.4957588D-01
 27835.12890625000      0.4962945D-01
 27885.12890625000      0.4966366D-01
 27935.12890625000      0.4969935D-01
 27985.12890625000      0.4973621D-01
 28035.12890625000      0.4977181D-01
 28060.68945312500      0.4979197D-01
 28060.77343750000      0.4979799D-01
 28063.64062500000      0.4979994D-01
 28069.37500000000      0.4990430D-01
 28119.37500000000      0.4993713D-01
 28169.37500000000      0.4997718D-01
 28219.37500000000      0.5001618D-01
 28269.37500000000      0.5005396D-01
 28290.57031250000      0.5007301D-01
 28290.58593750000      0.5008063D-01
 28293.48632812500      0.5008245D-01
 28299.28906250000      0.5010426D-01
 28349.28906250000      0.5013571D-01
 28399.28906250000      0.5016629D-01
 28449.28906250000      0.5020396D-01
 28499.28906250000      0.5023760D-01
 28519.03906250000      0.5025532D-01
 28519.07421875000      0.5026227D-01
 28521.89257812500      0.5038879D-01
 28527.52929687500      0.5039197D-01
 28577.52929687500      0.5042847D-01
 28627.52929687500      0.5045503D-01
 28677.52929687500      0.5048947D-01
 28727.52929687500      0.5052042D-01
 28750.34960937500      0.5053784D-01
 28750.44921875000      0.5054490D-01
 28753.31640625000      0.5090063D-01
 28759.05078125000      0.5090391D-01
 28809.05078125000      0.5095796D-01
 28859.05078124999      0.5098471D-01
 28909.05078124999      0.5101766D-01
 28959.05078124999      0.5104682D-01
 28990.68945312499      0.5106823D-01
 28990.80664062499      0.5107516D-01
 28993.69726562499      0.5107700D-01
 28999.47656250000      0.5122731D-01
 29049.47656250000      0.5125733D-01
 29099.47656250000      0.5129901D-01
 29149.47656250000      0.5133108D-01
 29199.47656250000      0.5136409D-01
 29220.57031250000      0.5138245D-01
 29220.58593750000      0.5139019D-01
 29223.34960937499      0.5145451D-01
 29228.87500000000      0.5145762D-01
 29278.87500000000      0.5148706D-01
 29328.87500000000      0.5151287D-01
 29378.87500000000      0.5154584D-01
 29428.87500000000      0.5157910D-01
 29451.89062500000      0.5159732D-01
 29452.95703124999      0.5357851D-01
 29455.09960937499      0.5551115D-01
 29459.38281250000      0.5551463D-01
 29509.38281250000      0.5555322D-01
 29559.38281250000      0.5559317D-01
 29609.38281250000      0.5563090D-01
 29644.66015624999      0.5565782D-01
 29645.09375000000      0.5565817D-01
 29647.33984374999      0.5566029D-01
 29651.83203124999      0.5566455D-01
 29701.83203124999      0.5573438D-01
 29751.83203124999      0.5578197D-01
 29801.83203124999      0.5583204D-01
 29851.83203124999      0.5587891D-01
 29901.83203124999      0.5592487D-01
 29951.83203124999      0.5596914D-01
 30001.83203124999      0.5601184D-01
 30051.83203124999      0.5605382D-01
 30099.71093750000      0.5609291D-01
 30100.24414062499      0.5609350D-01
 30102.45703124999      0.5609597D-01
 30106.88281250000      0.5610227D-01
 30156.88281250000      0.5615737D-01
 30206.88281250000      0.5621060D-01
 30219.88085937499      0.5622991D-01
 30221.16406250000      0.5826503D-01
 30223.28710937499      0.6023423D-01
 30227.53515624999      0.6023843D-01
 30277.53515624999      0.6028691D-01
 30327.53515624999      0.6033576D-01
 30377.53515624999      0.6038274D-01
 30427.53515624999      0.6042895D-01
 30460.21093750000      0.6045858D-01
 30461.69335937499      0.6046113D-01
 30463.84765624999      0.6046627D-01
 30468.15820312499      0.6048350D-01
 30518.15820312499      0.6060306D-01
 30568.15820312499      0.6071905D-01
 30571.68945312499      0.6073397D-01
 30571.72265624999      0.6074206D-01
 30574.64843750000      0.6085164D-01
 30580.49804687499      0.6086484D-01
 30630.49804687499      0.6098716D-01
 30680.49804687499      0.6109134D-01
 30730.49804687499      0.6119999D-01
 30780.49804687499      0.6130125D-01
 30797.36914062499      0.6134033D-01
 30797.40429687499      0.6134793D-01
 30800.27343750000      0.6145618D-01
 30806.01562500000      0.6146752D-01
 30856.01562500000      0.6157609D-01
 30906.01562500000      0.6166776D-01
 30956.01562500000      0.6176487D-01
 31006.01562500000      0.6185515D-01
 31025.83984374999      0.6189501D-01
 31026.12304687499      0.6267492D-01
 31028.62304687499      0.6318210D-01
 31033.62500000000      0.6328038D-01
 31083.62500000000      0.6336548D-01
 31133.62500000000      0.6346110D-01
 31153.46093750000      0.6349708D-01
 31153.67578124999      0.6349752D-01
 31156.30273437499      0.6350411D-01
 31161.55664062499      0.6351431D-01
 31211.55664062499      0.6365449D-01
 31261.55664062499      0.6374491D-01
 31270.58007812499      0.6377289D-01
 31270.77929687499      0.6431752D-01
 31274.02539062499      0.6466503D-01
 31282.92187500000      0.6474951D-01
 31332.92187500000      0.6483708D-01
 31382.92187500000      0.6493095D-01
 31432.92187500000      0.6501991D-01
 31482.92187500000      0.6510784D-01
 31524.08984374999      0.6517826D-01
 31524.42382812499      0.6518419D-01
 31526.77343750000      0.6518900D-01
 31531.47460937499      0.6519872D-01
 31581.47460937499      0.6529733D-01
 31631.47460937499      0.6539268D-01
 31635.57031250000      0.6540901D-01
 31635.58593750000      0.6541793D-01
 31638.58593750000      0.6547097D-01
 31644.58789062499      0.6548224D-01
 31694.58789062499      0.6557825D-01
 31744.58789062499      0.6566674D-01
 31794.58789062499      0.6576551D-01
 31844.58789062499      0.6585743D-01
 31859.88085937499      0.6589066D-01
 31859.89648437499      0.6589888D-01
 31862.75000000000      0.6595380D-01
 31868.45703124999      0.6596336D-01
 31918.45703124999      0.6605124D-01
 31968.45703124999      0.6613076D-01
 31972.71093750000      0.6614657D-01
 31972.72656250000      0.6615542D-01
 31975.76562500000      0.6620706D-01
 31981.84375000000      0.6621661D-01
 32031.84375000000      0.6629863D-01
 32081.84375000000      0.6637254D-01
 32131.84375000000      0.6645428D-01
 32181.84375000000      0.6653452D-01
 32199.77929687499      0.6656694D-01
 32199.81250000000      0.6657548D-01
 32202.71484374999      0.6668094D-01
 32208.51562500000      0.6668939D-01
 32258.51562500000      0.6677631D-01
 32308.51562500000      0.6684456D-01
 32314.72070312499      0.6686337D-01
 32364.72070312499      0.6693747D-01
 32414.72070312499      0.6700189D-01
 32429.66015624999      0.6703179D-01
 32429.67578124999      0.6703924D-01
 32432.56445312499      0.6709213D-01
 32438.34179687499      0.6709947D-01
 32488.34179687499      0.6716706D-01
 32538.34179687499      0.6722732D-01
 32588.34179687499      0.6729907D-01
 32638.34179687499      0.6736562D-01
 32660.98046874999      0.6740017D-01
 32661.06250000000      0.6740830D-01
 32664.02343750000      0.6741225D-01
 32669.94140624999      0.6753734D-01
 32719.94140624999      0.6760240D-01
 32769.94140624999      0.6768528D-01
 32773.14062500000      0.6769228D-01
 32773.19140624999      0.6770378D-01
 32776.22656250000      0.6785180D-01
 32782.29296874999      0.6785951D-01
 32832.29296874999      0.6794934D-01
 32882.29296874999      0.6800967D-01
 32932.29296874999      0.6808195D-01
 32982.29296874999      0.6814513D-01
 33032.29296874999      0.6821162D-01
 33082.29296874999      0.6827786D-01
 33115.82812500000      0.6832338D-01
 33115.86328124999      0.6833164D-01
 33118.68750000000      0.6843807D-01
 33124.33593750000      0.6844458D-01
 33174.33593750000      0.6852030D-01
 33224.33593750000      0.6857550D-01
 33274.33593750000      0.6864126D-01
 33324.33593750000      0.6870005D-01
 33347.14843750000      0.6873170D-01
 33347.16796874999      0.6874041D-01
 33349.99609374999      0.6879351D-01
 33355.65625000000      0.6879936D-01
 33405.65625000000      0.6885793D-01
 33455.65625000000      0.6890856D-01
 33463.53906250000      0.6892710D-01
 33463.57421874999      0.6893566D-01
 33466.56250000000      0.6893889D-01
 33472.53515624999      0.6899080D-01
 33522.53515624999      0.6904572D-01
 33572.53515624999      0.6910303D-01
 33578.48046874999      0.6912053D-01
 33578.59765624999      0.6913061D-01
 33581.65625000000      0.6945410D-01
 33587.77734374999      0.6946068D-01
 33637.77734374999      0.6957375D-01
 33687.77734374999      0.6962630D-01
 33737.77734374999      0.6969720D-01
 33787.77734374999      0.6975073D-01
 33818.82031250000      0.6978915D-01
 33818.90234374999      0.6979696D-01
 33821.88281250000      0.7003089D-01
 33827.84375000000      0.7003689D-01
 33877.84375000000      0.7012558D-01
 33927.84375000000      0.7017447D-01
 33977.84375000000      0.7023697D-01
 34027.84375000000      0.7029159D-01
 34067.21093750000      0.7033729D-01
 34067.41015624999      0.7083944D-01
 34070.65625000000      0.7115149D-01
 34079.95703124999      0.7123196D-01
 34129.95703124999      0.7128660D-01
 34179.95703124999      0.7134954D-01
 34202.28906250000      0.7137707D-01
 34202.52343750000      0.7191130D-01
 34205.03906250000      0.7226267D-01
 34210.07031250000      0.7232756D-01
 34260.07031250000      0.7238429D-01
 34310.07031250000      0.7244586D-01
 34352.75000000000      0.7249606D-01
 34352.93359374999      0.7289502D-01
 34356.17968750000      0.7317015D-01
 34364.65234374999      0.7321568D-01
 34414.65234374999      0.7327379D-01
 34464.65234374999      0.7333269D-01
 34514.65234374999      0.7339149D-01
 34517.96875000000      0.7339847D-01
 34518.17187500000      0.7339876D-01
 34521.41406250000      0.7340289D-01
 34530.32812500000      0.7341404D-01
 34580.32812500000      0.7349496D-01
 34630.32812500000      0.7355482D-01
 34667.21093750000      0.7360399D-01
 34667.24218750000      0.7360768D-01
 34670.44140624999      0.7361151D-01
 34676.83984374999      0.7364655D-01
 34726.83984374999      0.7370529D-01
 34776.83984374999      0.7376468D-01
 34814.08984374999      0.7381144D-01
 34814.10546874999      0.7381549D-01
 34817.35156250000      0.7381920D-01
 34824.04296874999      0.7384017D-01
 34874.04296874999      0.7389893D-01
 34924.04296874999      0.7395679D-01
 34959.80078124999      0.7400284D-01
 35009.80078124999      0.7406255D-01
 35059.80078124999      0.7411837D-01
 35109.80078124999      0.7417639D-01
 35159.80078124999      0.7423182D-01
 35209.80078124999      0.7428739D-01
 35251.23046874999      0.7433283D-01
 35251.37890624999      0.7433727D-01
 35253.16406250000      0.7467093D-01
 35256.73046874999      0.7467452D-01
 35306.73046874999      0.7476123D-01
 35356.73046874999      0.7481020D-01
 35406.73046874999      0.7486849D-01
 35408.05078124999      0.7487214D-01
 35408.10156250000      0.7487699D-01
 35411.25781250000      0.7498672D-01
 35417.57421874999      0.7499308D-01
 35467.57421874999      0.7505312D-01
 35517.57421874999      0.7510128D-01
 35567.57421874999      0.7515382D-01
 35568.96875000000      0.7515803D-01
 35569.20312500000      0.7515831D-01
 35571.84375000000      0.7516201D-01
 35577.12500000000      0.7516784D-01
 35627.12500000000      0.7525381D-01
 35677.12500000000      0.7530715D-01
 35712.42968750000      0.7535331D-01
 35712.44531250000      0.7535689D-01
 35715.24218750000      0.7540108D-01
 35720.83593750000      0.7540698D-01
 35770.83593750000      0.7546265D-01
 35820.83593750000      0.7551343D-01
 35870.83593750000      0.7556973D-01
 35920.83593750000      0.7562263D-01
 35970.83593750000      0.7567817D-01
 36001.57812500000      0.7571331D-01
 36051.57812500000      0.7576843D-01
 36101.57812500000      0.7581844D-01
 36146.14843750000      0.7586649D-01
 36146.39843750000      0.7638117D-01
 36148.93750000000      0.7672315D-01
 36154.01171874999      0.7678315D-01
 36204.01171874999      0.7683538D-01
 36254.01171874999      0.7689168D-01
 36304.01171874999      0.7694473D-01
 36354.01171874999      0.7699781D-01
 36404.01171874999      0.7705016D-01
 36454.01171874999      0.7710133D-01
 36473.69140624999      0.7712457D-01
 36473.75781250000      0.7712844D-01
 36476.90625000000      0.7713165D-01
 36483.20312500000      0.7719112D-01
 36533.20312500000      0.7724287D-01
 36583.20312500000      0.7729791D-01
 36631.85937500000      0.7735053D-01
 36632.01171874999      0.7735471D-01
 36633.83203124999      0.7735668D-01
 36637.48046874999      0.7749379D-01
 36687.48046874999      0.7754990D-01
 36737.48046874999      0.7762162D-01
 36787.48046874999      0.7767720D-01
 36837.48046874999      0.7773571D-01
 36887.48046874999      0.7779259D-01
 36925.58984374999      0.7783652D-01
 36925.70703124999      0.7784096D-01
 36928.84765624999      0.7809010D-01
 36935.13671874999      0.7809660D-01
 36985.13671874999      0.7818010D-01
 37035.13671874999      0.7823198D-01
 37081.10937500000      0.7828733D-01
 37081.14453124999      0.7829051D-01
 37084.39062500000      0.7829390D-01
 37091.12500000000      0.7832657D-01
 37141.12500000000      0.7837929D-01
 37191.12500000000      0.7843295D-01
 37234.03906250000      0.7848135D-01
 37234.07421874999      0.7848554D-01
 37237.06250000000      0.7856250D-01
 37243.03515624999      0.7856867D-01
 37293.03515624999      0.7862870D-01
 37343.03515624999      0.7867847D-01
 37389.55078124999      0.7872953D-01
 37389.71484374999      0.7872968D-01
 37392.96093750000      0.7873494D-01
 37402.97656250000      0.7874591D-01
 37452.97656250000      0.7882497D-01
 37502.97656250000      0.7887821D-01
 37552.97656250000      0.7893968D-01
 37602.97656250000      0.7899474D-01
 37652.97656250000      0.7905377D-01
 37676.46093750000      0.7908334D-01
 37676.55859374999      0.7908944D-01
 37679.75000000000      0.7930238D-01
 37686.13671874999      0.7930924D-01
 37736.13671874999      0.7939360D-01
 37786.13671874999      0.7944596D-01
 37826.92187500000      0.7949685D-01
 37827.00390624999      0.7950018D-01
 37830.25000000000      0.7950380D-01
 37836.73828124999      0.7958529D-01
 37886.73828124999      0.7964008D-01
 37936.73828124999      0.7970463D-01
 37971.48828124999      0.7974511D-01
 37971.52343750000      0.7975060D-01
 37974.76953124999      0.7975424D-01
 37981.50781250000      0.7979079D-01
 38031.50781250000      0.7984514D-01
 38081.50781250000      0.7990112D-01
 38113.85156250000      0.7994138D-01
 38113.88281250000      0.7994674D-01
 38116.98437500000      0.8002301D-01
 38123.18359374999      0.8002970D-01
 38173.18359374999      0.8009430D-01
 38223.18359374999      0.8014891D-01
 38258.42187500000      0.8019435D-01
 38258.53515624999      0.8019887D-01
 38261.78125000000      0.8020264D-01
 38268.28125000000      0.8032513D-01
 38318.28125000000      0.8038443D-01
 38368.28125000000      0.8046375D-01
 38395.50000000000      0.8049552D-01
 38445.50000000000      0.8056072D-01
 38495.50000000000      0.8061861D-01
 38532.57812500000      0.8066728D-01
 38582.57812500000      0.8072808D-01
 38632.57812500000      0.8078694D-01
 38669.66015624999      0.8083379D-01
 38669.67578124999      0.8083868D-01
 38672.92187500000      0.8084230D-01
 38680.35937500000      0.8086366D-01
 38730.35937500000      0.8091854D-01
 38780.35937500000      0.8097591D-01
 38805.73046874999      0.8101160D-01
 38805.74609374999      0.8101797D-01
 38808.77343750000      0.8105973D-01
 38814.82421874999      0.8106659D-01
 38864.82421874999      0.8112852D-01
 38914.82421874999      0.8118405D-01
 38942.80859374999      0.8122260D-01
 38992.80859374999      0.8128321D-01
 39042.80859374999      0.8133817D-01
 39079.89062500000      0.8138476D-01
 39129.89062500000      0.8144331D-01
 39179.89062500000      0.8149972D-01
 39229.89062500000      0.8155867D-01
 39279.89062500000      0.8161625D-01
 39329.89062500000      0.8167729D-01
 39354.05078124999      0.8171017D-01
 39354.16796874999      0.8171669D-01
 39357.41406250000      0.8195762D-01
 39364.00000000000      0.8196542D-01
 39414.00000000000      0.8206835D-01
 39464.00000000000      0.8212668D-01
 39498.62890624999      0.8217852D-01
 39498.67968750000      0.8218204D-01
 39501.92578124999      0.8218594D-01
 39508.78906250000      0.8223977D-01
 39558.78906250000      0.8229976D-01
 39608.78906250000      0.8236477D-01
 39658.78906250000      0.8242924D-01
 39708.78906250000      0.8249339D-01
 39758.78906250000      0.8255658D-01
 39781.14843750000      0.8258802D-01
 39781.18359374999      0.8259397D-01
 39784.42968750000      0.8259784D-01
 39791.21484374999      0.8263683D-01
 39841.21484374999      0.8269592D-01
 39891.21484374999      0.8275829D-01
 39920.30078124999      0.8279901D-01
 39920.35156250000      0.8280478D-01
 39923.59375000000      0.8280879D-01
 39930.43750000000      0.8285568D-01
 39980.43750000000      0.8291809D-01
 40030.43750000000      0.8298174D-01
 40056.37109374999      0.8301515D-01
 40056.43750000000      0.8301519D-01
 40059.68359374999      0.8315223D-01
 40066.31640624999      0.8316045D-01
 40116.31640624999      0.8324024D-01
 40166.31640624999      0.8330145D-01
 40196.57031250000      0.8334780D-01
 40196.58593750000      0.8335289D-01
 40199.58593750000      0.8339448D-01
 40205.58593750000      0.8340178D-01
 40255.58593750000      0.8346794D-01
 40305.58593750000      0.8352815D-01
 40337.82812500000      0.8357488D-01
 40337.91406250000      0.8357500D-01
 40341.16015624999      0.8357906D-01
 40347.95312500000      0.8358794D-01
 40397.95312500000      0.8365067D-01
 40447.95312500000      0.8371281D-01
 40473.89843750000      0.8374495D-01
 40473.96484374999      0.8387984D-01
 40477.21093750000      0.8401664D-01
 40483.86328124999      0.8402515D-01
 40533.86328124999      0.8408974D-01
 40583.86328124999      0.8415531D-01
 40614.10156250000      0.8419485D-01
 40614.16796874999      0.8419491D-01
 40617.41406250000      0.8419937D-01
 40624.28906250000      0.8420879D-01
 40674.28906250000      0.8427630D-01
 40724.28906250000      0.8434308D-01
 40774.28906250000      0.8440933D-01
 40824.28906250000      0.8447514D-01
 40874.28906250000      0.8454043D-01
 40886.23828124999      0.8455599D-01
 40936.23828124999      0.8462057D-01
 40986.23828124999      0.8468479D-01
 41022.30859374999      0.8473078D-01
 41022.32812500000      0.8473092D-01
 41025.57031250000      0.8473507D-01
 41032.57421874999      0.8474406D-01
 41082.57421874999      0.8480821D-01
 41132.57421874999      0.8487201D-01
 41157.39062500000      0.8490476D-01
 41157.42187500000      0.8490492D-01
 41160.66796874999      0.8497787D-01
 41167.32812500000      0.8498656D-01
 41217.32812500000      0.8505191D-01
 41267.32812500000      0.8511682D-01
 41294.46875000000      0.8515199D-01
 41294.76953124999      0.8515234D-01
 41297.66796874999      0.8570620D-01
 41303.46875000000      0.8571345D-01
 41353.46875000000      0.8578759D-01
 41403.46875000000      0.8584954D-01
 41452.62890624999      0.8591684D-01
 41453.14843750000      0.8591770D-01
 41455.14843750000      0.8592115D-01
 41459.15625000000      0.8592919D-01
 41509.15625000000      0.8601466D-01
 41559.15625000000      0.8609928D-01
 41577.67187500000      0.8613039D-01
 41577.68750000000      0.8613043D-01
 41580.75390624999      0.8617114D-01
 41586.88281250000      0.8618134D-01
 41636.88281250000      0.8626425D-01
 41686.88281250000      0.8634767D-01
 41736.88281250000      0.8643180D-01
 41786.88281250000      0.8651521D-01
 41829.44921874999      0.8658558D-01
 41829.48437500000      0.8658563D-01
 41832.65234374999      0.8666411D-01
 41838.99609374999      0.8667468D-01
 41888.99609374999      0.8675614D-01
 41938.99609374999      0.8683697D-01
 41957.07031250000      0.8686603D-01
 41957.13671874999      0.8701184D-01
 41960.38281250000      0.8716155D-01
 41967.14843750000      0.8717272D-01
 42017.14843750000      0.8725483D-01
 42067.14843750000      0.8733625D-01
 42088.32031250000      0.8737049D-01
 42088.48828124999      0.8737076D-01
 42090.46484374999      0.8737434D-01
 42094.42578124999      0.8738154D-01
 42144.42578124999      0.8747199D-01
 42194.42578124999      0.8756272D-01
 42244.42578124999      0.8765431D-01
 42294.42578124999      0.8774684D-01
 42333.42968750000      0.8782019D-01
 42333.44531250000      0.8782031D-01
 42336.50000000000      0.8786353D-01
 42342.60546874999      0.8787492D-01
 42392.60546874999      0.8796781D-01
 42442.60546874999      0.8805998D-01
 42492.60546874999      0.8815134D-01
 42542.60546874999      0.8824203D-01
 42580.17187500000      0.8830978D-01
 42580.30468750000      0.8860699D-01
 42583.55078124999      0.8890577D-01
 42590.24218750000      0.8891848D-01
 42640.24218750000      0.8901241D-01
 42690.24218750000      0.8910748D-01
 42710.48828124999      0.8914600D-01
 42760.48828124999      0.8924028D-01
 42810.48828124999      0.8933360D-01
 42860.48828124999      0.8942603D-01
 42910.48828124999      0.8951749D-01
 42960.48828124999      0.8960812D-01
 42971.12890624999      0.8962736D-01
 43021.12890624999      0.8971701D-01
 43071.12890624999      0.8980583D-01
 43101.44921874999      0.8985945D-01
 43101.46484374999      0.8985949D-01
 43104.71093750000      0.8986522D-01
 43111.51562500000      0.8987740D-01
 43161.51562500000      0.8996604D-01
 43211.51562500000      0.9005540D-01
 43261.51562500000      0.9014527D-01
 43311.51562500000      0.9023440D-01
 43360.26953124999      0.9032071D-01
 43360.37109374999      0.9053610D-01
 43363.61718750000      0.9075442D-01
 43370.33984374999      0.9076675D-01
 43420.33984374999      0.9085812D-01
 43470.33984374999      0.9094841D-01
 43520.33984374999      0.9103798D-01
 43570.33984374999      0.9112667D-01
 43620.33984374999      0.9121455D-01
 43630.42968750000      0.9123222D-01
 43630.87890624999      0.9123329D-01
 43634.01953124999      0.9124108D-01
 43640.29296874999      0.9125709D-01
 43690.29296874999      0.9138071D-01
 43740.29296874999      0.9150505D-01
 43743.26953124999      0.9151234D-01
 43743.35156250000      0.9172606D-01
 43746.54687500000      0.9194468D-01
 43752.93359374999      0.9196090D-01
 43802.93359374999      0.9208588D-01
 43852.93359374999      0.9220945D-01
 43859.66015624999      0.9222604D-01
 43909.66015624999      0.9234801D-01
 43959.66015624999      0.9246869D-01
 43976.03906250000      0.9250808D-01
 43976.55859374999      0.9354412D-01
 43979.70312500000      0.9455677D-01
 43985.99218750000      0.9457360D-01
 44035.99218750000      0.9470510D-01
 44085.99218750000      0.9483416D-01
 44120.62109374999      0.9492242D-01
 44170.62109374999      0.9504783D-01
 44220.62109374999      0.9517108D-01
 44265.19921874999      0.9527933D-01
 44265.33203124999      0.9527973D-01
 44268.57812500000      0.9528826D-01
 44275.44921874999      0.9530617D-01
 44325.44921874999      0.9543480D-01
 44375.44921874999      0.9556402D-01
 44401.26953124999      0.9563044D-01
 44401.40234374999      0.9563085D-01
 44404.64843750000      0.9563977D-01
 44411.39062500000      0.9565862D-01
 44461.39062500000      0.9579526D-01
 44511.39062500000      0.9592978D-01
 44561.39062500000      0.9606222D-01
 44611.39062500000      0.9619255D-01
 44661.39062500000      0.9632106D-01
 44711.39062500000      0.9644756D-01
 44761.39062500000      0.9657528D-01
 44786.80078124999      0.9663982D-01
 44787.05078124999      0.9713387D-01
 44790.29687500000      0.9762625D-01
 44796.99609374999      0.9764375D-01
 44846.99609374999      0.9777229D-01
 44896.99609374999      0.9790140D-01
 44930.26171874999      0.9798690D-01
 44930.44921874999      0.9873571D-01
 44930.64062500000      0.9937749D-01
 44930.83203124999      0.1000081D+00
 44931.01953124999      0.1004451D+00
 44931.21093750000      0.1008998D+00
 44931.40234374999      0.1013065D+00
 44931.59375000000      0.1016689D+00
 44931.78125000000      0.1019930D+00
 44931.97265624999      0.1022866D+00
 44932.16406250000      0.1025511D+00
 44932.35546874999      0.1027914D+00
 44932.41015624999      0.1030280D+00
 44932.43750000000      0.1030997D+00
 44932.46875000000      0.1030997D+00
 44932.50000000000      0.1030997D+00
 44932.52734374999      0.1030996D+00
 44932.55859374999      0.1030995D+00
 44932.58593750000      0.1030996D+00
 44932.61718750000      0.1030996D+00
 44932.64453124999      0.1030997D+00
 44932.67578124999      0.1030997D+00
 44932.70312500000      0.1030998D+00
 44932.72656250000      0.1030998D+00
 44932.78515624999      0.1030999D+00
 44933.32421874999      0.1031066D+00
 44933.76171874999      0.1031070D+00
 44934.22656250000      0.1031080D+00
 44934.44140624999      0.1031085D+00
 44934.47656250000      0.1031087D+00
 44934.49218750000      0.1031088D+00
 44934.52734374999      0.1031089D+00
 44934.68750000000      0.1031101D+00
 44935.07812500000      0.1031141D+00
 44935.24218750000      0.1031160D+00
 44935.39453124999      0.1031181D+00
 44935.42578124999      0.1031187D+00
 44935.67578124999      0.1031276D+00
 44935.92578124999      0.1031611D+00
 44935.96093750000      0.1031699D+00
 44936.16015624999      0.1033119D+00
 44936.17578124999      0.1033237D+00
 44936.42578124999      0.1038435D+00
 44936.54296874999      0.1041786D+00
 44937.60156250000      0.1055420D+00
 44939.72265624999      0.1069348D+00
 44942.52734374999      0.1080821D+00
 44942.55859374999      0.1080976D+00
 44942.67578124999      0.1081501D+00
 44942.71093750000      0.1083546D+00
 44942.80859374999      0.1118352D+00
 44942.84375000000      0.1138547D+00
 44942.87500000000      0.1156083D+00
 44942.96875000000      0.1191051D+00
 44943.16406250000      0.1217105D+00
 44943.55859374999      0.1237067D+00
 44946.92578124999      0.1287070D+00
 44946.94140624999      0.1293732D+00
 44946.96093750000      0.1338428D+00
 44946.97656250000      0.1362087D+00
 44946.99609374999      0.1373311D+00
 44947.01171874999      0.1375510D+00
 44947.03906250000      0.1376966D+00
 44947.09765624999      0.1381714D+00
 44947.12890624999      0.1385728D+00
 44947.14062500000      0.1389105D+00
 44947.14843750000      0.1391657D+00
 44947.16015624999      0.1393777D+00
 44947.16796874999      0.1395773D+00
 44947.17968750000      0.1397616D+00
 44947.18750000000      0.1399321D+00
 44947.19921874999      0.1400904D+00
 44947.20703124999      0.1402373D+00
 44947.21875000000      0.1403742D+00
 44947.22656250000      0.1404944D+00
 44947.23437500000      0.1406133D+00
