 0.000000000000000      0.0000000D+00
0.1000000014901161      0.1404848D+17
0.3000000119209288      0.4214545D+17
0.6006559729576110      0.8438306D+17
0.9013119935989378      0.1266207D+18
 1.201967954635620      0.1688583D+18
 1.502623915672302      0.2110959D+18
 1.803279876708984      0.2533335D+18
 2.103935956954956      0.2955711D+18
 2.404591798782348      0.3378087D+18
 2.705247640609741      0.3800463D+18
 3.005903959274291      0.4222840D+18
 3.299999952316284      0.4636000D+18
 3.901312112808227      0.4636000D+18
 6.178729057312010      0.4636000D+18
 56.17873001098632      0.4636000D+18
 93.45999908447265      0.4636000D+18
 94.64333343505858      0.6299000D+18
 96.44585418701171      0.6299000D+18
 100.0509109497070      0.6299000D+18
 150.0509033203125      0.6299000D+18
 200.0509033203125      0.6299000D+18
 250.0509033203125      0.6299000D+18
 299.8500061035155      0.6299000D+18
 300.2333374023437      0.5760000D+18
 302.0991210937499      0.5760000D+18
 305.8307495117187      0.5760000D+18
 355.8307495117187      0.5760000D+18
 405.8307495117187      0.5760000D+18
 455.8307495117187      0.5760000D+18
 505.8307495117187      0.5760000D+18
 555.8307495117187      0.5760000D+18
 605.8307495117186      0.5760000D+18
 655.8307495117186      0.5760000D+18
 675.9799804687499      0.5760000D+18
 676.4633178710936      0.6439000D+18
 678.3085327148436      0.6439000D+18
 681.9989624023436      0.6439000D+18
 731.9989624023436      0.6439000D+18
 781.9989624023436      0.6439000D+18
 831.9989624023436      0.6439000D+18
 881.9989624023436      0.6439000D+18
 931.9989624023436      0.6439000D+18
 945.1500244140623      0.6439000D+18
 946.0499877929685      0.5175000D+18
 947.8235473632810      0.5175000D+18
 951.3707885742186      0.5175000D+18
 1001.370788574219      0.5175000D+18
 1051.370849609375      0.5175000D+18
 1101.370849609375      0.5175000D+18
 1151.370849609375      0.5175000D+18
 1196.359985351562      0.5175000D+18
 1197.493286132812      0.6767000D+18
 1199.242797851562      0.6767000D+18
 1202.741577148437      0.6767000D+18
 1252.741577148437      0.6767000D+18
 1302.741577148437      0.6767000D+18
 1324.420043945312      0.6767000D+18
 1324.520019531250      0.6627000D+18
 1326.805664062500      0.6627000D+18
 1331.377197265625      0.6627000D+18
 1381.377197265625      0.6627000D+18
 1431.377197265625      0.6627000D+18
 1481.377197265625      0.6627000D+18
 1531.377197265625      0.6627000D+18
 1581.377197265625      0.6627000D+18
 1585.989990234375      0.6627000D+18
 1586.606689453125      0.5760000D+18
 1588.367797851562      0.5760000D+18
 1591.889892578125      0.5760000D+18
 1641.889892578125      0.5760000D+18
 1691.889892578125      0.5760000D+18
 1741.889892578125      0.5760000D+18
 1791.889892578125      0.5760000D+18
 1811.660034179687      0.5760000D+18
 1811.693359375000      0.5807000D+18
 1814.099731445312      0.5807000D+18
 1818.912475585937      0.5807000D+18
 1868.912475585937      0.5807000D+18
 1886.280029296875      0.5807000D+18
 1886.313354492187      0.5760000D+18
 1888.792236328125      0.5760000D+18
 1893.750000000000      0.5760000D+18
 1943.750000000000      0.5760000D+18
 1993.750000000000      0.5760000D+18
 2036.739990234375      0.5760000D+18
 2086.739990234375      0.5760000D+18
 2136.739990234375      0.5760000D+18
 2186.739990234375      0.5760000D+18
 2236.739990234375      0.5760000D+18
 2262.409912109375      0.5760000D+18
 2262.459960937500      0.5831000D+18
 2265.011474609375      0.5831000D+18
 2270.113769531250      0.5831000D+18
 2320.113769531250      0.5831000D+18
 2370.113769531250      0.5831000D+18
 2420.113769531250      0.5831000D+18
 2470.113769531250      0.5831000D+18
 2520.113769531250      0.5831000D+18
 2559.689941406250      0.5831000D+18
 2559.739990234375      0.5901000D+18
 2562.404785156250      0.5901000D+18
 2567.734130859375      0.5901000D+18
 2617.734130859375      0.5901000D+18
 2667.734130859375      0.5901000D+18
 2717.734130859375      0.5901000D+18
 2767.734130859375      0.5901000D+18
 2780.000000000000      0.5901000D+18
 2780.033447265625      0.5854000D+18
 2782.469238281250      0.5854000D+18
 2787.340576171875      0.5854000D+18
 2837.340576171875      0.5854000D+18
 2887.340576171874      0.5854000D+18
 2937.340576171874      0.5854000D+18
 2987.340576171874      0.5854000D+18
 3002.070068359374      0.5854000D+18
 3002.086669921874      0.5831000D+18
 3004.456298828124      0.5831000D+18
 3009.195556640624      0.5831000D+18
 3059.195556640624      0.5831000D+18
 3109.195556640624      0.5831000D+18
 3159.195556640624      0.5831000D+18
 3209.195556640624      0.5831000D+18
 3225.030029296874      0.5831000D+18
 3225.046630859374      0.5807000D+18
 3227.384765624999      0.5807000D+18
 3232.060546874999      0.5807000D+18
 3282.060546874999      0.5807000D+18
 3332.060546874999      0.5807000D+18
 3382.060546874999      0.5807000D+18
 3432.060546874999      0.5807000D+18
 3482.060546874999      0.5807000D+18
 3523.500000000000      0.5807000D+18
 3573.500000000000      0.5807000D+18
 3598.120117187499      0.5807000D+18
 3598.136718750000      0.5784000D+18
 3600.370117187499      0.5784000D+18
 3604.836914062499      0.5784000D+18
 3654.836914062499      0.5784000D+18
 3704.836914062499      0.5784000D+18
 3754.836914062499      0.5784000D+18
 3804.836914062499      0.5784000D+18
 3854.836914062499      0.5784000D+18
 3897.810058593749      0.5784000D+18
 3898.026611328124      0.5479000D+18
 3899.932128906249      0.5479000D+18
 3903.743164062499      0.5479000D+18
 3953.743164062499      0.5479000D+18
 4003.743164062499      0.5479000D+18
 4053.743164062499      0.5479000D+18
 4103.743164062499      0.5479000D+18
 4135.060058593749      0.5479000D+18
 4135.160156250000      0.5620000D+18
 4137.779785156249      0.5620000D+18
 4143.019042968749      0.5620000D+18
 4193.019042968749      0.5620000D+18
 4212.169921874999      0.5620000D+18
 4212.653320312499      0.4941000D+18
 4214.573730468749      0.4941000D+18
 4218.414550781249      0.4941000D+18
 4268.414550781249      0.4941000D+18
 4318.414550781249      0.4941000D+18
 4368.414550781249      0.4941000D+18
 4387.580078124999      0.4941000D+18
 4387.613281250000      0.4894000D+18
 4390.296875000000      0.4894000D+18
 4395.663574218749      0.4894000D+18
 4445.663574218749      0.4894000D+18
 4476.120117187499      0.4894000D+18
 4476.169921874999      0.4964000D+18
 4478.911621093749      0.4964000D+18
 4484.394042968749      0.4964000D+18
 4534.394042968749      0.4964000D+18
 4563.410156250000      0.4964000D+18
 4563.426757812499      0.4941000D+18
 4566.104980468749      0.4941000D+18
 4571.461425781249      0.4941000D+18
 4621.461425781249      0.4941000D+18
 4651.109863281249      0.4941000D+18
 4651.160156250000      0.4871000D+18
 4653.834960937499      0.4871000D+18
 4659.184570312499      0.4871000D+18
 4709.184570312499      0.4871000D+18
 4740.080078124999      0.4871000D+18
 4740.129882812499      0.4800000D+18
 4742.846191406249      0.4800000D+18
 4748.279296874999      0.4800000D+18
 4798.279296874999      0.4800000D+18
 4848.279296874999      0.4800000D+18
 4898.279296874999      0.4800000D+18
 4920.629882812499      0.4800000D+18
 4920.663574218749      0.4847000D+18
 4923.454101562499      0.4847000D+18
 4929.035156250000      0.4847000D+18
 4979.035156250000      0.4847000D+18
 5029.035156250000      0.4847000D+18
 5079.035156250000      0.4847000D+18
 5099.430175781249      0.4847000D+18
 5099.546875000000      0.4683000D+18
 5102.293945312499      0.4683000D+18
 5107.789062500000      0.4683000D+18
 5157.789062500000      0.4683000D+18
 5207.789062500000      0.4683000D+18
 5257.789062500000      0.4683000D+18
 5307.789062500000      0.4683000D+18
 5357.789062500000      0.4683000D+18
 5407.789062500000      0.4683000D+18
 5457.789062500000      0.4683000D+18
 5469.540039062499      0.4683000D+18
 5469.589843750000      0.4754000D+18
 5472.353027343749      0.4754000D+18
 5477.879394531249      0.4754000D+18
 5527.879394531249      0.4754000D+18
 5560.700195312499      0.4754000D+18
 5610.700195312499      0.4754000D+18
 5660.700195312499      0.4754000D+18
 5710.700195312499      0.4754000D+18
 5743.020019531249      0.4754000D+18
 5743.053222656249      0.4707000D+18
 5745.747070312499      0.4707000D+18
 5751.134765624999      0.4707000D+18
 5801.134765624999      0.4707000D+18
 5835.089843749999      0.4707000D+18
 5835.106445312499      0.4683000D+18
 5837.744628906248      0.4683000D+18
 5843.020507812499      0.4683000D+18
 5893.020507812499      0.4683000D+18
 5927.620117187499      0.4683000D+18
 5927.753417968748      0.4496000D+18
 5930.538574218749      0.4496000D+18
 5936.108398437498      0.4496000D+18
 5986.108398437498      0.4496000D+18
 6024.000000000000      0.4496000D+18
 6024.966796874999      0.5854000D+18
 6026.852050781249      0.5854000D+18
 6030.623535156249      0.5854000D+18
 6080.623535156249      0.5854000D+18
 6098.020019531248      0.5854000D+18
 6099.186523437498      0.4215000D+18
 6101.077148437498      0.4215000D+18
 6104.857421874999      0.4215000D+18
 6154.857421874999      0.4215000D+18
 6200.830078124999      0.4215000D+18
 6201.263183593748      0.3606000D+18
 6203.228027343749      0.3606000D+18
 6207.156250000000      0.3606000D+18
 6257.156250000000      0.3606000D+18
 6307.156250000000      0.3606000D+18
 6321.000000000000      0.3606000D+18
 6321.850097656249      0.4800000D+18
 6323.772949218749      0.4800000D+18
 6327.618652343749      0.4800000D+18
 6377.618652343749      0.4800000D+18
 6411.270019531248      0.4800000D+18
 6411.286621093748      0.4777000D+18
 6413.924316406248      0.4777000D+18
 6419.200195312499      0.4777000D+18
 6469.200195312499      0.4777000D+18
 6501.979980468748      0.4777000D+18
 6502.029785156249      0.4707000D+18
 6504.718750000000      0.4707000D+18
 6510.095703124999      0.4707000D+18
 6560.095703124999      0.4707000D+18
 6610.095703124999      0.4707000D+18
 6660.095703124999      0.4707000D+18
 6686.120117187499      0.4707000D+18
 6686.203125000000      0.4590000D+18
 6688.920898437498      0.4590000D+18
 6694.356933593748      0.4590000D+18
 6744.356933593748      0.4590000D+18
 6780.540039062499      0.4590000D+18
 6780.556640624999      0.4566000D+18
 6783.204589843749      0.4566000D+18
 6788.500488281249      0.4566000D+18
 6838.500488281249      0.4566000D+18
 6888.500488281249      0.4566000D+18
 6938.500488281249      0.4566000D+18
 6970.339843749999      0.4566000D+18
 6970.373535156249      0.4519000D+18
 6973.093261718749      0.4519000D+18
 6978.533203124999      0.4519000D+18
 7028.533203124999      0.4519000D+18
 7078.533203124999      0.4519000D+18
 7128.533203124999      0.4519000D+18
 7178.533203124999      0.4519000D+18
 7228.533203124999      0.4519000D+18
 7278.533203124999      0.4519000D+18
 7328.533203124999      0.4519000D+18
 7353.870117187498      0.4519000D+18
 7353.886718749999      0.4496000D+18
 7356.544433593748      0.4496000D+18
 7361.860351562498      0.4496000D+18
 7411.860351562498      0.4496000D+18
 7461.860351562498      0.4496000D+18
 7511.860351562498      0.4496000D+18
 7546.640136718748      0.4496000D+18
 7546.939941406248      0.4917000D+18
 7548.910156249999      0.4917000D+18
 7552.850097656249      0.4917000D+18
 7602.850097656249      0.4917000D+18
 7634.759765624999      0.4917000D+18
 7634.810058593748      0.4847000D+18
 7637.444335937498      0.4847000D+18
 7642.713378906248      0.4847000D+18
 7692.713378906248      0.4847000D+18
 7742.713378906248      0.4847000D+18
 7792.713378906248      0.4847000D+18
 7813.560058593748      0.4847000D+18
 7814.143554687498      0.4028000D+18
 7816.086425781249      0.4028000D+18
 7819.974121093748      0.4028000D+18
 7869.974121093748      0.4028000D+18
 7919.974121093748      0.4028000D+18
 7969.974121093748      0.4028000D+18
 8019.974121093748      0.4028000D+18
 8028.740234374999      0.4028000D+18
 8029.206542968748      0.4683000D+18
 8031.178222656249      0.4683000D+18
 8035.122070312499      0.4683000D+18
 8085.122070312499      0.4683000D+18
 8135.122070312499      0.4683000D+18
 8185.122070312499      0.4683000D+18
 8213.799804687498      0.4683000D+18
 8213.916992187498      0.4519000D+18
 8216.624023437498      0.4519000D+18
 8222.041015624999      0.4519000D+18
 8272.041015624999      0.4519000D+18
 8309.679687500000      0.4519000D+18
 8309.730468749999      0.4449000D+18
 8312.425781249999      0.4449000D+18
 8317.816406249999      0.4449000D+18
 8367.816406249999      0.4449000D+18
 8407.080078124999      0.4449000D+18
 8407.113281249999      0.4496000D+18
 8409.892578124999      0.4496000D+18
 8415.452148437498      0.4496000D+18
 8465.452148437498      0.4496000D+18
 8515.452148437498      0.4496000D+18
 8565.452148437498      0.4496000D+18
 8615.452148437498      0.4496000D+18
 8665.452148437498      0.4496000D+18
 8696.230468749999      0.4496000D+18
 8696.346679687498      0.4332000D+18
 8699.093750000000      0.4332000D+18
 8704.588867187498      0.4332000D+18
 8754.588867187498      0.4332000D+18
 8804.588867187498      0.4332000D+18
 8854.588867187498      0.4332000D+18
 8896.290039062498      0.4332000D+18
 8896.356445312499      0.4238000D+18
 8899.095703124999      0.4238000D+18
 8904.572265624999      0.4238000D+18
 8954.572265624999      0.4238000D+18
 9004.572265624999      0.4238000D+18
 9054.572265624999      0.4238000D+18
 9100.769531249999      0.4238000D+18
 9100.836914062498      0.4145000D+18
 9103.588867187498      0.4145000D+18
 9109.092773437498      0.4145000D+18
 9159.092773437498      0.4145000D+18
 9209.092773437498      0.4145000D+18
 9259.092773437498      0.4145000D+18
 9309.092773437498      0.4145000D+18
 9309.879882812499      0.4145000D+18
 9309.962890624999      0.4028000D+18
 9312.777343749999      0.4028000D+18
 9318.406250000000      0.4028000D+18
 9368.406250000000      0.4028000D+18
 9418.406250000000      0.4028000D+18
 9468.406250000000      0.4028000D+18
 9518.406250000000      0.4028000D+18
 9525.059570312499      0.4028000D+18
 9525.193359374999      0.3840000D+18
 9528.041992187498      0.3840000D+18
 9533.740234374999      0.3840000D+18
 9583.740234374999      0.3840000D+18
 9633.740234374999      0.3840000D+18
 9683.740234374999      0.3840000D+18
 9733.740234374999      0.3840000D+18
 9750.740234374999      0.3840000D+18
 9750.773437500000      0.3793000D+18
 9753.644531249999      0.3793000D+18
 9759.385742187498      0.3793000D+18
 9809.385742187498      0.3793000D+18
 9859.385742187498      0.3793000D+18
 9909.385742187498      0.3793000D+18
 9959.385742187498      0.3793000D+18
 9979.200195312499      0.3793000D+18
 9979.316406249999      0.3630000D+18
 9982.200195312499      0.3630000D+18
 9987.966796874999      0.3630000D+18
 10037.96679687500      0.3630000D+18
 10087.96679687500      0.3630000D+18
 10137.96679687500      0.3630000D+18
 10187.96679687500      0.3630000D+18
 10217.98046875000      0.3630000D+18
 10218.03027343750      0.3559000D+18
 10220.88671875000      0.3559000D+18
 10226.60156250000      0.3559000D+18
 10276.60156250000      0.3559000D+18
 10326.60156250000      0.3559000D+18
 10376.60156250000      0.3559000D+18
 10426.60156250000      0.3559000D+18
 10461.48046875000      0.3559000D+18
 10461.61328125000      0.3372000D+18
 10464.54687500000      0.3372000D+18
 10470.41601562500      0.3372000D+18
 10520.41601562500      0.3372000D+18
 10570.41601562500      0.3372000D+18
 10589.99023437500      0.3372000D+18
 10590.05664062500      0.3278000D+18
 10592.98730468750      0.3278000D+18
 10598.84960937500      0.3278000D+18
 10648.84960937500      0.3278000D+18
 10698.84960937500      0.3278000D+18
 10748.84960937500      0.3278000D+18
 10798.84960937500      0.3278000D+18
 10848.84960937500      0.3278000D+18
 10854.34960937500      0.3278000D+18
 10854.43359375000      0.3161000D+18
 10857.42089843750      0.3161000D+18
 10863.39550781250      0.3161000D+18
 10913.39550781250      0.3161000D+18
 10963.39550781250      0.3161000D+18
 10991.42968750000      0.3161000D+18
 10991.53027343750      0.3021000D+18
 10994.52832031250      0.3021000D+18
 11000.52441406250      0.3021000D+18
 11050.52441406250      0.3021000D+18
 11100.52441406250      0.3021000D+18
 11150.52441406250      0.3021000D+18
 11200.52441406250      0.3021000D+18
 11250.52441406250      0.3021000D+18
 11278.33984375000      0.3021000D+18
 11278.42285156250      0.2904000D+18
 11281.45214843750      0.2904000D+18
 11287.50976562500      0.2904000D+18
 11337.50976562500      0.2904000D+18
 11387.50976562500      0.2904000D+18
 11437.50976562500      0.2904000D+18
 11487.50976562500      0.2904000D+18
 11537.50976562500      0.2904000D+18
 11576.82031250000      0.2904000D+18
 11576.88671875000      0.2810000D+18
 11579.91601562500      0.2810000D+18
 11585.97460937500      0.2810000D+18
 11635.97460937500      0.2810000D+18
 11685.97460937500      0.2810000D+18
 11731.03027343750      0.2810000D+18
 11731.78027343750      0.3864000D+18
 11733.80078125000      0.3864000D+18
 11737.84277343750      0.3864000D+18
 11787.84277343750      0.3864000D+18
 11837.84277343750      0.3864000D+18
 11843.19042968750      0.3864000D+18
 11843.50683593750      0.4309000D+18
 11845.50488281250      0.4309000D+18
 11849.50292968750      0.4309000D+18
 11899.50292968750      0.4309000D+18
 11949.50292968750      0.4309000D+18
 11999.50292968750      0.4309000D+18
 12044.33984375000      0.4309000D+18
 12044.37304687500      0.4355000D+18
 12047.23242187500      0.4355000D+18
 12052.95019531250      0.4355000D+18
 12102.95019531250      0.4355000D+18
 12152.95019531250      0.4355000D+18
 12202.95019531250      0.4355000D+18
 12243.32031250000      0.4355000D+18
 12293.32031250000      0.4355000D+18
 12343.32031250000      0.4355000D+18
 12393.32031250000      0.4355000D+18
 12442.30957031250      0.4355000D+18
 12442.36035156250      0.4426000D+18
 12445.16406250000      0.4426000D+18
 12450.77050781250      0.4426000D+18
 12500.77050781250      0.4426000D+18
 12550.77050781250      0.4426000D+18
 12600.77050781250      0.4426000D+18
 12650.77050781250      0.4426000D+18
 12700.77050781250      0.4426000D+18
 12736.04980468750      0.4426000D+18
 12736.06640625000      0.4449000D+18
 12739.02832031250      0.4449000D+18
 12744.95312500000      0.4449000D+18
 12794.95312500000      0.4449000D+18
 12844.95312500000      0.4449000D+18
 12894.95312500000      0.4449000D+18
 12930.83984375000      0.4449000D+18
 12980.83984375000      0.4449000D+18
 13030.83984375000      0.4449000D+18
 13080.83984375000      0.4449000D+18
 13125.63964843750      0.4449000D+18
 13125.72363281250      0.4566000D+18
 13128.51074218750      0.4566000D+18
 13134.08496093750      0.4566000D+18
 13184.08496093750      0.4566000D+18
 13220.54003906250      0.4566000D+18
 13220.55664062500      0.4543000D+18
 13223.12695312500      0.4543000D+18
 13228.26660156250      0.4543000D+18
 13278.26660156250      0.4543000D+18
 13328.26660156250      0.4543000D+18
 13378.26660156250      0.4543000D+18
 13411.32031250000      0.4543000D+18
 13461.32031250000      0.4543000D+18
 13511.32031250000      0.4543000D+18
 13561.32031250000      0.4543000D+18
 13602.09960937500      0.4543000D+18
 13602.16699218750      0.4636000D+18
 13604.95410156250      0.4636000D+18
 13610.53027343750      0.4636000D+18
 13660.53027343750      0.4636000D+18
 13710.53027343750      0.4636000D+18
 13760.53027343750      0.4636000D+18
 13810.53027343750      0.4636000D+18
 13860.53027343750      0.4636000D+18
 13910.53027343750      0.4636000D+18
 13960.53027343750      0.4636000D+18
 14010.53027343750      0.4636000D+18
 14060.53027343750      0.4636000D+18
 14069.41015625000      0.4636000D+18
 14119.41015625000      0.4636000D+18
 14162.87988281250      0.4636000D+18
 14162.91308593750      0.4590000D+18
 14165.52636718750      0.4590000D+18
 14170.75292968750      0.4590000D+18
 14220.75292968750      0.4590000D+18
 14270.75292968750      0.4590000D+18
 14320.75292968750      0.4590000D+18
 14351.70996093750      0.4590000D+18
 14351.72656250000      0.4566000D+18
 14354.35449218750      0.4566000D+18
 14359.61035156250      0.4566000D+18
 14409.61035156250      0.4566000D+18
 14459.61035156250      0.4566000D+18
 14509.61035156250      0.4566000D+18
 14541.50976562500      0.4566000D+18
 14541.55957031250      0.4636000D+18
 14544.35253906250      0.4636000D+18
 14549.93750000000      0.4636000D+18
 14599.93750000000      0.4636000D+18
 14649.93750000000      0.4636000D+18
 14699.93750000000      0.4636000D+18
 14749.93750000000      0.4636000D+18
 14799.93750000000      0.4636000D+18
 14821.90039062500      0.4636000D+18
 14822.13378906250      0.4964000D+18
 14824.19042968750      0.4964000D+18
 14828.30371093750      0.4964000D+18
 14878.30371093750      0.4964000D+18
 14928.30371093750      0.4964000D+18
 14978.30371093750      0.4964000D+18
 15028.30371093750      0.4964000D+18
 15078.30371093750      0.4964000D+18
 15083.76953125000      0.4964000D+18
 15083.78710937500      0.4941000D+18
 15086.47558593750      0.4941000D+18
 15091.85253906250      0.4941000D+18
 15141.85253906250      0.4941000D+18
 15191.85253906250      0.4941000D+18
 15241.85253906250      0.4941000D+18
 15291.85253906250      0.4941000D+18
 15341.85253906250      0.4941000D+18
 15346.87988281250      0.4941000D+18
 15396.87988281250      0.4941000D+18
 15434.58984375000      0.4941000D+18
 15434.94042968750      0.4449000D+18
 15436.94726562500      0.4449000D+18
 15440.96289062500      0.4449000D+18
 15490.96289062500      0.4449000D+18
 15540.96289062500      0.4449000D+18
 15590.96289062500      0.4449000D+18
 15629.37988281250      0.4449000D+18
 15679.37988281250      0.4449000D+18
 15729.37988281250      0.4449000D+18
 15779.37988281250      0.4449000D+18
 15824.17968750000      0.4449000D+18
 15824.64648437500      0.3793000D+18
 15826.64453125000      0.3793000D+18
 15830.64160156250      0.3793000D+18
 15880.64160156250      0.3793000D+18
 15930.64160156250      0.3793000D+18
 15980.64160156250      0.3793000D+18
 16030.64160156250      0.3793000D+18
 16052.63964843750      0.3793000D+18
 16052.69042968750      0.3864000D+18
 16055.48632812500      0.3864000D+18
 16061.07812500000      0.3864000D+18
 16111.07812500000      0.3864000D+18
 16161.07812500000      0.3864000D+18
 16211.07812500000      0.3864000D+18
 16261.07812500000      0.3864000D+18
 16276.95996093750      0.3864000D+18
 16277.69335937500      0.4894000D+18
 16279.65234375000      0.4894000D+18
 16283.56933593750      0.4894000D+18
 16333.56933593750      0.4894000D+18
 16365.50000000000      0.4894000D+18
 16365.70019531250      0.5175000D+18
 16367.82031250000      0.5175000D+18
 16372.06152343750      0.5175000D+18
 16422.06250000000      0.5175000D+18
 16472.06250000000      0.5175000D+18
 16522.06250000000      0.5175000D+18
 16572.06250000000      0.5175000D+18
 16622.06250000000      0.5175000D+18
 16672.06250000000      0.5175000D+18
 16700.43945312500      0.5175000D+18
 16700.45703125000      0.5152000D+18
 16702.90039062500      0.5152000D+18
 16707.78906250000      0.5152000D+18
 16757.78906250000      0.5152000D+18
 16807.78906250000      0.5152000D+18
 16857.78906250000      0.5152000D+18
 16868.67968750000      0.5152000D+18
 16918.67968750000      0.5152000D+18
 16968.67968750000      0.5152000D+18
 17018.67968750000      0.5152000D+18
 17036.91015625000      0.5152000D+18
 17037.02734375000      0.4988000D+18
 17039.64453125000      0.4988000D+18
 17044.88085937500      0.4988000D+18
 17094.88085937500      0.4988000D+18
 17144.88085937500      0.4988000D+18
 17194.88085937500      0.4988000D+18
 17244.88085937500      0.4988000D+18
 17294.88085937500      0.4988000D+18
 17344.88085937500      0.4988000D+18
 17384.42968750000      0.4988000D+18
 17434.42968750000      0.4988000D+18
 17484.42968750000      0.4988000D+18
 17534.42968750000      0.4988000D+18
 17558.19921875000      0.4988000D+18
 17558.21679687500      0.4964000D+18
 17560.73046875000      0.4964000D+18
 17565.75976562500      0.4964000D+18
 17615.75976562500      0.4964000D+18
 17665.75976562500      0.4964000D+18
 17715.75976562500      0.4964000D+18
 17732.77929687500      0.4964000D+18
 17733.34570312500      0.4168000D+18
 17735.40625000000      0.4168000D+18
 17739.52929687500      0.4168000D+18
 17789.52929687500      0.4168000D+18
 17839.52929687500      0.4168000D+18
 17889.52929687500      0.4168000D+18
 17939.52929687500      0.4168000D+18
 17940.71093750000      0.4168000D+18
 17940.72656250000      0.4145000D+18
 17943.45703125000      0.4145000D+18
 17948.91796875000      0.4145000D+18
 17998.91796875000      0.4145000D+18
 18048.91796875000      0.4145000D+18
 18098.91796875000      0.4145000D+18
 18148.91796875000      0.4145000D+18
 18198.91796875000      0.4145000D+18
 18248.91796875000      0.4145000D+18
 18254.35937500000      0.4145000D+18
 18254.39257812500      0.4098000D+18
 18257.10742187500      0.4098000D+18
 18262.53710937500      0.4098000D+18
 18312.53710937500      0.4098000D+18
 18362.53710937500      0.4098000D+18
 18412.53710937500      0.4098000D+18
 18462.53710937500      0.4098000D+18
 18465.84960937500      0.4098000D+18
 18515.84960937500      0.4098000D+18
 18565.84960937500      0.4098000D+18
 18615.84960937500      0.4098000D+18
 18665.84960937500      0.4098000D+18
 18677.34960937500      0.4098000D+18
 18677.48242187500      0.4285000D+18
 18679.06640625000      0.4285000D+18
 18682.23046875000      0.4285000D+18
 18732.23046875000      0.4285000D+18
 18778.47070312500      0.4285000D+18
 18778.48632812500      0.4262000D+18
 18780.93945312500      0.4262000D+18
 18785.84570312500      0.4262000D+18
 18835.84570312500      0.4262000D+18
 18885.84570312500      0.4262000D+18
 18935.84570312500      0.4262000D+18
 18985.84570312500      0.4262000D+18
 19035.84570312500      0.4262000D+18
 19083.50976562500      0.4262000D+18
 19083.59375000000      0.4145000D+18
 19086.24804687500      0.4145000D+18
 19091.55468750000      0.4145000D+18
 19141.55468750000      0.4145000D+18
 19191.55468750000      0.4145000D+18
 19241.55468750000      0.4145000D+18
 19291.55468750000      0.4145000D+18
 19292.60937500000      0.4145000D+18
 19292.66015625000      0.4074000D+18
 19295.38671875000      0.4074000D+18
 19300.84179687500      0.4074000D+18
 19350.84179687500      0.4074000D+18
 19400.84179687500      0.4074000D+18
 19450.84179687500      0.4074000D+18
 19500.84179687500      0.4074000D+18
 19505.32031250000      0.4074000D+18
 19505.36914062500      0.4004000D+18
 19508.11914062500      0.4004000D+18
 19513.61523437500      0.4004000D+18
 19563.61523437500      0.4004000D+18
 19613.61523437500      0.4004000D+18
 19663.61523437500      0.4004000D+18
 19713.61523437500      0.4004000D+18
 19721.75976562500      0.4004000D+18
 19771.75976562500      0.4004000D+18
 19821.75976562500      0.4004000D+18
 19871.75976562500      0.4004000D+18
 19921.75976562500      0.4004000D+18
 19971.75976562500      0.4004000D+18
 20021.75976562500      0.4004000D+18
 20046.41992187500      0.4004000D+18
 20046.47070312500      0.4074000D+18
 20049.24414062500      0.4074000D+18
 20054.79101562500      0.4074000D+18
 20104.79101562500      0.4074000D+18
 20154.79101562500      0.4074000D+18
 20204.79101562500      0.4074000D+18
 20254.79101562500      0.4074000D+18
 20259.13085937500      0.4074000D+18
 20259.16406250000      0.4028000D+18
 20261.93164062500      0.4028000D+18
 20267.46875000000      0.4028000D+18
 20317.46875000000      0.4028000D+18
 20366.72070312500      0.4028000D+18
 20367.00390625000      0.3630000D+18
 20369.07421875000      0.3630000D+18
 20373.21875000000      0.3630000D+18
 20423.21875000000      0.3630000D+18
 20473.21875000000      0.3630000D+18
 20486.10937500000      0.3630000D+18
 20486.71093750000      0.4473000D+18
 20488.73242187500      0.4473000D+18
 20492.77539062500      0.4473000D+18
 20542.77539062500      0.4473000D+18
 20583.00000000000      0.4473000D+18
 20583.43359375000      0.3864000D+18
 20585.55664062500      0.3864000D+18
 20589.80468750000      0.3864000D+18
 20639.80468750000      0.3864000D+18
 20689.80468750000      0.3864000D+18
 20739.80468750000      0.3864000D+18
 20789.80468750000      0.3864000D+18
 20807.31054687500      0.3864000D+18
 20807.41015625000      0.3723000D+18
 20810.14257812500      0.3723000D+18
 20815.60742187500      0.3723000D+18
 20865.60742187500      0.3723000D+18
 20915.60742187500      0.3723000D+18
 20965.60742187500      0.3723000D+18
 21015.60742187500      0.3723000D+18
 21040.08007812500      0.3723000D+18
 21040.11328125000      0.3676000D+18
 21042.82226562500      0.3676000D+18
 21048.24218750000      0.3676000D+18
 21098.24218750000      0.3676000D+18
 21148.24218750000      0.3676000D+18
 21198.24218750000      0.3676000D+18
 21248.24218750000      0.3676000D+18
 21275.82031250000      0.3676000D+18
 21275.93750000000      0.3512000D+18
 21278.69921875000      0.3512000D+18
 21284.22460937500      0.3512000D+18
 21334.22460937500      0.3512000D+18
 21384.22460937500      0.3512000D+18
 21434.22460937500      0.3512000D+18
 21484.22460937500      0.3512000D+18
 21522.56054687500      0.3512000D+18
 21522.66015625000      0.3372000D+18
 21525.42187500000      0.3372000D+18
 21530.94335937500      0.3372000D+18
 21580.94335937500      0.3372000D+18
 21630.94335937500      0.3372000D+18
 21680.94335937500      0.3372000D+18
 21730.94335937500      0.3372000D+18
 21779.58984375000      0.3372000D+18
 21779.64062500000      0.3302000D+18
 21782.36718750000      0.3302000D+18
 21787.82031250000      0.3302000D+18
 21837.82031250000      0.3302000D+18
 21887.82031250000      0.3302000D+18
 21937.82031250000      0.3302000D+18
 21987.82031250000      0.3302000D+18
 22037.82031250000      0.3302000D+18
 22042.08007812500      0.3302000D+18
 22042.17968750000      0.3161000D+18
 22045.00976562500      0.3161000D+18
 22050.66992187500      0.3161000D+18
 22100.66992187500      0.3161000D+18
 22150.66992187500      0.3161000D+18
 22179.16015625000      0.3161000D+18
 22179.25976562500      0.3021000D+18
 22182.08398437500      0.3021000D+18
 22187.73242187500      0.3021000D+18
 22237.73242187500      0.3021000D+18
 22287.73242187500      0.3021000D+18
 22337.73242187500      0.3021000D+18
 22387.73242187500      0.3021000D+18
 22437.73242187500      0.3021000D+18
 22487.73242187500      0.3021000D+18
 22537.73242187500      0.3021000D+18
 22587.73242187500      0.3021000D+18
 22609.51953125000      0.3021000D+18
 22609.63671875000      0.2857000D+18
 22612.49218750000      0.2857000D+18
 22618.20703125000      0.2857000D+18
 22668.20703125000      0.2857000D+18
 22718.20703125000      0.2857000D+18
 22768.20703125000      0.2857000D+18
 22818.20703125000      0.2857000D+18
 22868.20703125000      0.2857000D+18
 22912.89062500000      0.2857000D+18
 22913.03906250000      0.2646000D+18
 22914.80273437500      0.2646000D+18
 22918.32812500000      0.2646000D+18
 22968.32812500000      0.2646000D+18
 23018.32812500000      0.2646000D+18
 23068.32812500000      0.2646000D+18
 23118.32812500000      0.2646000D+18
 23168.32812500000      0.2646000D+18
 23218.32812500000      0.2646000D+18
 23240.42968750000      0.2646000D+18
 23240.51367187500      0.2529000D+18
 23243.41796875000      0.2529000D+18
 23249.22851562500      0.2529000D+18
 23299.22851562500      0.2529000D+18
 23349.22851562500      0.2529000D+18
 23399.22851562500      0.2529000D+18
 23449.22851562500      0.2529000D+18
 23499.22851562500      0.2529000D+18
 23549.22851562500      0.2529000D+18
 23583.11914062500      0.2529000D+18
 23583.25390625000      0.2342000D+18
 23586.17773437500      0.2342000D+18
 23592.02734375000      0.2342000D+18
 23642.02734375000      0.2342000D+18
 23692.02734375000      0.2342000D+18
 23742.02734375000      0.2342000D+18
 23792.02734375000      0.2342000D+18
 23842.02734375000      0.2342000D+18
 23892.02734375000      0.2342000D+18
 23942.02734375000      0.2342000D+18
 23953.24023437500      0.2342000D+18
 23953.33984375000      0.2201000D+18
 23956.29687500000      0.2201000D+18
 23962.21289062500      0.2201000D+18
 24012.21289062500      0.2201000D+18
 24062.21289062500      0.2201000D+18
 24112.21289062500      0.2201000D+18
 24150.10937500000      0.2201000D+18
 24150.17578125000      0.2107000D+18
 24153.11718750000      0.2107000D+18
 24158.99804687500      0.2107000D+18
 24208.99804687500      0.2107000D+18
 24258.99804687500      0.2107000D+18
 24308.99804687500      0.2107000D+18
 24358.99804687500      0.2107000D+18
 24408.99804687500      0.2107000D+18
 24458.99804687500      0.2107000D+18
 24508.99804687500      0.2107000D+18
 24558.99804687500      0.2107000D+18
 24561.33984375000      0.2107000D+18
 24561.49023437500      0.1897000D+18
 24563.24609375000      0.1897000D+18
 24566.75976562500      0.1897000D+18
 24616.75976562500      0.1897000D+18
 24666.75976562500      0.1897000D+18
 24716.75976562500      0.1897000D+18
 24766.75976562500      0.1897000D+18
 24816.75976562500      0.1897000D+18
 24866.75976562500      0.1897000D+18
 24916.75976562500      0.1897000D+18
 24966.75976562500      0.1897000D+18
 25016.75976562500      0.1897000D+18
 25018.26953125000      0.1897000D+18
 25019.76953125000      0.4004000D+18
 25021.80468750000      0.4004000D+18
 25025.87304687500      0.4004000D+18
 25075.87304687500      0.4004000D+18
 25125.87304687500      0.4004000D+18
 25175.87304687500      0.4004000D+18
 25225.87304687500      0.4004000D+18
 25275.87304687500      0.4004000D+18
 25325.87304687500      0.4004000D+18
 25342.92968750000      0.4004000D+18
 25392.92968750000      0.4004000D+18
 25442.92968750000      0.4004000D+18
 25492.92968750000      0.4004000D+18
 25542.92968750000      0.4004000D+18
 25559.36914062500      0.4004000D+18
 25559.38671875000      0.4028000D+18
 25562.21679687500      0.4028000D+18
 25567.87695312500      0.4028000D+18
 25617.87695312500      0.4028000D+18
 25667.87695312500      0.4028000D+18
 25717.87695312500      0.4028000D+18
 25767.87695312500      0.4028000D+18
 25817.87695312500      0.4028000D+18
 25867.87695312500      0.4028000D+18
 25882.14062500000      0.4028000D+18
 25882.15625000000      0.4051000D+18
 25884.94140625000      0.4051000D+18
 25890.51171875000      0.4051000D+18
 25940.51171875000      0.4051000D+18
 25990.51171875000      0.4051000D+18
 26040.51171875000      0.4051000D+18
 26090.51171875000      0.4051000D+18
 26140.51171875000      0.4051000D+18
 26190.51171875000      0.4051000D+18
 26203.05078125000      0.4051000D+18
 26203.25000000000      0.3770000D+18
 26205.56250000000      0.3770000D+18
 26210.18945312500      0.3770000D+18
 26260.18945312500      0.3770000D+18
 26310.18945312500      0.3770000D+18
 26360.18945312500      0.3770000D+18
 26410.18945312500      0.3770000D+18
 26432.93945312500      0.3770000D+18
 26433.27343750000      0.4238000D+18
 26435.72460937500      0.4238000D+18
 26440.62695312500      0.4238000D+18
 26490.62695312500      0.4238000D+18
 26540.62695312500      0.4238000D+18
 26590.62695312500      0.4238000D+18
 26640.62695312500      0.4238000D+18
 26690.62695312500      0.4238000D+18
 26739.66015625000      0.4238000D+18
 26739.69335937500      0.4192000D+18
 26742.25781250000      0.4192000D+18
 26747.38867187500      0.4192000D+18
 26797.38867187500      0.4192000D+18
 26847.38867187500      0.4192000D+18
 26897.38867187500      0.4192000D+18
 26947.38867187500      0.4192000D+18
 26997.38867187500      0.4192000D+18
 27047.38867187500      0.4192000D+18
 27049.81054687500      0.4192000D+18
 27099.81054687500      0.4192000D+18
 27149.81054687500      0.4192000D+18
 27153.18945312500      0.4192000D+18
 27153.42382812500      0.3864000D+18
 27155.81445312500      0.3864000D+18
 27160.59570312500      0.3864000D+18
 27210.59570312500      0.3864000D+18
 27260.59570312500      0.3864000D+18
 27310.59570312500      0.3864000D+18
 27360.59570312500      0.3864000D+18
 27377.50000000000      0.3864000D+18
 27427.50000000000      0.3864000D+18
 27477.50000000000      0.3864000D+18
 27527.50000000000      0.3864000D+18
 27577.50000000000      0.3864000D+18
 27601.81054687500      0.3864000D+18
 27601.84375000000      0.3911000D+18
 27604.76171875000      0.3911000D+18
 27610.59960937500      0.3911000D+18
 27660.59960937500      0.3911000D+18
 27710.59960937500      0.3911000D+18
 27760.59960937500      0.3911000D+18
 27810.59960937500      0.3911000D+18
 27823.43945312500      0.3911000D+18
 27823.62304687500      0.3653000D+18
 27826.86914062500      0.3653000D+18
 27835.12890625000      0.3653000D+18
 27885.12890625000      0.3653000D+18
 27935.12890625000      0.3653000D+18
 27985.12890625000      0.3653000D+18
 28035.12890625000      0.3653000D+18
 28060.68945312500      0.3653000D+18
 28060.77343750000      0.3770000D+18
 28063.64062500000      0.3770000D+18
 28069.37500000000      0.3770000D+18
 28119.37500000000      0.3770000D+18
 28169.37500000000      0.3770000D+18
 28219.37500000000      0.3770000D+18
 28269.37500000000      0.3770000D+18
 28290.57031250000      0.3770000D+18
 28290.58593750000      0.3793000D+18
 28293.48632812500      0.3793000D+18
 28299.28906250000      0.3793000D+18
 28349.28906250000      0.3793000D+18
 28399.28906250000      0.3793000D+18
 28449.28906250000      0.3793000D+18
 28499.28906250000      0.3793000D+18
 28519.03906250000      0.3793000D+18
 28519.07421875000      0.3747000D+18
 28521.89257812500      0.3747000D+18
 28527.52929687500      0.3747000D+18
 28577.52929687500      0.3747000D+18
 28627.52929687500      0.3747000D+18
 28677.52929687500      0.3747000D+18
 28727.52929687500      0.3747000D+18
 28750.34960937500      0.3747000D+18
 28750.44921875000      0.3606000D+18
 28753.31640625000      0.3606000D+18
 28759.05078125000      0.3606000D+18
 28809.05078125000      0.3606000D+18
 28859.05078124999      0.3606000D+18
 28909.05078124999      0.3606000D+18
 28959.05078124999      0.3606000D+18
 28990.68945312499      0.3606000D+18
 28990.80664062499      0.3770000D+18
 28993.69726562499      0.3770000D+18
 28999.47656250000      0.3770000D+18
 29049.47656250000      0.3770000D+18
 29099.47656250000      0.3770000D+18
 29149.47656250000      0.3770000D+18
 29199.47656250000      0.3770000D+18
 29220.57031250000      0.3770000D+18
 29220.58593750000      0.3747000D+18
 29223.34960937499      0.3747000D+18
 29228.87500000000      0.3747000D+18
 29278.87500000000      0.3747000D+18
 29328.87500000000      0.3747000D+18
 29378.87500000000      0.3747000D+18
 29428.87500000000      0.3747000D+18
 29451.89062500000      0.3747000D+18
 29452.95703124999      0.2248000D+18
 29455.09960937499      0.2248000D+18
 29459.38281250000      0.2248000D+18
 29509.38281250000      0.2248000D+18
 29559.38281250000      0.2248000D+18
 29609.38281250000      0.2248000D+18
 29644.66015624999      0.2248000D+18
 29645.09375000000      0.2857000D+18
 29647.33984374999      0.2857000D+18
 29651.83203124999      0.2857000D+18
 29701.83203124999      0.2857000D+18
 29751.83203124999      0.2857000D+18
 29801.83203124999      0.2857000D+18
 29851.83203124999      0.2857000D+18
 29901.83203124999      0.2857000D+18
 29951.83203124999      0.2857000D+18
 30001.83203124999      0.2857000D+18
 30051.83203124999      0.2857000D+18
 30099.71093750000      0.2857000D+18
 30100.24414062499      0.3606000D+18
 30102.45703124999      0.3606000D+18
 30106.88281250000      0.3606000D+18
 30156.88281250000      0.3606000D+18
 30206.88281250000      0.3606000D+18
 30219.88085937499      0.3606000D+18
 30221.16406250000      0.1803000D+18
 30223.28710937499      0.1803000D+18
 30227.53515624999      0.1803000D+18
 30277.53515624999      0.1803000D+18
 30327.53515624999      0.1803000D+18
 30377.53515624999      0.1803000D+18
 30427.53515624999      0.1803000D+18
 30460.21093750000      0.1803000D+18
 30461.69335937499      0.3887000D+18
 30463.84765624999      0.3887000D+18
 30468.15820312499      0.3887000D+18
 30518.15820312499      0.3887000D+18
 30568.15820312499      0.3887000D+18
 30571.68945312499      0.3887000D+18
 30571.72265624999      0.3840000D+18
 30574.64843750000      0.3840000D+18
 30580.49804687499      0.3840000D+18
 30630.49804687499      0.3840000D+18
 30680.49804687499      0.3840000D+18
 30730.49804687499      0.3840000D+18
 30780.49804687499      0.3840000D+18
 30797.36914062499      0.3840000D+18
 30797.40429687499      0.3793000D+18
 30800.27343750000      0.3793000D+18
 30806.01562500000      0.3793000D+18
 30856.01562500000      0.3793000D+18
 30906.01562500000      0.3793000D+18
 30956.01562500000      0.3793000D+18
 31006.01562500000      0.3793000D+18
 31025.83984374999      0.3793000D+18
 31026.12304687499      0.3395000D+18
 31028.62304687499      0.3395000D+18
 31033.62500000000      0.3395000D+18
 31083.62500000000      0.3395000D+18
 31133.62500000000      0.3395000D+18
 31153.46093750000      0.3395000D+18
 31153.67578124999      0.3700000D+18
 31156.30273437499      0.3700000D+18
 31161.55664062499      0.3700000D+18
 31211.55664062499      0.3700000D+18
 31261.55664062499      0.3700000D+18
 31270.58007812499      0.3700000D+18
 31270.77929687499      0.3419000D+18
 31274.02539062499      0.3419000D+18
 31282.92187500000      0.3419000D+18
 31332.92187500000      0.3419000D+18
 31382.92187500000      0.3419000D+18
 31432.92187500000      0.3419000D+18
 31482.92187500000      0.3419000D+18
 31524.08984374999      0.3419000D+18
 31524.42382812499      0.3887000D+18
 31526.77343750000      0.3887000D+18
 31531.47460937499      0.3887000D+18
 31581.47460937499      0.3887000D+18
 31631.47460937499      0.3887000D+18
 31635.57031250000      0.3887000D+18
 31635.58593750000      0.3864000D+18
 31638.58593750000      0.3864000D+18
 31644.58789062499      0.3864000D+18
 31694.58789062499      0.3864000D+18
 31744.58789062499      0.3864000D+18
 31794.58789062499      0.3864000D+18
 31844.58789062499      0.3864000D+18
 31859.88085937499      0.3864000D+18
 31859.89648437499      0.3840000D+18
 31862.75000000000      0.3840000D+18
 31868.45703124999      0.3840000D+18
 31918.45703124999      0.3840000D+18
 31968.45703124999      0.3840000D+18
 31972.71093750000      0.3840000D+18
 31972.72656250000      0.3817000D+18
 31975.76562500000      0.3817000D+18
 31981.84375000000      0.3817000D+18
 32031.84375000000      0.3817000D+18
 32081.84375000000      0.3817000D+18
 32131.84375000000      0.3817000D+18
 32181.84375000000      0.3817000D+18
 32199.77929687499      0.3817000D+18
 32199.81250000000      0.3770000D+18
 32202.71484374999      0.3770000D+18
 32208.51562500000      0.3770000D+18
 32258.51562500000      0.3770000D+18
 32308.51562500000      0.3770000D+18
 32314.72070312499      0.3770000D+18
 32364.72070312499      0.3770000D+18
 32414.72070312499      0.3770000D+18
 32429.66015624999      0.3770000D+18
 32429.67578124999      0.3747000D+18
 32432.56445312499      0.3747000D+18
 32438.34179687499      0.3747000D+18
 32488.34179687499      0.3747000D+18
 32538.34179687499      0.3747000D+18
 32588.34179687499      0.3747000D+18
 32638.34179687499      0.3747000D+18
 32660.98046874999      0.3747000D+18
 32661.06250000000      0.3864000D+18
 32664.02343750000      0.3864000D+18
 32669.94140624999      0.3864000D+18
 32719.94140624999      0.3864000D+18
 32769.94140624999      0.3864000D+18
 32773.14062500000      0.3864000D+18
 32773.19140624999      0.3793000D+18
 32776.22656250000      0.3793000D+18
 32782.29296874999      0.3793000D+18
 32832.29296874999      0.3793000D+18
 32882.29296874999      0.3793000D+18
 32932.29296874999      0.3793000D+18
 32982.29296874999      0.3793000D+18
 33032.29296874999      0.3793000D+18
 33082.29296874999      0.3793000D+18
 33115.82812500000      0.3793000D+18
 33115.86328124999      0.3747000D+18
 33118.68750000000      0.3747000D+18
 33124.33593750000      0.3747000D+18
 33174.33593750000      0.3747000D+18
 33224.33593750000      0.3747000D+18
 33274.33593750000      0.3747000D+18
 33324.33593750000      0.3747000D+18
 33347.14843750000      0.3747000D+18
 33347.16796874999      0.3723000D+18
 33349.99609374999      0.3723000D+18
 33355.65625000000      0.3723000D+18
 33405.65625000000      0.3723000D+18
 33455.65625000000      0.3723000D+18
 33463.53906250000      0.3723000D+18
 33463.57421874999      0.3770000D+18
 33466.56250000000      0.3770000D+18
 33472.53515624999      0.3770000D+18
 33522.53515624999      0.3770000D+18
 33572.53515624999      0.3770000D+18
 33578.48046874999      0.3770000D+18
 33578.59765624999      0.3606000D+18
 33581.65625000000      0.3606000D+18
 33587.77734374999      0.3606000D+18
 33637.77734374999      0.3606000D+18
 33687.77734374999      0.3606000D+18
 33737.77734374999      0.3606000D+18
 33787.77734374999      0.3606000D+18
 33818.82031250000      0.3606000D+18
 33818.90234374999      0.3489000D+18
 33821.88281250000      0.3489000D+18
 33827.84375000000      0.3489000D+18
 33877.84375000000      0.3489000D+18
 33927.84375000000      0.3489000D+18
 33977.84375000000      0.3489000D+18
 34027.84375000000      0.3489000D+18
 34067.21093750000      0.3489000D+18
 34067.41015624999      0.3208000D+18
 34070.65625000000      0.3208000D+18
 34079.95703124999      0.3208000D+18
 34129.95703124999      0.3208000D+18
 34179.95703124999      0.3208000D+18
 34202.28906250000      0.3208000D+18
 34202.52343750000      0.2880000D+18
 34205.03906250000      0.2880000D+18
 34210.07031250000      0.2880000D+18
 34260.07031250000      0.2880000D+18
 34310.07031250000      0.2880000D+18
 34352.75000000000      0.2880000D+18
 34352.93359374999      0.2623000D+18
 34356.17968750000      0.2623000D+18
 34364.65234374999      0.2623000D+18
 34414.65234374999      0.2623000D+18
 34464.65234374999      0.2623000D+18
 34514.65234374999      0.2623000D+18
 34517.96875000000      0.2623000D+18
 34518.17187500000      0.2904000D+18
 34521.41406250000      0.2904000D+18
 34530.32812500000      0.2904000D+18
 34580.32812500000      0.2904000D+18
 34630.32812500000      0.2904000D+18
 34667.21093750000      0.2904000D+18
 34667.24218750000      0.2950000D+18
 34670.44140624999      0.2950000D+18
 34676.83984374999      0.2950000D+18
 34726.83984374999      0.2950000D+18
 34776.83984374999      0.2950000D+18
 34814.08984374999      0.2950000D+18
 34814.10546874999      0.2974000D+18
 34817.35156250000      0.2974000D+18
 34824.04296874999      0.2974000D+18
 34874.04296874999      0.2974000D+18
 34924.04296874999      0.2974000D+18
 34959.80078124999      0.2974000D+18
 35009.80078124999      0.2974000D+18
 35059.80078124999      0.2974000D+18
 35109.80078124999      0.2974000D+18
 35159.80078124999      0.2974000D+18
 35209.80078124999      0.2974000D+18
 35251.23046874999      0.2974000D+18
 35251.37890624999      0.2763000D+18
 35253.16406250000      0.2763000D+18
 35256.73046874999      0.2763000D+18
 35306.73046874999      0.2763000D+18
 35356.73046874999      0.2763000D+18
 35406.73046874999      0.2763000D+18
 35408.05078124999      0.2763000D+18
 35408.10156250000      0.2693000D+18
 35411.25781250000      0.2693000D+18
 35417.57421874999      0.2693000D+18
 35467.57421874999      0.2693000D+18
 35517.57421874999      0.2693000D+18
 35567.57421874999      0.2693000D+18
 35568.96875000000      0.2693000D+18
 35569.20312500000      0.3021000D+18
 35571.84375000000      0.3021000D+18
 35577.12500000000      0.3021000D+18
 35627.12500000000      0.3021000D+18
 35677.12500000000      0.3021000D+18
 35712.42968750000      0.3021000D+18
 35712.44531250000      0.2997000D+18
 35715.24218750000      0.2997000D+18
 35720.83593750000      0.2997000D+18
 35770.83593750000      0.2997000D+18
 35820.83593750000      0.2997000D+18
 35870.83593750000      0.2997000D+18
 35920.83593750000      0.2997000D+18
 35970.83593750000      0.2997000D+18
 36001.57812500000      0.2997000D+18
 36051.57812500000      0.2997000D+18
 36101.57812500000      0.2997000D+18
 36146.14843750000      0.2997000D+18
 36146.39843750000      0.2646000D+18
 36148.93750000000      0.2646000D+18
 36154.01171874999      0.2646000D+18
 36204.01171874999      0.2646000D+18
 36254.01171874999      0.2646000D+18
 36304.01171874999      0.2646000D+18
 36354.01171874999      0.2646000D+18
 36404.01171874999      0.2646000D+18
 36454.01171874999      0.2646000D+18
 36473.69140624999      0.2646000D+18
 36473.75781250000      0.2740000D+18
 36476.90625000000      0.2740000D+18
 36483.20312500000      0.2740000D+18
 36533.20312500000      0.2740000D+18
 36583.20312500000      0.2740000D+18
 36631.85937500000      0.2740000D+18
 36632.01171874999      0.2950000D+18
 36633.83203124999      0.2950000D+18
 36637.48046874999      0.2950000D+18
 36687.48046874999      0.2950000D+18
 36737.48046874999      0.2950000D+18
 36787.48046874999      0.2950000D+18
 36837.48046874999      0.2950000D+18
 36887.48046874999      0.2950000D+18
 36925.58984374999      0.2950000D+18
 36925.70703124999      0.2787000D+18
 36928.84765624999      0.2787000D+18
 36935.13671874999      0.2787000D+18
 36985.13671874999      0.2787000D+18
 37035.13671874999      0.2787000D+18
 37081.10937500000      0.2787000D+18
 37081.14453124999      0.2833000D+18
 37084.39062500000      0.2833000D+18
 37091.12500000000      0.2833000D+18
 37141.12500000000      0.2833000D+18
 37191.12500000000      0.2833000D+18
 37234.03906250000      0.2833000D+18
 37234.07421874999      0.2787000D+18
 37237.06250000000      0.2787000D+18
 37243.03515624999      0.2787000D+18
 37293.03515624999      0.2787000D+18
 37343.03515624999      0.2787000D+18
 37389.55078124999      0.2787000D+18
 37389.71484374999      0.3021000D+18
 37392.96093750000      0.3021000D+18
 37402.97656250000      0.3021000D+18
 37452.97656250000      0.3021000D+18
 37502.97656250000      0.3021000D+18
 37552.97656250000      0.3021000D+18
 37602.97656250000      0.3021000D+18
 37652.97656250000      0.3021000D+18
 37676.46093750000      0.3021000D+18
 37676.55859374999      0.2880000D+18
 37679.75000000000      0.2880000D+18
 37686.13671874999      0.2880000D+18
 37736.13671874999      0.2880000D+18
 37786.13671874999      0.2880000D+18
 37826.92187500000      0.2880000D+18
 37827.00390624999      0.2997000D+18
 37830.25000000000      0.2997000D+18
 37836.73828124999      0.2997000D+18
 37886.73828124999      0.2997000D+18
 37936.73828124999      0.2997000D+18
 37971.48828124999      0.2997000D+18
 37971.52343750000      0.3044000D+18
 37974.76953124999      0.3044000D+18
 37981.50781250000      0.3044000D+18
 38031.50781250000      0.3044000D+18
 38081.50781250000      0.3044000D+18
 38113.85156250000      0.3044000D+18
 38113.88281250000      0.2997000D+18
 38116.98437500000      0.2997000D+18
 38123.18359374999      0.2997000D+18
 38173.18359374999      0.2997000D+18
 38223.18359374999      0.2997000D+18
 38258.42187500000      0.2997000D+18
 38258.53515624999      0.3161000D+18
 38261.78125000000      0.3161000D+18
 38268.28125000000      0.3161000D+18
 38318.28125000000      0.3161000D+18
 38368.28125000000      0.3161000D+18
 38395.50000000000      0.3161000D+18
 38445.50000000000      0.3161000D+18
 38495.50000000000      0.3161000D+18
 38532.57812500000      0.3161000D+18
 38582.57812500000      0.3161000D+18
 38632.57812500000      0.3161000D+18
 38669.66015624999      0.3161000D+18
 38669.67578124999      0.3185000D+18
 38672.92187500000      0.3185000D+18
 38680.35937500000      0.3185000D+18
 38730.35937500000      0.3185000D+18
 38780.35937500000      0.3185000D+18
 38805.73046874999      0.3185000D+18
 38805.74609374999      0.3161000D+18
 38808.77343750000      0.3161000D+18
 38814.82421874999      0.3161000D+18
 38864.82421874999      0.3161000D+18
 38914.82421874999      0.3161000D+18
 38942.80859374999      0.3161000D+18
 38992.80859374999      0.3161000D+18
 39042.80859374999      0.3161000D+18
 39079.89062500000      0.3161000D+18
 39129.89062500000      0.3161000D+18
 39179.89062500000      0.3161000D+18
 39229.89062500000      0.3161000D+18
 39279.89062500000      0.3161000D+18
 39329.89062500000      0.3161000D+18
 39354.05078124999      0.3161000D+18
 39354.16796874999      0.2997000D+18
 39357.41406250000      0.2997000D+18
 39364.00000000000      0.2997000D+18
 39414.00000000000      0.2997000D+18
 39464.00000000000      0.2997000D+18
 39498.62890624999      0.2997000D+18
 39498.67968750000      0.3068000D+18
 39501.92578124999      0.3068000D+18
 39508.78906250000      0.3068000D+18
 39558.78906250000      0.3068000D+18
 39608.78906250000      0.3068000D+18
 39658.78906250000      0.3068000D+18
 39708.78906250000      0.3068000D+18
 39758.78906250000      0.3068000D+18
 39781.14843750000      0.3068000D+18
 39781.18359374999      0.3114000D+18
 39784.42968750000      0.3114000D+18
 39791.21484374999      0.3114000D+18
 39841.21484374999      0.3114000D+18
 39891.21484374999      0.3114000D+18
 39920.30078124999      0.3114000D+18
 39920.35156250000      0.3185000D+18
 39923.59375000000      0.3185000D+18
 39930.43750000000      0.3185000D+18
 39980.43750000000      0.3185000D+18
 40030.43750000000      0.3185000D+18
 40056.37109374999      0.3185000D+18
 40056.43750000000      0.3091000D+18
 40059.68359374999      0.3091000D+18
 40066.31640624999      0.3091000D+18
 40116.31640624999      0.3091000D+18
 40166.31640624999      0.3091000D+18
 40196.57031250000      0.3091000D+18
 40196.58593750000      0.3068000D+18
 40199.58593750000      0.3068000D+18
 40205.58593750000      0.3068000D+18
 40255.58593750000      0.3068000D+18
 40305.58593750000      0.3068000D+18
 40337.82812500000      0.3068000D+18
 40337.91406250000      0.3185000D+18
 40341.16015624999      0.3185000D+18
 40347.95312500000      0.3185000D+18
 40397.95312500000      0.3185000D+18
 40447.95312500000      0.3185000D+18
 40473.89843750000      0.3185000D+18
 40473.96484374999      0.3091000D+18
 40477.21093750000      0.3091000D+18
 40483.86328124999      0.3091000D+18
 40533.86328124999      0.3091000D+18
 40583.86328124999      0.3091000D+18
 40614.10156250000      0.3091000D+18
 40614.16796874999      0.3185000D+18
 40617.41406250000      0.3185000D+18
 40624.28906250000      0.3185000D+18
 40674.28906250000      0.3185000D+18
 40724.28906250000      0.3185000D+18
 40774.28906250000      0.3185000D+18
 40824.28906250000      0.3185000D+18
 40874.28906250000      0.3185000D+18
 40886.23828124999      0.3185000D+18
 40936.23828124999      0.3185000D+18
 40986.23828124999      0.3185000D+18
 41022.30859374999      0.3185000D+18
 41022.32812500000      0.3208000D+18
 41025.57031250000      0.3208000D+18
 41032.57421874999      0.3208000D+18
 41082.57421874999      0.3208000D+18
 41132.57421874999      0.3208000D+18
 41157.39062500000      0.3208000D+18
 41157.42187500000      0.3161000D+18
 41160.66796874999      0.3161000D+18
 41167.32812500000      0.3161000D+18
 41217.32812500000      0.3161000D+18
 41267.32812500000      0.3161000D+18
 41294.46875000000      0.3161000D+18
 41294.76953124999      0.2740000D+18
 41297.66796874999      0.2740000D+18
 41303.46875000000      0.2740000D+18
 41353.46875000000      0.2740000D+18
 41403.46875000000      0.2740000D+18
 41452.62890624999      0.2740000D+18
 41453.14843750000      0.3466000D+18
 41455.14843750000      0.3466000D+18
 41459.15625000000      0.3466000D+18
 41509.15625000000      0.3466000D+18
 41559.15625000000      0.3466000D+18
 41577.67187500000      0.3466000D+18
 41577.68750000000      0.3442000D+18
 41580.75390624999      0.3442000D+18
 41586.88281250000      0.3442000D+18
 41636.88281250000      0.3442000D+18
 41686.88281250000      0.3442000D+18
 41736.88281250000      0.3442000D+18
 41786.88281250000      0.3442000D+18
 41829.44921874999      0.3442000D+18
 41829.48437500000      0.3395000D+18
 41832.65234374999      0.3395000D+18
 41838.99609374999      0.3395000D+18
 41888.99609374999      0.3395000D+18
 41938.99609374999      0.3395000D+18
 41957.07031250000      0.3395000D+18
 41957.13671874999      0.3302000D+18
 41960.38281250000      0.3302000D+18
 41967.14843750000      0.3302000D+18
 42017.14843750000      0.3302000D+18
 42067.14843750000      0.3302000D+18
 42088.32031250000      0.3302000D+18
 42088.48828124999      0.3536000D+18
 42090.46484374999      0.3536000D+18
 42094.42578124999      0.3536000D+18
 42144.42578124999      0.3536000D+18
 42194.42578124999      0.3536000D+18
 42244.42578124999      0.3536000D+18
 42294.42578124999      0.3536000D+18
 42333.42968750000      0.3536000D+18
 42333.44531250000      0.3512000D+18
 42336.50000000000      0.3512000D+18
 42342.60546874999      0.3512000D+18
 42392.60546874999      0.3512000D+18
 42442.60546874999      0.3512000D+18
 42492.60546874999      0.3512000D+18
 42542.60546874999      0.3512000D+18
 42580.17187500000      0.3512000D+18
 42580.30468750000      0.3325000D+18
 42583.55078124999      0.3325000D+18
 42590.24218750000      0.3325000D+18
 42640.24218750000      0.3325000D+18
 42690.24218750000      0.3325000D+18
 42710.48828124999      0.3325000D+18
 42760.48828124999      0.3325000D+18
 42810.48828124999      0.3325000D+18
 42860.48828124999      0.3325000D+18
 42910.48828124999      0.3325000D+18
 42960.48828124999      0.3325000D+18
 42971.12890624999      0.3325000D+18
 43021.12890624999      0.3325000D+18
 43071.12890624999      0.3325000D+18
 43101.44921874999      0.3325000D+18
 43101.46484374999      0.3349000D+18
 43104.71093750000      0.3349000D+18
 43111.51562500000      0.3349000D+18
 43161.51562500000      0.3349000D+18
 43211.51562500000      0.3349000D+18
 43261.51562500000      0.3349000D+18
 43311.51562500000      0.3349000D+18
 43360.26953124999      0.3349000D+18
 43360.37109374999      0.3208000D+18
 43363.61718750000      0.3208000D+18
 43370.33984374999      0.3208000D+18
 43420.33984374999      0.3208000D+18
 43470.33984374999      0.3208000D+18
 43520.33984374999      0.3208000D+18
 43570.33984374999      0.3208000D+18
 43620.33984374999      0.3208000D+18
 43630.42968750000      0.3208000D+18
 43630.87890624999      0.3840000D+18
 43634.01953124999      0.3840000D+18
 43640.29296874999      0.3840000D+18
 43690.29296874999      0.3840000D+18
 43740.29296874999      0.3840000D+18
 43743.26953124999      0.3840000D+18
 43743.35156250000      0.3723000D+18
 43746.54687500000      0.3723000D+18
 43752.93359374999      0.3723000D+18
 43802.93359374999      0.3723000D+18
 43852.93359374999      0.3723000D+18
 43859.66015624999      0.3723000D+18
 43909.66015624999      0.3723000D+18
 43959.66015624999      0.3723000D+18
 43976.03906250000      0.3723000D+18
 43976.55859374999      0.2997000D+18
 43979.70312500000      0.2997000D+18
 43985.99218750000      0.2997000D+18
 44035.99218750000      0.2997000D+18
 44085.99218750000      0.2997000D+18
 44120.62109374999      0.2997000D+18
 44170.62109374999      0.2997000D+18
 44220.62109374999      0.2997000D+18
 44265.19921874999      0.2997000D+18
 44265.33203124999      0.3185000D+18
 44268.57812500000      0.3185000D+18
 44275.44921874999      0.3185000D+18
 44325.44921874999      0.3185000D+18
 44375.44921874999      0.3185000D+18
 44401.26953124999      0.3185000D+18
 44401.40234374999      0.3372000D+18
 44404.64843750000      0.3372000D+18
 44411.39062500000      0.3372000D+18
 44461.39062500000      0.3372000D+18
 44511.39062500000      0.3372000D+18
 44561.39062500000      0.3372000D+18
 44611.39062500000      0.3372000D+18
 44661.39062500000      0.3372000D+18
 44711.39062500000      0.3372000D+18
 44761.39062500000      0.3372000D+18
 44786.80078124999      0.3372000D+18
 44787.05078124999      0.3021000D+18
 44790.29687500000      0.3021000D+18
 44796.99609374999      0.3021000D+18
 44846.99609374999      0.3021000D+18
 44896.99609374999      0.3021000D+18
 44930.26171874999      0.3021000D+18
 44930.44921874999      0.2753560D+18
 44930.64062500000      0.2486120D+18
 44930.83203124999      0.2218680D+18
 44931.01953124999      0.1951241D+18
 44931.21093750000      0.1683801D+18
 44931.40234374999      0.1416361D+18
 44931.59375000000      0.1148921D+18
 44931.78125000000      0.8814816D+17
 44931.97265624999      0.6140418D+17
 44932.16406250000      0.3466020D+17
 44932.35546874999      0.7916218D+16
 44932.41015624999      0.0000000D+00
 44932.43750000000      0.2377137D+17
 44932.46875000000      0.4754275D+17
 44932.50000000000      0.7131413D+17
 44932.52734374999      0.9508550D+17
 44932.55859374999      0.1188569D+18
 44932.58593750000      0.1426283D+18
 44932.61718750000      0.1663996D+18
 44932.64453124999      0.1901710D+18
 44932.67578124999      0.2139424D+18
 44932.70312500000      0.2377137D+18
 44932.72656250000      0.2557800D+18
 44932.78515624999      0.2557800D+18
 44933.32421874999      0.2557800D+18
 44933.76171874999      0.2557800D+18
 44934.22656250000      0.2557800D+18
 44934.44140624999      0.2557800D+18
 44934.47656250000      0.2557800D+18
 44934.49218750000      0.2557800D+18
 44934.52734374999      0.2557800D+18
 44934.68750000000      0.2557800D+18
 44935.07812500000      0.2557800D+18
 44935.24218750000      0.2557800D+18
 44935.39453124999      0.2557800D+18
 44935.42578124999      0.2557800D+18
 44935.67578124999      0.2557800D+18
 44935.92578124999      0.2557800D+18
 44935.96093750000      0.2557800D+18
 44936.16015624999      0.2557800D+18
 44936.17578124999      0.2557800D+18
 44936.42578124999      0.2557800D+18
 44936.54296874999      0.2557800D+18
 44937.60156250000      0.2557800D+18
 44939.72265624999      0.2557800D+18
 44942.52734374999      0.2557800D+18
 44942.55859374999      0.2557800D+18
 44942.67578124999      0.2557800D+18
 44942.71093750000      0.2557800D+18
 44942.80859374999      0.2557800D+18
 44942.84375000000      0.2557800D+18
 44942.87500000000      0.2557800D+18
 44942.96875000000      0.2557800D+18
 44943.16406250000      0.2557800D+18
 44943.55859374999      0.2557800D+18
 44946.92578124999      0.2557800D+18
 44946.94140624999      0.2557800D+18
 44946.96093750000      0.2557800D+18
 44946.97656250000      0.2557800D+18
 44946.99609374999      0.2557800D+18
 44947.01171874999      0.2557800D+18
 44947.03906250000      0.2557800D+18
 44947.09765624999      0.2557800D+18
 44947.12890624999      0.2557800D+18
 44947.14062500000      0.2320086D+18
 44947.14843750000      0.2082372D+18
 44947.16015624999      0.1844659D+18
 44947.16796874999      0.1606945D+18
 44947.17968750000      0.1369231D+18
 44947.18750000000      0.1131518D+18
 44947.19921874999      0.8938037D+17
 44947.20703124999      0.6560900D+17
 44947.21875000000      0.4183762D+17
 44947.22656250000      0.1806625D+17
 44947.23437500000      0.0000000D+00
