 0.000000000000000      0.2897653D+00
0.1000000014901161      0.3002839D+00
0.3000000119209288      0.3208124D+00
0.6006559729576110      0.3510000D+00
0.9013119935989378      0.3807546D+00
 1.201967954635620      0.4103441D+00
 1.502623915672302      0.4399214D+00
 1.803279876708984      0.4695881D+00
 2.103935956954956      0.4994264D+00
 2.404591798782348      0.5294951D+00
 2.705247640609741      0.5598464D+00
 3.005903959274291      0.5905445D+00
 3.299999952316284      0.6209541D+00
 3.901312112808227      0.6210191D+00
 6.178729057312010      0.6209719D+00
 56.17873001098632      0.6199479D+00
 93.45999908447265      0.6193818D+00
 94.64333343505858      0.6374353D+00
 96.44585418701171      0.6375093D+00
 100.0509109497070      0.6372338D+00
 150.0509033203125      0.6362408D+00
 200.0509033203125      0.6355148D+00
 250.0509033203125      0.6348873D+00
 299.8500061035155      0.6343404D+00
 300.2333374023437      0.6291107D+00
 302.0991210937499      0.6288545D+00
 305.8307495117187      0.6288617D+00
 355.8307495117187      0.6282843D+00
 405.8307495117187      0.6279131D+00
 455.8307495117187      0.6275914D+00
 505.8307495117187      0.6272406D+00
 555.8307495117187      0.6269155D+00
 605.8307495117186      0.6266088D+00
 655.8307495117186      0.6263214D+00
 675.9799804687499      0.6262333D+00
 676.4633178710936      0.6331924D+00
 678.3085327148436      0.6339229D+00
 681.9989624023436      0.6334978D+00
 731.9989624023436      0.6332819D+00
 781.9989624023436      0.6330179D+00
 831.9989624023436      0.6327762D+00
 881.9989624023436      0.6325490D+00
 931.9989624023436      0.6323352D+00
 945.1500244140623      0.6322808D+00
 946.0499877929685      0.6191167D+00
 947.8235473632810      0.6194913D+00
 951.3707885742186      0.6195008D+00
 1001.370788574219      0.6192848D+00
 1051.370849609375      0.6191484D+00
 1101.370849609375      0.6190118D+00
 1151.370849609375      0.6188865D+00
 1196.359985351562      0.6187841D+00
 1197.493286132812      0.6360920D+00
 1199.242797851562      0.6359189D+00
 1202.741577148437      0.6361057D+00
 1252.741577148437      0.6360586D+00
 1302.741577148437      0.6359819D+00
 1324.420043945312      0.6359267D+00
 1324.520019531250      0.6341551D+00
 1326.805664062500      0.6347879D+00
 1331.377197265625      0.6346866D+00
 1381.377197265625      0.6346381D+00
 1431.377197265625      0.6346450D+00
 1481.377197265625      0.6346002D+00
 1531.377197265625      0.6345680D+00
 1581.377197265625      0.6345429D+00
 1585.989990234375      0.6344851D+00
 1586.606689453125      0.6261163D+00
 1588.367797851562      0.6264886D+00
 1591.889892578125      0.6265998D+00
 1641.889892578125      0.6265467D+00
 1691.889892578125      0.6265551D+00
 1741.889892578125      0.6265545D+00
 1791.889892578125      0.6265634D+00
 1811.660034179687      0.6265804D+00
 1811.693359375000      0.6273019D+00
 1814.099731445312      0.6271753D+00
 1818.912475585937      0.6271953D+00
 1868.912475585937      0.6271896D+00
 1886.280029296875      0.6272149D+00
 1886.313354492187      0.6266143D+00
 1888.792236328125      0.6267853D+00
 1893.750000000000      0.6267835D+00
 1943.750000000000      0.6268303D+00
 1993.750000000000      0.6268652D+00
 2036.739990234375      0.6268753D+00
 2086.739990234375      0.6269361D+00
 2136.739990234375      0.6269885D+00
 2186.739990234375      0.6270459D+00
 2236.739990234375      0.6271086D+00
 2262.409912109375      0.6271106D+00
 2262.459960937500      0.6280965D+00
 2265.011474609375      0.6279454D+00
 2270.113769531250      0.6279588D+00
 2320.113769531250      0.6280673D+00
 2370.113769531250      0.6281124D+00
 2420.113769531250      0.6281664D+00
 2470.113769531250      0.6282254D+00
 2520.113769531250      0.6282873D+00
 2559.689941406250      0.6283235D+00
 2559.739990234375      0.6292790D+00
 2562.404785156250      0.6291366D+00
 2567.734130859375      0.6291538D+00
 2617.734130859375      0.6292977D+00
 2667.734130859375      0.6293656D+00
 2717.734130859375      0.6294444D+00
 2767.734130859375      0.6295280D+00
 2780.000000000000      0.6294882D+00
 2780.033447265625      0.6289829D+00
 2782.469238281250      0.6292144D+00
 2787.340576171875      0.6292230D+00
 2837.340576171875      0.6293671D+00
 2887.340576171874      0.6294699D+00
 2937.340576171874      0.6295589D+00
 2987.340576171874      0.6296546D+00
 3002.070068359374      0.6296229D+00
 3002.086669921874      0.6294196D+00
 3004.456298828124      0.6295446D+00
 3009.195556640624      0.6295556D+00
 3059.195556640624      0.6297277D+00
 3109.195556640624      0.6298237D+00
 3159.195556640624      0.6299269D+00
 3209.195556640624      0.6300367D+00
 3225.030029296874      0.6300126D+00
 3225.046630859374      0.6298059D+00
 3227.384765624999      0.6299394D+00
 3232.060546874999      0.6299537D+00
 3282.060546874999      0.6301382D+00
 3332.060546874999      0.6302501D+00
 3382.060546874999      0.6303682D+00
 3432.060546874999      0.6304910D+00
 3482.060546874999      0.6306179D+00
 3523.500000000000      0.6307114D+00
 3573.500000000000      0.6308626D+00
 3598.120117187499      0.6308811D+00
 3598.136718750000      0.6306558D+00
 3600.370117187499      0.6308073D+00
 3604.836914062499      0.6308234D+00
 3654.836914062499      0.6310202D+00
 3704.836914062499      0.6311443D+00
 3754.836914062499      0.6312902D+00
 3804.836914062499      0.6314305D+00
 3854.836914062499      0.6315735D+00
 3897.810058593749      0.6317100D+00
 3898.026611328124      0.6294532D+00
 3899.932128906249      0.6302108D+00
 3903.743164062499      0.6303095D+00
 3953.743164062499      0.6304895D+00
 4003.743164062499      0.6306633D+00
 4053.743164062499      0.6308350D+00
 4103.743164062499      0.6310108D+00
 4135.060058593749      0.6311139D+00
 4135.160156250000      0.6330191D+00
 4137.779785156249      0.6326377D+00
 4143.019042968749      0.6328241D+00
 4193.019042968749      0.6330492D+00
 4212.169921874999      0.6331120D+00
 4212.653320312499      0.6276736D+00
 4214.573730468749      0.6292283D+00
 4218.414550781249      0.6294044D+00
 4268.414550781249      0.6295839D+00
 4318.414550781249      0.6297723D+00
 4368.414550781249      0.6299509D+00
 4387.580078124999      0.6300073D+00
 4387.613281250000      0.6294011D+00
 4390.296875000000      0.6296527D+00
 4395.663574218749      0.6296781D+00
 4445.663574218749      0.6298684D+00
 4476.120117187499      0.6299670D+00
 4476.169921874999      0.6308600D+00
 4478.911621093749      0.6307135D+00
 4484.394042968749      0.6307784D+00
 4534.394042968749      0.6309790D+00
 4563.410156250000      0.6310743D+00
 4563.426757812499      0.6308737D+00
 4566.104980468749      0.6310046D+00
 4571.461425781249      0.6310280D+00
 4621.461425781249      0.6312254D+00
 4651.109863281249      0.6313212D+00
 4651.160156250000      0.6302984D+00
 4653.834960937499      0.6306951D+00
 4659.184570312499      0.6307219D+00
 4709.184570312499      0.6309158D+00
 4740.080078124999      0.6310141D+00
 4740.129882812499      0.6302076D+00
 4742.846191406249      0.6305911D+00
 4748.279296874999      0.6306194D+00
 4798.279296874999      0.6308073D+00
 4848.279296874999      0.6309752D+00
 4898.279296874999      0.6311453D+00
 4920.629882812499      0.6312081D+00
 4920.663574218749      0.6318032D+00
 4923.454101562499      0.6317133D+00
 4929.035156250000      0.6317614D+00
 4979.035156250000      0.6319562D+00
 5029.035156250000      0.6321263D+00
 5079.035156250000      0.6322976D+00
 5099.430175781249      0.6323537D+00
 5099.546875000000      0.6302437D+00
 5102.293945312499      0.6311796D+00
 5107.789062500000      0.6311935D+00
 5157.789062500000      0.6313791D+00
 5207.789062500000      0.6315399D+00
 5257.789062500000      0.6317043D+00
 5307.789062500000      0.6318659D+00
 5357.789062500000      0.6320291D+00
 5407.789062500000      0.6321885D+00
 5457.789062500000      0.6323501D+00
 5469.540039062499      0.6323683D+00
 5469.589843750000      0.6333839D+00
 5472.353027343749      0.6332417D+00
 5477.879394531249      0.6333091D+00
 5527.879394531249      0.6334972D+00
 5560.700195312499      0.6335977D+00
 5610.700195312499      0.6338034D+00
 5660.700195312499      0.6339968D+00
 5710.700195312499      0.6341920D+00
 5743.020019531249      0.6343085D+00
 5743.053222656249      0.6336871D+00
 5745.747070312499      0.6339979D+00
 5751.134765624999      0.6340252D+00
 5801.134765624999      0.6342112D+00
 5835.089843749999      0.6343092D+00
 5835.106445312499      0.6339936D+00
 5837.744628906248      0.6341538D+00
 5843.020507812499      0.6341787D+00
 5893.020507812499      0.6343617D+00
 5927.620117187499      0.6344641D+00
 5927.753417968748      0.6319286D+00
 5930.538574218749      0.6330952D+00
 5936.108398437498      0.6331185D+00
 5986.108398437498      0.6332982D+00
 6024.000000000000      0.6334055D+00
 6024.966796874999      0.6491562D+00
 6026.852050781249      0.6494032D+00
 6030.623535156249      0.6493278D+00
 6080.623535156249      0.6499457D+00
 6098.020019531248      0.6501136D+00
 6099.186523437498      0.6362503D+00
 6101.077148437498      0.6416802D+00
 6104.857421874999      0.6420457D+00
 6154.857421874999      0.6422644D+00
 6200.830078124999      0.6425151D+00
 6201.263183593748      0.6367443D+00
 6203.228027343749      0.6382788D+00
 6207.156250000000      0.6384060D+00
 6257.156250000000      0.6386284D+00
 6307.156250000000      0.6388505D+00
 6321.000000000000      0.6389029D+00
 6321.850097656249      0.6535457D+00
 6323.772949218749      0.6537955D+00
 6327.618652343749      0.6537877D+00
 6377.618652343749      0.6541824D+00
 6411.270019531248      0.6544159D+00
 6411.286621093748      0.6540893D+00
 6413.924316406248      0.6542743D+00
 6419.200195312499      0.6543166D+00
 6469.200195312499      0.6546804D+00
 6501.979980468748      0.6548980D+00
 6502.029785156249      0.6539387D+00
 6504.718750000000      0.6544614D+00
 6510.095703124999      0.6545037D+00
 6560.095703124999      0.6548466D+00
 6610.095703124999      0.6551684D+00
 6660.095703124999      0.6554859D+00
 6686.120117187499      0.6556392D+00
 6686.203125000000      0.6540492D+00
 6688.920898437498      0.6549127D+00
 6694.356933593748      0.6549465D+00
 6744.356933593748      0.6552635D+00
 6780.540039062499      0.6554688D+00
 6780.556640624999      0.6551377D+00
 6783.204589843749      0.6553257D+00
 6788.500488281249      0.6553640D+00
 6838.500488281249      0.6556674D+00
 6888.500488281249      0.6559488D+00
 6938.500488281249      0.6562280D+00
 6970.339843749999      0.6563965D+00
 6970.373535156249      0.6558612D+00
 6973.093261718749      0.6562207D+00
 6978.533203124999      0.6562596D+00
 7028.533203124999      0.6565465D+00
 7078.533203124999      0.6568093D+00
 7128.533203124999      0.6570727D+00
 7178.533203124999      0.6573305D+00
 7228.533203124999      0.6575883D+00
 7278.533203124999      0.6578416D+00
 7328.533203124999      0.6580905D+00
 7353.870117187498      0.6582050D+00
 7353.886718749999      0.6578797D+00
 7356.544433593748      0.6580811D+00
 7361.860351562498      0.6581125D+00
 7411.860351562498      0.6583762D+00
 7461.860351562498      0.6586135D+00
 7511.860351562498      0.6588521D+00
 7546.640136718748      0.6590114D+00
 7546.939941406248      0.6640549D+00
 7548.910156249999      0.6643104D+00
 7552.850097656249      0.6642984D+00
 7602.850097656249      0.6646468D+00
 7634.759765624999      0.6648272D+00
 7634.810058593748      0.6638493D+00
 7637.444335937498      0.6645424D+00
 7642.713378906248      0.6645852D+00
 7692.713378906248      0.6649032D+00
 7742.713378906248      0.6651891D+00
 7792.713378906248      0.6654798D+00
 7813.560058593748      0.6655840D+00
 7814.143554687498      0.6596091D+00
 7816.086425781249      0.6631876D+00
 7819.974121093748      0.6634769D+00
 7869.974121093748      0.6637222D+00
 7919.974121093748      0.6640008D+00
 7969.974121093748      0.6642590D+00
 8019.974121093748      0.6645179D+00
 8028.740234374999      0.6645488D+00
 8029.206542968748      0.6727617D+00
 8031.178222656249      0.6731361D+00
 8035.122070312499      0.6731014D+00
 8085.122070312499      0.6735002D+00
 8135.122070312499      0.6738375D+00
 8185.122070312499      0.6741749D+00
 8213.799804687498      0.6743559D+00
 8213.916992187498      0.6718284D+00
 8216.624023437498      0.6733730D+00
 8222.041015624999      0.6734180D+00
 8272.041015624999      0.6737540D+00
 8309.679687500000      0.6739759D+00
 8309.730468749999      0.6729783D+00
 8312.425781249999      0.6736389D+00
 8317.816406249999      0.6736877D+00
 8367.816406249999      0.6740059D+00
 8407.080078124999      0.6742307D+00
 8407.113281249999      0.6749871D+00
 8409.892578124999      0.6748883D+00
 8415.452148437498      0.6749777D+00
 8465.452148437498      0.6752990D+00
 8515.452148437498      0.6755929D+00
 8565.452148437498      0.6758851D+00
 8615.452148437498      0.6761752D+00
 8665.452148437498      0.6764622D+00
 8696.230468749999      0.6766261D+00
 8696.346679687498      0.6742007D+00
 8699.093750000000      0.6757648D+00
 8704.588867187498      0.6758093D+00
 8754.588867187498      0.6761041D+00
 8804.588867187498      0.6763683D+00
 8854.588867187498      0.6766376D+00
 8896.290039062498      0.6768556D+00
 8896.356445312499      0.6755167D+00
 8899.095703124999      0.6764179D+00
 8904.572265624999      0.6764584D+00
 8954.572265624999      0.6767346D+00
 9004.572265624999      0.6769850D+00
 9054.572265624999      0.6772391D+00
 9100.769531249999      0.6774679D+00
 9100.836914062498      0.6761230D+00
 9103.588867187498      0.6770225D+00
 9109.092773437498      0.6770635D+00
 9159.092773437498      0.6773269D+00
 9209.092773437498      0.6775640D+00
 9259.092773437498      0.6778028D+00
 9309.092773437498      0.6780415D+00
 9309.879882812499      0.6780241D+00
 9309.962890624999      0.6762641D+00
 9312.777343749999      0.6773592D+00
 9318.406250000000      0.6774017D+00
 9368.406250000000      0.6776525D+00
 9418.406250000000      0.6778777D+00
 9468.406250000000      0.6781107D+00
 9518.406250000000      0.6783359D+00
 9525.059570312499      0.6783469D+00
 9525.193359374999      0.6755865D+00
 9528.041992187498      0.6772589D+00
 9533.740234374999      0.6773059D+00
 9583.740234374999      0.6775435D+00
 9633.740234374999      0.6777562D+00
 9683.740234374999      0.6779745D+00
 9733.740234374999      0.6781895D+00
 9750.740234374999      0.6782472D+00
 9750.773437500000      0.6775851D+00
 9753.644531249999      0.6780081D+00
 9759.385742187498      0.6780462D+00
 9809.385742187498      0.6782725D+00
 9859.385742187498      0.6784766D+00
 9909.385742187498      0.6786852D+00
 9959.385742187498      0.6788900D+00
 9979.200195312499      0.6789593D+00
 9979.316406249999      0.6765053D+00
 9982.200195312499      0.6779425D+00
 9987.966796874999      0.6779888D+00
 10037.96679687500      0.6782051D+00
 10087.96679687500      0.6783998D+00
 10137.96679687500      0.6785989D+00
 10187.96679687500      0.6787946D+00
 10217.98046875000      0.6789059D+00
 10218.03027343750      0.6777747D+00
 10220.88671875000      0.6784034D+00
 10226.60156250000      0.6784427D+00
 10276.60156250000      0.6786501D+00
 10326.60156250000      0.6788377D+00
 10376.60156250000      0.6790282D+00
 10426.60156250000      0.6792179D+00
 10461.48046875000      0.6793427D+00
 10461.61328125000      0.6765335D+00
 10464.54687500000      0.6781027D+00
 10470.41601562500      0.6781521D+00
 10520.41601562500      0.6783484D+00
 10570.41601562500      0.6785279D+00
 10589.99023437500      0.6785889D+00
 10590.05664062500      0.6771203D+00
 10592.98730468750      0.6778962D+00
 10598.84960937500      0.6779364D+00
 10648.84960937500      0.6781275D+00
 10698.84960937500      0.6783020D+00
 10748.84960937500      0.6784777D+00
 10798.84960937500      0.6786547D+00
 10848.84960937500      0.6788268D+00
 10854.34960937500      0.6788317D+00
 10854.43359375000      0.6770293D+00
 10857.42089843750      0.6779771D+00
 10863.39550781250      0.6780157D+00
 10913.39550781250      0.6781980D+00
 10963.39550781250      0.6783634D+00
 10991.42968750000      0.6784534D+00
 10991.53027343750      0.6762910D+00
 10994.52832031250      0.6773856D+00
 11000.52441406250      0.6774271D+00
 11050.52441406250      0.6776025D+00
 11100.52441406250      0.6777641D+00
 11150.52441406250      0.6779277D+00
 11200.52441406250      0.6780900D+00
 11250.52441406250      0.6782514D+00
 11278.33984375000      0.6783349D+00
 11278.42285156250      0.6765046D+00
 11281.45214843750      0.6774014D+00
 11287.50976562500      0.6774409D+00
 11337.50976562500      0.6776077D+00
 11387.50976562500      0.6777621D+00
 11437.50976562500      0.6779158D+00
 11487.50976562500      0.6780704D+00
 11537.50976562500      0.6782239D+00
 11576.82031250000      0.6783429D+00
 11576.88671875000      0.6768429D+00
 11579.91601562500      0.6775560D+00
 11585.97460937500      0.6775939D+00
 11635.97460937500      0.6777534D+00
 11685.97460937500      0.6779009D+00
 11731.03027343750      0.6780325D+00
 11731.78027343750      0.6926284D+00
 11733.80078125000      0.6930340D+00
 11737.84277343750      0.6929982D+00
 11787.84277343750      0.6932786D+00
 11837.84277343750      0.6935003D+00
 11843.19042968750      0.6935055D+00
 11843.50683593750      0.6994774D+00
 11845.50488281250      0.6997240D+00
 11849.50292968750      0.6997153D+00
 11899.50292968750      0.7000448D+00
 11949.50292968750      0.7003192D+00
 11999.50292968750      0.7006034D+00
 12044.33984375000      0.7008521D+00
 12044.37304687500      0.7016331D+00
 12047.23242187500      0.7015281D+00
 12052.95019531250      0.7016433D+00
 12102.95019531250      0.7019532D+00
 12152.95019531250      0.7022283D+00
 12202.95019531250      0.7025145D+00
 12243.32031250000      0.7027397D+00
 12293.32031250000      0.7030295D+00
 12343.32031250000      0.7033094D+00
 12393.32031250000      0.7035919D+00
 12442.30957031250      0.7038676D+00
 12442.36035156250      0.7051184D+00
 12445.16406250000      0.7049350D+00
 12450.77050781250      0.7051215D+00
 12500.77050781250      0.7054406D+00
 12550.77050781250      0.7057224D+00
 12600.77050781250      0.7060170D+00
 12650.77050781250      0.7063112D+00
 12700.77050781250      0.7066051D+00
 12736.04980468750      0.7068055D+00
 12736.06640625000      0.7072533D+00
 12739.02832031250      0.7072120D+00
 12744.95312500000      0.7072917D+00
 12794.95312500000      0.7076114D+00
 12844.95312500000      0.7078976D+00
 12894.95312500000      0.7081948D+00
 12930.83984375000      0.7084016D+00
 12980.83984375000      0.7087149D+00
 13030.83984375000      0.7090040D+00
 13080.83984375000      0.7093019D+00
 13125.63964843750      0.7095644D+00
 13125.72363281250      0.7115093D+00
 13128.51074218750      0.7111636D+00
 13134.08496093750      0.7115396D+00
 13184.08496093750      0.7119027D+00
 13220.54003906250      0.7121292D+00
 13220.55664062500      0.7117733D+00
 13223.12695312500      0.7122038D+00
 13228.26660156250      0.7122538D+00
 13278.26660156250      0.7126073D+00
 13328.26660156250      0.7129310D+00
 13378.26660156250      0.7132646D+00
 13411.32031250000      0.7134771D+00
 13461.32031250000      0.7138655D+00
 13511.32031250000      0.7142233D+00
 13561.32031250000      0.7145894D+00
 13602.09960937500      0.7148808D+00
 13602.16699218750      0.7164864D+00
 13604.95410156250      0.7162079D+00
 13610.53027343750      0.7165515D+00
 13660.53027343750      0.7169536D+00
 13710.53027343750      0.7173136D+00
 13760.53027343750      0.7176916D+00
 13810.53027343750      0.7180688D+00
 13860.53027343750      0.7184479D+00
 13910.53027343750      0.7188257D+00
 13960.53027343750      0.7192060D+00
 14010.53027343750      0.7195875D+00
 14060.53027343750      0.7199726D+00
 14069.41015625000      0.7200164D+00
 14119.41015625000      0.7205190D+00
 14162.87988281250      0.7208959D+00
 14162.91308593750      0.7201709D+00
 14165.52636718750      0.7211336D+00
 14170.75292968750      0.7212053D+00
 14220.75292968750      0.7216075D+00
 14270.75292968750      0.7219759D+00
 14320.75292968750      0.7223597D+00
 14351.70996093750      0.7225878D+00
 14351.72656250000      0.7222375D+00
 14354.35449218750      0.7227378D+00
 14359.61035156250      0.7227935D+00
 14409.61035156250      0.7231961D+00
 14459.61035156250      0.7235625D+00
 14509.61035156250      0.7239486D+00
 14541.50976562500      0.7241840D+00
 14541.55957031250      0.7254750D+00
 14544.35253906250      0.7252676D+00
 14549.93750000000      0.7255689D+00
 14599.93750000000      0.7260144D+00
 14649.93750000000      0.7264208D+00
 14699.93750000000      0.7268363D+00
 14749.93750000000      0.7272614D+00
 14799.93750000000      0.7276831D+00
 14821.90039062500      0.7278525D+00
 14822.13378906250      0.7321933D+00
 14824.19042968750      0.7325857D+00
 14828.30371093750      0.7325600D+00
 14878.30371093750      0.7333717D+00
 14928.30371093750      0.7340656D+00
 14978.30371093750      0.7347718D+00
 15028.30371093750      0.7354752D+00
 15078.30371093750      0.7361885D+00
 15083.76953125000      0.7362403D+00
 15083.78710937500      0.7359231D+00
 15086.47558593750      0.7365334D+00
 15091.85253906250      0.7366271D+00
 15141.85253906250      0.7373385D+00
 15191.85253906250      0.7380215D+00
 15241.85253906250      0.7387206D+00
 15291.85253906250      0.7394156D+00
 15341.85253906250      0.7401211D+00
 15346.87988281250      0.7401638D+00
 15396.87988281250      0.7410085D+00
 15434.58984375000      0.7415786D+00
 15434.94042968750      0.7437750D+00
 15436.94726562500      0.7511394D+00
 15440.96289062500      0.7515736D+00
 15490.96289062500      0.7521197D+00
 15540.96289062500      0.7527559D+00
 15590.96289062500      0.7533373D+00
 15629.37988281250      0.7537728D+00
 15679.37988281250      0.7543567D+00
 15729.37988281250      0.7549160D+00
 15779.37988281250      0.7554755D+00
 15824.17968750000      0.7559694D+00
 15824.64648437500      0.7558536D+00
 15826.64453125000      0.7638169D+00
 15830.64160156250      0.7642593D+00
 15880.64160156250      0.7647776D+00
 15930.64160156250      0.7653818D+00
 15980.64160156250      0.7659284D+00
 16030.64160156250      0.7664716D+00
 16052.63964843750      0.7666959D+00
 16052.69042968750      0.7681103D+00
 16055.48632812500      0.7679060D+00
 16061.07812500000      0.7681868D+00
 16111.07812500000      0.7687526D+00
 16161.07812500000      0.7692804D+00
 16211.07812500000      0.7698124D+00
 16261.07812500000      0.7703366D+00
 16276.95996093750      0.7704875D+00
 16277.69335937500      0.7860168D+00
 16279.65234375000      0.7861142D+00
 16283.56933593750      0.7862096D+00
 16333.56933593750      0.7873819D+00
 16365.50000000000      0.7880848D+00
 16365.70019531250      0.7920220D+00
 16367.82031250000      0.7925947D+00
 16372.06152343750      0.7926170D+00
 16422.06250000000      0.7946004D+00
 16472.06250000000      0.7963594D+00
 16522.06250000000      0.7981149D+00
 16572.06250000000      0.7998523D+00
 16622.06250000000      0.8015807D+00
 16672.06250000000      0.8032843D+00
 16700.43945312500      0.8042384D+00
 16700.45703125000      0.8038404D+00
 16702.90039062500      0.8046474D+00
 16707.78906250000      0.8048206D+00
 16757.78906250000      0.8064600D+00
 16807.78906250000      0.8080674D+00
 16857.78906250000      0.8096763D+00
 16868.67968750000      0.8100046D+00
 16918.67968750000      0.8116722D+00
 16968.67968750000      0.8132844D+00
 17018.67968750000      0.8148996D+00
 17036.91015625000      0.8154680D+00
 17037.02734375000      0.8124114D+00
 17039.64453125000      0.8175666D+00
 17044.88085937500      0.8176857D+00
 17094.88085937500      0.8189979D+00
 17144.88085937500      0.8202072D+00
 17194.88085937500      0.8214582D+00
 17244.88085937500      0.8226685D+00
 17294.88085937500      0.8238788D+00
 17344.88085937500      0.8250845D+00
 17384.42968750000      0.8260282D+00
 17434.42968750000      0.8272825D+00
 17484.42968750000      0.8285158D+00
 17534.42968750000      0.8297520D+00
 17558.19921875000      0.8303208D+00
 17558.21679687500      0.8299248D+00
 17560.73046875000      0.8307682D+00
 17565.75976562500      0.8308976D+00
 17615.75976562500      0.8320786D+00
 17665.75976562500      0.8332114D+00
 17715.75976562500      0.8343693D+00
 17732.77929687500      0.8347391D+00
 17733.34570312500      0.8386241D+00
 17735.40625000000      0.8509864D+00
 17739.52929687500      0.8516820D+00
 17789.52929687500      0.8524558D+00
 17839.52929687500      0.8534447D+00
 17889.52929687500      0.8542961D+00
 17939.52929687500      0.8551498D+00
 17940.71093750000      0.8551489D+00
 17940.72656250000      0.8547602D+00
 17943.45703125000      0.8553779D+00
 17948.91796875000      0.8554764D+00
 17998.91796875000      0.8563251D+00
 18048.91796875000      0.8571219D+00
 18098.91796875000      0.8579315D+00
 18148.91796875000      0.8587238D+00
 18198.91796875000      0.8595025D+00
 18248.91796875000      0.8602737D+00
 18254.35937500000      0.8603348D+00
 18254.39257812500      0.8595078D+00
 18257.10742187500      0.8607301D+00
 18262.53710937500      0.8608201D+00
 18312.53710937500      0.8615947D+00
 18362.53710937500      0.8623163D+00
 18412.53710937500      0.8630538D+00
 18462.53710937500      0.8637791D+00
 18465.84960937500      0.8638024D+00
 18515.84960937500      0.8646204D+00
 18565.84960937500      0.8653383D+00
 18615.84960937500      0.8660744D+00
 18665.84960937500      0.8667991D+00
 18677.34960937500      0.8669429D+00
 18677.48242187500      0.8709371D+00
 18679.06640625000      0.8699645D+00
 18682.23046875000      0.8712627D+00
 18732.23046875000      0.8720580D+00
 18778.47070312500      0.8727462D+00
 18778.48632812500      0.8722952D+00
 18780.93945312500      0.8730402D+00
 18785.84570312500      0.8731233D+00
 18835.84570312500      0.8739066D+00
 18885.84570312500      0.8746297D+00
 18935.84570312500      0.8753858D+00
 18985.84570312500      0.8761241D+00
 19035.84570312500      0.8768641D+00
 19083.50976562500      0.8775554D+00
 19083.59375000000      0.8751877D+00
 19086.24804687500      0.8785586D+00
 19091.55468750000      0.8786026D+00
 19141.55468750000      0.8793634D+00
 19191.55468750000      0.8800315D+00
 19241.55468750000      0.8807380D+00
 19291.55468750000      0.8814340D+00
 19292.60937500000      0.8814238D+00
 19292.66015625000      0.8800073D+00
 19295.38671875000      0.8819996D+00
 19300.84179687500      0.8820581D+00
 19350.84179687500      0.8827726D+00
 19400.84179687500      0.8834152D+00
 19450.84179687500      0.8840974D+00
 19500.84179687500      0.8847709D+00
 19505.32031250000      0.8848048D+00
 19505.36914062500      0.8835270D+00
 19508.11914062500      0.8854837D+00
 19513.61523437500      0.8855416D+00
 19563.61523437500      0.8862309D+00
 19613.61523437500      0.8868492D+00
 19663.61523437500      0.8875056D+00
 19713.61523437500      0.8881467D+00
 19721.75976562500      0.8882369D+00
 19771.75976562500      0.8889605D+00
 19821.75976562500      0.8895860D+00
 19871.75976562500      0.8902408D+00
 19921.75976562500      0.8908845D+00
 19971.75976562500      0.8915371D+00
 20021.75976562500      0.8921762D+00
 20046.41992187500      0.8924753D+00
 20046.47070312500      0.8939977D+00
 20049.24414062500      0.8936673D+00
 20054.79101562500      0.8942025D+00
 20104.79101562500      0.8948672D+00
 20154.79101562500      0.8954756D+00
 20204.79101562500      0.8961257D+00
 20254.79101562500      0.8967689D+00
 20259.13085937500      0.8968083D+00
 20259.16406250000      0.8959755D+00
 20261.93164062500      0.8973497D+00
 20267.46875000000      0.8974178D+00
 20317.46875000000      0.8980830D+00
 20366.72070312500      0.8986686D+00
 20367.00390625000      0.9000080D+00
 20369.07421875000      0.9064652D+00
 20373.21875000000      0.9068311D+00
 20423.21875000000      0.9074812D+00
 20473.21875000000      0.9081803D+00
 20486.10937500000      0.9083363D+00
 20486.71093750000      0.9235354D+00
 20488.73242187500      0.9235862D+00
 20492.77539062500      0.9236943D+00
 20542.77539062500      0.9248091D+00
 20583.00000000000      0.9256310D+00
 20583.43359375000      0.9282491D+00
 20585.55664062500      0.9378858D+00
 20589.80468750000      0.9386270D+00
 20639.80468750000      0.9395779D+00
 20689.80468750000      0.9406630D+00
 20739.80468750000      0.9416504D+00
 20789.80468750000      0.9426381D+00
 20807.31054687500      0.9429621D+00
 20807.41015625000      0.9397848D+00
 20810.14257812500      0.9435480D+00
 20815.60742187500      0.9435731D+00
 20865.60742187500      0.9445997D+00
 20915.60742187500      0.9454950D+00
 20965.60742187500      0.9464183D+00
 21015.60742187500      0.9473168D+00
 21040.08007812500      0.9477443D+00
 21040.11328125000      0.9467921D+00
 21042.82226562500      0.9480745D+00
 21048.24218750000      0.9481527D+00
 21098.24218750000      0.9490647D+00
 21148.24218750000      0.9498986D+00
 21198.24218750000      0.9507589D+00
 21248.24218750000      0.9516008D+00
 21275.82031250000      0.9520544D+00
 21275.93750000000      0.9483289D+00
 21278.69921875000      0.9525559D+00
 21284.22460937500      0.9525608D+00
 21334.22460937500      0.9534605D+00
 21384.22460937500      0.9542256D+00
 21434.22460937500      0.9550127D+00
 21484.22460937500      0.9557882D+00
 21522.56054687500      0.9563712D+00
 21522.66015625000      0.9530833D+00
 21525.42187500000      0.9566303D+00
 21530.94335937500      0.9566436D+00
 21580.94335937500      0.9574686D+00
 21630.94335937500      0.9581782D+00
 21680.94335937500      0.9589155D+00
 21730.94335937500      0.9596383D+00
 21779.58984375000      0.9603344D+00
 21779.64062500000      0.9586573D+00
 21782.36718750000      0.9604692D+00
 21787.82031250000      0.9605170D+00
 21837.82031250000      0.9612591D+00
 21887.82031250000      0.9619279D+00
 21937.82031250000      0.9626227D+00
 21987.82031250000      0.9633038D+00
 22037.82031250000      0.9639773D+00
 22042.08007812500      0.9640197D+00
 22042.17968750000      0.9607224D+00
 22045.00976562500      0.9640892D+00
 22050.66992187500      0.9641044D+00
 22100.66992187500      0.9648234D+00
 22150.66992187500      0.9654443D+00
 22179.16015625000      0.9658072D+00
 22179.25976562500      0.9624512D+00
 22182.08398437500      0.9657124D+00
 22187.73242187500      0.9657292D+00
 22237.73242187500      0.9664117D+00
 22287.73242187500      0.9670091D+00
 22337.73242187500      0.9676296D+00
 22387.73242187500      0.9682384D+00
 22437.73242187500      0.9688469D+00
 22487.73242187500      0.9694496D+00
 22537.73242187500      0.9700468D+00
 22587.73242187500      0.9706445D+00
 22609.51953125000      0.9708918D+00
 22609.63671875000      0.9668307D+00
 22612.49218750000      0.9704999D+00
 22618.20703125000      0.9705109D+00
 22668.20703125000      0.9711439D+00
 22718.20703125000      0.9716891D+00
 22768.20703125000      0.9722579D+00
 22818.20703125000      0.9728165D+00
 22868.20703125000      0.9733708D+00
 22912.89062500000      0.9738623D+00
 22913.03906250000      0.9720836D+00
 22914.80273437500      0.9752377D+00
 22918.32812500000      0.9753661D+00
 22968.32812500000      0.9759322D+00
 23018.32812500000      0.9764623D+00
 23068.32812500000      0.9770030D+00
 23118.32812500000      0.9775428D+00
 23168.32812500000      0.9780729D+00
 23218.32812500000      0.9786040D+00
 23240.42968750000      0.9788245D+00
 23240.51367187500      0.9760315D+00
 23243.41796875000      0.9784369D+00
 23249.22851562500      0.9784716D+00
 23299.22851562500      0.9790158D+00
 23349.22851562500      0.9795155D+00
 23399.22851562500      0.9800316D+00
 23449.22851562500      0.9805400D+00
 23499.22851562500      0.9810403D+00
 23549.22851562500      0.9815379D+00
 23583.11914062500      0.9818696D+00
 23583.25390625000      0.9769395D+00
 23586.17773437500      0.9806066D+00
 23592.02734375000      0.9806233D+00
 23642.02734375000      0.9811332D+00
 23692.02734375000      0.9815841D+00
 23742.02734375000      0.9820545D+00
 23792.02734375000      0.9825140D+00
 23842.02734375000      0.9829737D+00
 23892.02734375000      0.9834308D+00
 23942.02734375000      0.9838849D+00
 23953.24023437500      0.9839740D+00
 23953.33984375000      0.9804100D+00
 23956.29687500000      0.9830501D+00
 23962.21289062500      0.9830833D+00
 24012.21289062500      0.9835422D+00
 24062.21289062500      0.9839619D+00
 24112.21289062500      0.9843967D+00
 24150.10937500000      0.9847184D+00
 24150.17578125000      0.9821900D+00
 24153.11718750000      0.9839389D+00
 24158.99804687500      0.9839785D+00
 24208.99804687500      0.9844121D+00
 24258.99804687500      0.9848177D+00
 24308.99804687500      0.9852321D+00
 24358.99804687500      0.9856455D+00
 24408.99804687500      0.9860569D+00
 24458.99804687500      0.9864656D+00
 24508.99804687500      0.9868747D+00
 24558.99804687500      0.9872835D+00
 24561.33984375000      0.9872862D+00
 24561.49023437500      0.9816614D+00
 24563.24609375000      0.9852782D+00
 24566.75976562500      0.9852830D+00
 24616.75976562500      0.9856842D+00
 24666.75976562500      0.9860520D+00
 24716.75976562500      0.9864290D+00
 24766.75976562500      0.9867998D+00
 24816.75976562500      0.9871727D+00
 24866.75976562500      0.9875433D+00
 24916.75976562500      0.9879106D+00
 24966.75976562500      0.9882768D+00
 25016.75976562500      0.9886420D+00
 25018.26953125000      0.9886414D+00
 25019.76953125000      0.1035470D+01
 25021.80468750000      0.1035409D+01
 25025.87304687500      0.1035602D+01
 25075.87304687500      0.1036656D+01
 25125.87304687500      0.1037633D+01
 25175.87304687500      0.1038659D+01
 25225.87304687500      0.1039665D+01
 25275.87304687500      0.1040668D+01
 25325.87304687500      0.1041669D+01
 25342.92968750000      0.1041987D+01
 25392.92968750000      0.1043103D+01
 25442.92968750000      0.1044083D+01
 25492.92968750000      0.1045114D+01
 25542.92968750000      0.1046130D+01
 25559.36914062500      0.1046438D+01
 25559.38671875000      0.1047189D+01
 25562.21679687500      0.1047087D+01
 25567.87695312500      0.1047393D+01
 25617.87695312500      0.1048404D+01
 25667.87695312500      0.1049339D+01
 25717.87695312500      0.1050335D+01
 25767.87695312500      0.1051318D+01
 25817.87695312500      0.1052301D+01
 25867.87695312500      0.1053278D+01
 25882.14062500000      0.1053532D+01
 25882.15625000000      0.1054302D+01
 25884.94140625000      0.1054195D+01
 25890.51171875000      0.1054506D+01
 25940.51171875000      0.1055512D+01
 25990.51171875000      0.1056445D+01
 26040.51171875000      0.1057449D+01
 26090.51171875000      0.1058443D+01
 26140.51171875000      0.1059437D+01
 26190.51171875000      0.1060434D+01
 26203.05078125000      0.1060659D+01
 26203.25000000000      0.1062633D+01
 26205.56250000000      0.1067462D+01
 26210.18945312500      0.1068144D+01
 26260.18945312500      0.1069155D+01
 26310.18945312500      0.1070151D+01
 26360.18945312500      0.1071166D+01
 26410.18945312500      0.1072177D+01
 26432.93945312500      0.1072612D+01
 26433.27343750000      0.1081399D+01
 26435.72460937500      0.1082952D+01
 26440.62695312500      0.1082553D+01
 26490.62695312500      0.1084637D+01
 26540.62695312500      0.1085847D+01
 26590.62695312500      0.1087198D+01
 26640.62695312500      0.1088496D+01
 26690.62695312500      0.1089802D+01
 26739.66015625000      0.1091062D+01
 26739.69335937500      0.1089770D+01
 26742.25781250000      0.1091784D+01
 26747.38867187500      0.1091816D+01
 26797.38867187500      0.1093236D+01
 26847.38867187500      0.1094425D+01
 26897.38867187500      0.1095714D+01
 26947.38867187500      0.1096969D+01
 26997.38867187500      0.1098226D+01
 27047.38867187500      0.1099466D+01
 27049.81054687500      0.1099499D+01
 27099.81054687500      0.1100980D+01
 27149.81054687500      0.1102232D+01
 27153.18945312500      0.1102300D+01
 27153.42382812500      0.1104814D+01
 27155.81445312500      0.1110405D+01
 27160.59570312500      0.1111445D+01
 27210.59570312500      0.1112649D+01
 27260.59570312500      0.1113925D+01
 27310.59570312500      0.1115168D+01
 27360.59570312500      0.1116407D+01
 27377.50000000000      0.1116802D+01
 27427.50000000000      0.1118163D+01
 27477.50000000000      0.1119357D+01
 27527.50000000000      0.1120622D+01
 27577.50000000000      0.1121857D+01
 27601.81054687500      0.1122437D+01
 27601.84375000000      0.1123775D+01
 27604.76171875000      0.1123462D+01
 27610.59960937500      0.1124110D+01
 27660.59960937500      0.1125350D+01
 27710.59960937500      0.1126516D+01
 27760.59960937500      0.1127757D+01
 27810.59960937500      0.1128971D+01
 27823.43945312500      0.1129254D+01
 27823.62304687500      0.1130783D+01
 27826.86914062500      0.1135038D+01
 27835.12890625000      0.1135903D+01
 27885.12890625000      0.1137112D+01
 27935.12890625000      0.1138304D+01
 27985.12890625000      0.1139518D+01
 28035.12890625000      0.1140718D+01
 28060.68945312500      0.1141313D+01
 28060.77343750000      0.1144799D+01
 28063.64062500000      0.1143853D+01
 28069.37500000000      0.1145291D+01
 28119.37500000000      0.1146512D+01
 28169.37500000000      0.1147771D+01
 28219.37500000000      0.1149025D+01
 28269.37500000000      0.1150278D+01
 28290.57031250000      0.1150781D+01
 28290.58593750000      0.1151795D+01
 28293.48632812500      0.1151683D+01
 28299.28906250000      0.1152049D+01
 28349.28906250000      0.1153321D+01
 28399.28906250000      0.1154501D+01
 28449.28906250000      0.1155763D+01
 28499.28906250000      0.1156996D+01
 28519.03906250000      0.1157461D+01
 28519.07421875000      0.1156171D+01
 28521.89257812500      0.1157946D+01
 28527.52929687500      0.1157988D+01
 28577.52929687500      0.1159343D+01
 28627.52929687500      0.1160484D+01
 28677.52929687500      0.1161721D+01
 28727.52929687500      0.1162926D+01
 28750.34960937500      0.1163459D+01
 28750.44921875000      0.1159444D+01
 28753.31640625000      0.1164416D+01
 28759.05078125000      0.1164265D+01
 28809.05078125000      0.1165787D+01
 28859.05078124999      0.1166884D+01
 28909.05078124999      0.1168075D+01
 28959.05078124999      0.1169230D+01
 28990.68945312499      0.1169953D+01
 28990.80664062499      0.1175075D+01
 28993.69726562499      0.1173642D+01
 28999.47656250000      0.1175741D+01
 29049.47656250000      0.1176904D+01
 29099.47656250000      0.1178220D+01
 29149.47656250000      0.1179465D+01
 29199.47656250000      0.1180715D+01
 29220.57031250000      0.1181220D+01
 29220.58593750000      0.1180688D+01
 29223.34960937499      0.1181621D+01
 29228.87500000000      0.1181725D+01
 29278.87500000000      0.1183019D+01
 29328.87500000000      0.1184175D+01
 29378.87500000000      0.1185427D+01
 29428.87500000000      0.1186658D+01
 29451.89062500000      0.1187202D+01
 29452.95703124999      0.1170744D+01
 29455.09960937499      0.1191311D+01
 29459.38281250000      0.1191713D+01
 29509.38281250000      0.1192653D+01
 29559.38281250000      0.1193633D+01
 29609.38281250000      0.1194585D+01
 29644.66015624999      0.1195248D+01
 29645.09375000000      0.1210968D+01
 29647.33984374999      0.1212208D+01
 29651.83203124999      0.1212033D+01
 29701.83203124999      0.1213552D+01
 29751.83203124999      0.1214740D+01
 29801.83203124999      0.1215966D+01
 29851.83203124999      0.1217169D+01
 29901.83203124999      0.1218366D+01
 29951.83203124999      0.1219554D+01
 30001.83203124999      0.1220728D+01
 30051.83203124999      0.1221888D+01
 30099.71093750000      0.1222995D+01
 30100.24414062499      0.1241803D+01
 30102.45703124999      0.1241836D+01
 30106.88281250000      0.1242004D+01
 30156.88281250000      0.1243604D+01
 30206.88281250000      0.1245095D+01
 30219.88085937499      0.1245487D+01
 30221.16406250000      0.1218396D+01
 30223.28710937499      0.1239390D+01
 30227.53515624999      0.1239758D+01
 30277.53515624999      0.1240701D+01
 30327.53515624999      0.1241670D+01
 30377.53515624999      0.1242619D+01
 30427.53515624999      0.1243554D+01
 30460.21093750000      0.1244161D+01
 30461.69335937499      0.1301772D+01
 30463.84765624999      0.1301665D+01
 30468.15820312499      0.1302063D+01
 30518.15820312499      0.1304428D+01
 30568.15820312499      0.1306704D+01
 30571.68945312499      0.1306836D+01
 30571.72265624999      0.1305431D+01
 30574.64843750000      0.1307243D+01
 30580.49804687499      0.1307346D+01
 30630.49804687499      0.1309836D+01
 30680.49804687499      0.1311983D+01
 30730.49804687499      0.1314222D+01
 30780.49804687499      0.1316377D+01
 30797.36914062499      0.1317081D+01
 30797.40429687499      0.1315842D+01
 30800.27343750000      0.1317661D+01
 30806.01562500000      0.1317739D+01
 30856.01562500000      0.1320079D+01
 30906.01562500000      0.1322090D+01
 30956.01562500000      0.1324201D+01
 31006.01562500000      0.1326235D+01
 31025.83984374999      0.1327020D+01
 31026.12304687499      0.1326507D+01
 31028.62304687499      0.1331119D+01
 31033.62500000000      0.1332744D+01
 31083.62500000000      0.1334549D+01
 31133.62500000000      0.1336526D+01
 31153.46093750000      0.1337234D+01
 31153.67578124999      0.1344202D+01
 31156.30273437499      0.1345783D+01
 31161.55664062499      0.1345445D+01
 31211.55664062499      0.1348259D+01
 31261.55664062499      0.1350238D+01
 31270.58007812499      0.1350655D+01
 31270.77929687499      0.1350463D+01
 31274.02539062499      0.1353594D+01
 31282.92187500000      0.1355054D+01
 31332.92187500000      0.1356969D+01
 31382.92187500000      0.1358997D+01
 31432.92187500000      0.1360960D+01
 31482.92187500000      0.1362914D+01
 31524.08984374999      0.1364498D+01
 31524.42382812499      0.1375663D+01
 31526.77343750000      0.1377033D+01
 31531.47460937499      0.1376740D+01
 31581.47460937499      0.1379741D+01
 31631.47460937499      0.1381867D+01
 31635.57031250000      0.1382118D+01
 31635.58593750000      0.1381535D+01
 31638.58593750000      0.1382500D+01
 31644.58789062499      0.1382699D+01
 31694.58789062499      0.1385073D+01
 31744.58789062499      0.1387204D+01
 31794.58789062499      0.1389463D+01
 31844.58789062499      0.1391653D+01
 31859.88085937499      0.1392286D+01
 31859.89648437499      0.1391680D+01
 31862.75000000000      0.1392679D+01
 31868.45703124999      0.1392848D+01
 31918.45703124999      0.1395134D+01
 31968.45703124999      0.1397169D+01
 31972.71093750000      0.1397336D+01
 31972.72656250000      0.1396767D+01
 31975.76562500000      0.1397724D+01
 31981.84375000000      0.1397905D+01
 32031.84375000000      0.1400131D+01
 32081.84375000000      0.1402103D+01
 32131.84375000000      0.1404218D+01
 32181.84375000000      0.1406268D+01
 32199.77929687499      0.1406965D+01
 32199.81250000000      0.1405423D+01
 32202.71484374999      0.1407347D+01
 32208.51562500000      0.1407365D+01
 32258.51562500000      0.1409659D+01
 32308.51562500000      0.1411546D+01
 32314.72070312499      0.1411790D+01
 32364.72070312499      0.1413941D+01
 32414.72070312499      0.1415794D+01
 32429.66015624999      0.1416386D+01
 32429.67578124999      0.1415765D+01
 32432.56445312499      0.1416751D+01
 32438.34179687499      0.1416899D+01
 32488.34179687499      0.1418963D+01
 32538.34179687499      0.1420791D+01
 32588.34179687499      0.1422759D+01
 32638.34179687499      0.1424662D+01
 32660.98046874999      0.1425498D+01
 32661.06250000000      0.1430030D+01
 32664.02343750000      0.1428493D+01
 32669.94140624999      0.1430772D+01
 32719.94140624999      0.1432567D+01
 32769.94140624999      0.1434751D+01
 32773.14062500000      0.1434767D+01
 32773.19140624999      0.1432598D+01
 32776.22656250000      0.1435404D+01
 32782.29296874999      0.1435274D+01
 32832.29296874999      0.1437709D+01
 32882.29296874999      0.1439519D+01
 32932.29296874999      0.1441553D+01
 32982.29296874999      0.1443473D+01
 33032.29296874999      0.1445419D+01
 33082.29296874999      0.1447349D+01
 33115.82812500000      0.1448616D+01
 33115.86328124999      0.1446971D+01
 33118.68750000000      0.1449006D+01
 33124.33593750000      0.1448973D+01
 33174.33593750000      0.1451192D+01
 33224.33593750000      0.1452954D+01
 33274.33593750000      0.1454899D+01
 33324.33593750000      0.1456758D+01
 33347.14843750000      0.1457583D+01
 33347.16796874999      0.1456929D+01
 33349.99609374999      0.1457959D+01
 33355.65625000000      0.1458081D+01
 33405.65625000000      0.1460082D+01
 33455.65625000000      0.1461818D+01
 33463.53906250000      0.1462099D+01
 33463.57421874999      0.1463876D+01
 33466.56250000000      0.1463331D+01
 33472.53515624999      0.1464327D+01
 33522.53515624999      0.1466201D+01
 33572.53515624999      0.1468033D+01
 33578.48046874999      0.1468217D+01
 33578.59765624999      0.1462667D+01
 33581.65625000000      0.1468922D+01
 33587.77734374999      0.1468260D+01
 33637.77734374999      0.1471165D+01
 33687.77734374999      0.1472768D+01
 33737.77734374999      0.1474757D+01
 33787.77734374999      0.1476535D+01
 33818.82031250000      0.1477642D+01
 33818.90234374999      0.1473309D+01
 33821.88281250000      0.1477847D+01
 33827.84375000000      0.1477452D+01
 33877.84375000000      0.1479929D+01
 33927.84375000000      0.1481533D+01
 33977.84375000000      0.1483391D+01
 34027.84375000000      0.1485116D+01
 34067.21093750000      0.1486491D+01
 34067.41015624999      0.1485587D+01
 34070.65625000000      0.1488435D+01
 34079.95703124999      0.1490021D+01
 34129.95703124999      0.1491632D+01
 34179.95703124999      0.1493405D+01
 34202.28906250000      0.1494121D+01
 34202.52343750000      0.1491622D+01
 34205.03906250000      0.1495002D+01
 34210.07031250000      0.1496221D+01
 34260.07031250000      0.1497806D+01
 34310.07031250000      0.1499462D+01
 34352.75000000000      0.1500839D+01
 34352.93359374999      0.1498354D+01
 34356.17968750000      0.1501130D+01
 34364.65234374999      0.1502016D+01
 34414.65234374999      0.1503565D+01
 34464.65234374999      0.1505103D+01
 34514.65234374999      0.1506643D+01
 34517.96875000000      0.1506705D+01
 34518.17187500000      0.1514828D+01
 34521.41406250000      0.1516068D+01
 34530.32812500000      0.1516028D+01
 34580.32812500000      0.1518080D+01
 34630.32812500000      0.1519709D+01
 34667.21093750000      0.1520982D+01
 34667.24218750000      0.1522740D+01
 34670.44140624999      0.1522320D+01
 34676.83984374999      0.1523026D+01
 34726.83984374999      0.1524758D+01
 34776.83984374999      0.1526424D+01
 34814.08984374999      0.1527690D+01
 34814.10546874999      0.1528687D+01
 34817.35156250000      0.1528557D+01
 34824.04296874999      0.1528997D+01
 34874.04296874999      0.1530737D+01
 34924.04296874999      0.1532380D+01
 34959.80078124999      0.1533598D+01
 35009.80078124999      0.1535374D+01
 35059.80078124999      0.1537058D+01
 35109.80078124999      0.1538781D+01
 35159.80078124999      0.1540480D+01
 35209.80078124999      0.1542175D+01
 35251.23046874999      0.1543566D+01
 35251.37890624999      0.1535015D+01
 35253.16406250000      0.1541646D+01
 35256.73046874999      0.1541011D+01
 35306.73046874999      0.1543265D+01
 35356.73046874999      0.1544701D+01
 35406.73046874999      0.1546310D+01
 35408.05078124999      0.1546284D+01
 35408.10156250000      0.1543754D+01
 35411.25781250000      0.1545950D+01
 35417.57421874999      0.1545929D+01
 35467.57421874999      0.1547659D+01
 35517.57421874999      0.1549106D+01
 35567.57421874999      0.1550630D+01
 35568.96875000000      0.1550615D+01
 35569.20312500000      0.1559855D+01
 35571.84375000000      0.1561507D+01
 35577.12500000000      0.1561129D+01
 35627.12500000000      0.1563427D+01
 35677.12500000000      0.1565014D+01
 35712.42968750000      0.1566269D+01
 35712.44531250000      0.1565455D+01
 35715.24218750000      0.1566373D+01
 35720.83593750000      0.1566489D+01
 35770.83593750000      0.1568293D+01
 35820.83593750000      0.1569886D+01
 35870.83593750000      0.1571591D+01
 35920.83593750000      0.1573247D+01
 35970.83593750000      0.1574914D+01
 36001.57812500000      0.1575911D+01
 36051.57812500000      0.1577630D+01
 36101.57812500000      0.1579238D+01
 36146.14843750000      0.1580709D+01
 36146.39843750000      0.1577003D+01
 36148.93750000000      0.1580340D+01
 36154.01171874999      0.1581526D+01
 36204.01171874999      0.1583045D+01
 36254.01171874999      0.1584628D+01
 36304.01171874999      0.1586177D+01
 36354.01171874999      0.1587725D+01
 36404.01171874999      0.1589264D+01
 36454.01171874999      0.1590801D+01
 36473.69140624999      0.1591371D+01
 36473.75781250000      0.1595440D+01
 36476.90625000000      0.1594395D+01
 36483.20312500000      0.1595584D+01
 36533.20312500000      0.1597145D+01
 36583.20312500000      0.1598743D+01
 36631.85937500000      0.1600292D+01
 36632.01171874999      0.1609128D+01
 36633.83203124999      0.1606385D+01
 36637.48046874999      0.1609143D+01
 36687.48046874999      0.1610607D+01
 36737.48046874999      0.1612555D+01
 36787.48046874999      0.1614232D+01
 36837.48046874999      0.1615980D+01
 36887.48046874999      0.1617691D+01
 36925.58984374999      0.1618985D+01
 36925.70703124999      0.1612293D+01
 36928.84765624999      0.1617646D+01
 36935.13671874999      0.1617168D+01
 36985.13671874999      0.1619455D+01
 37035.13671874999      0.1620975D+01
 37081.10937500000      0.1622541D+01
 37081.14453124999      0.1624352D+01
 37084.39062500000      0.1623905D+01
 37091.12500000000      0.1624619D+01
 37141.12500000000      0.1626300D+01
 37191.12500000000      0.1627924D+01
 37234.03906250000      0.1629349D+01
 37234.07421874999      0.1627417D+01
 37237.06250000000      0.1629092D+01
 37243.03515624999      0.1629098D+01
 37293.03515624999      0.1630944D+01
 37343.03515624999      0.1632495D+01
 37389.55078124999      0.1634032D+01
 37389.71484374999      0.1641016D+01
 37392.96093750000      0.1642398D+01
 37402.97656250000      0.1642294D+01
 37452.97656250000      0.1644544D+01
 37502.97656250000      0.1646197D+01
 37552.97656250000      0.1648035D+01
 37602.97656250000      0.1649780D+01
 37652.97656250000      0.1651557D+01
 37676.46093750000      0.1652347D+01
 37676.55859374999      0.1646455D+01
 37679.75000000000      0.1651216D+01
 37686.13671874999      0.1650769D+01
 37736.13671874999      0.1653125D+01
 37786.13671874999      0.1654701D+01
 37826.92187500000      0.1656145D+01
 37827.00390624999      0.1661274D+01
 37830.25000000000      0.1659754D+01
 37836.73828124999      0.1661538D+01
 37886.73828124999      0.1663175D+01
 37936.73828124999      0.1665055D+01
 37971.48828124999      0.1666245D+01
 37971.52343750000      0.1668122D+01
 37974.76953124999      0.1667612D+01
 37981.50781250000      0.1668440D+01
 38031.50781250000      0.1670253D+01
 38081.50781250000      0.1672016D+01
 38113.85156250000      0.1673174D+01
 38113.88281250000      0.1671274D+01
 38116.98437500000      0.1673040D+01
 38123.18359374999      0.1673029D+01
 38173.18359374999      0.1675072D+01
 38223.18359374999      0.1676755D+01
 38258.42187500000      0.1678039D+01
 38258.53515624999      0.1685107D+01
 38261.78125000000      0.1682743D+01
 38268.28125000000      0.1685476D+01
 38318.28125000000      0.1687060D+01
 38368.28125000000      0.1689245D+01
 38395.50000000000      0.1690172D+01
 38445.50000000000      0.1692211D+01
 38495.50000000000      0.1694037D+01
 38532.57812500000      0.1695457D+01
 38582.57812500000      0.1697514D+01
 38632.57812500000      0.1699465D+01
 38669.66015624999      0.1700934D+01
 38669.67578124999      0.1701973D+01
 38672.92187500000      0.1701820D+01
 38680.35937500000      0.1702358D+01
 38730.35937500000      0.1704311D+01
 38780.35937500000      0.1706139D+01
 38805.73046874999      0.1707100D+01
 38805.74609374999      0.1706019D+01
 38808.77343750000      0.1707022D+01
 38814.82421874999      0.1707143D+01
 38864.82421874999      0.1709212D+01
 38914.82421874999      0.1710999D+01
 38942.80859374999      0.1712069D+01
 38992.80859374999      0.1714162D+01
 39042.80859374999      0.1716079D+01
 39079.89062500000      0.1717551D+01
 39129.89062500000      0.1719487D+01
 39179.89062500000      0.1721321D+01
 39229.89062500000      0.1723221D+01
 39279.89062500000      0.1725094D+01
 39329.89062500000      0.1726990D+01
 39354.05078124999      0.1727860D+01
 39354.16796874999      0.1720787D+01
 39357.41406250000      0.1726596D+01
 39364.00000000000      0.1725871D+01
 39414.00000000000      0.1728669D+01
 39464.00000000000      0.1730318D+01
 39498.62890624999      0.1731698D+01
 39498.67968750000      0.1734967D+01
 39501.92578124999      0.1734060D+01
 39508.78906250000      0.1735294D+01
 39558.78906250000      0.1737146D+01
 39608.78906250000      0.1739043D+01
 39658.78906250000      0.1740948D+01
 39708.78906250000      0.1742848D+01
 39758.78906250000      0.1744740D+01
 39781.14843750000      0.1745546D+01
 39781.18359374999      0.1747802D+01
 39784.42968750000      0.1747218D+01
 39791.21484374999      0.1748158D+01
 39841.21484374999      0.1750083D+01
 39891.21484374999      0.1751974D+01
 39920.30078124999      0.1753080D+01
 39920.35156250000      0.1756084D+01
 39923.59375000000      0.1755176D+01
 39930.43750000000      0.1756468D+01
 39980.43750000000      0.1758392D+01
 40030.43750000000      0.1760370D+01
 40056.37109374999      0.1761362D+01
 40056.43750000000      0.1757631D+01
 40059.68359374999      0.1761037D+01
 40066.31640624999      0.1760713D+01
 40116.31640624999      0.1763302D+01
 40166.31640624999      0.1765098D+01
 40196.57031250000      0.1766356D+01
 40196.58593750000      0.1765201D+01
 40199.58593750000      0.1766223D+01
 40205.58593750000      0.1766344D+01
 40255.58593750000      0.1768466D+01
 40305.58593750000      0.1770300D+01
 40337.82812500000      0.1771566D+01
 40337.91406250000      0.1776358D+01
 40341.16015624999      0.1775135D+01
 40347.95312500000      0.1776771D+01
 40397.95312500000      0.1778587D+01
 40447.95312500000      0.1780681D+01
 40473.89843750000      0.1781651D+01
 40473.96484374999      0.1778458D+01
 40477.21093750000      0.1781526D+01
 40483.86328124999      0.1781353D+01
 40533.86328124999      0.1783774D+01
 40583.86328124999      0.1785618D+01
 40614.10156250000      0.1786851D+01
 40614.16796874999      0.1790662D+01
 40617.41406250000      0.1789794D+01
 40624.28906250000      0.1791067D+01
 40674.28906250000      0.1793001D+01
 40724.28906250000      0.1795077D+01
 40774.28906250000      0.1797080D+01
 40824.28906250000      0.1799095D+01
 40874.28906250000      0.1801090D+01
 40886.23828124999      0.1801534D+01
 40936.23828124999      0.1803617D+01
 40986.23828124999      0.1805550D+01
 41022.30859374999      0.1806999D+01
 41022.32812500000      0.1807828D+01
 41025.57031250000      0.1807815D+01
 41032.57421874999      0.1808223D+01
 41082.57421874999      0.1810263D+01
 41132.57421874999      0.1812228D+01
 41157.39062500000      0.1813223D+01
 41157.42187500000      0.1811823D+01
 41160.66796874999      0.1813305D+01
 41167.32812500000      0.1813424D+01
 41217.32812500000      0.1815593D+01
 41267.32812500000      0.1817523D+01
 41294.46875000000      0.1818622D+01
 41294.76953124999      0.1811339D+01
 41297.66796874999      0.1816244D+01
 41303.46875000000      0.1817531D+01
 41353.46875000000      0.1819508D+01
 41403.46875000000      0.1821504D+01
 41452.62890624999      0.1823437D+01
 41453.14843750000      0.1847242D+01
 41455.14843750000      0.1847822D+01
 41459.15625000000      0.1848132D+01
 41509.15625000000      0.1851061D+01
 41559.15625000000      0.1853427D+01
 41577.67187500000      0.1854427D+01
 41577.68750000000      0.1853889D+01
 41580.75390624999      0.1854743D+01
 41586.88281250000      0.1854980D+01
 41636.88281250000      0.1857569D+01
 41686.88281250000      0.1859977D+01
 41736.88281250000      0.1862495D+01
 41786.88281250000      0.1864953D+01
 41829.44921874999      0.1867046D+01
 41829.48437500000      0.1865620D+01
 41832.65234374999      0.1867238D+01
 41838.99609374999      0.1867357D+01
 41888.99609374999      0.1870015D+01
 41938.99609374999      0.1872344D+01
 41957.07031250000      0.1873235D+01
 41957.13671874999      0.1871114D+01
 41960.38281250000      0.1874061D+01
 41967.14843750000      0.1873998D+01
 42017.14843750000      0.1876819D+01
 42067.14843750000      0.1879093D+01
 42088.32031250000      0.1880146D+01
 42088.48828124999      0.1887030D+01
 42090.46484374999      0.1886640D+01
 42094.42578124999      0.1887499D+01
 42144.42578124999      0.1889889D+01
 42194.42578124999      0.1892484D+01
 42244.42578124999      0.1894957D+01
 42294.42578124999      0.1897469D+01
 42333.42968750000      0.1899409D+01
 42333.44531250000      0.1899114D+01
 42336.50000000000      0.1899823D+01
 42342.60546874999      0.1900108D+01
 42392.60546874999      0.1902607D+01
 42442.60546874999      0.1905055D+01
 42492.60546874999      0.1907530D+01
 42542.60546874999      0.1909987D+01
 42580.17187500000      0.1911830D+01
 42580.30468750000      0.1910026D+01
 42583.55078124999      0.1914608D+01
 42590.24218750000      0.1914740D+01
 42640.24218750000      0.1917438D+01
 42690.24218750000      0.1919850D+01
 42710.48828124999      0.1920890D+01
 42760.48828124999      0.1923411D+01
 42810.48828124999      0.1925861D+01
 42860.48828124999      0.1928324D+01
 42910.48828124999      0.1930773D+01
 42960.48828124999      0.1933220D+01
 42971.12890624999      0.1933733D+01
 43021.12890624999      0.1936130D+01
 43071.12890624999      0.1938481D+01
 43101.44921874999      0.1939917D+01
 43101.46484374999      0.1940550D+01
 43104.71093750000      0.1940671D+01
 43111.51562500000      0.1941024D+01
 43161.51562500000      0.1943408D+01
 43211.51562500000      0.1945776D+01
 43261.51562500000      0.1948156D+01
 43311.51562500000      0.1950529D+01
 43360.26953124999      0.1952838D+01
 43360.37109374999      0.1952330D+01
 43363.61718750000      0.1955670D+01
 43370.33984374999      0.1955870D+01
 43420.33984374999      0.1958352D+01
 43470.33984374999      0.1960668D+01
 43520.33984374999      0.1963040D+01
 43570.33984374999      0.1965382D+01
 43620.33984374999      0.1967719D+01
 43630.42968750000      0.1968182D+01
 43630.87890624999      0.1982395D+01
 43634.01953124999      0.1982559D+01
 43640.29296874999      0.1982948D+01
 43690.29296874999      0.1985967D+01
 43740.29296874999      0.1988991D+01
 43743.26953124999      0.1989174D+01
 43743.35156250000      0.1989627D+01
 43746.54687500000      0.1992742D+01
 43752.93359374999      0.1993133D+01
 43802.93359374999      0.1996140D+01
 43852.93359374999      0.1999135D+01
 43859.66015624999      0.1999540D+01
 43909.66015624999      0.2002663D+01
 43959.66015624999      0.2005781D+01
 43976.03906250000      0.2006804D+01
 43976.55859374999      0.2004598D+01
 43979.70312500000      0.2018256D+01
 43985.99218750000      0.2018838D+01
 44035.99218750000      0.2021642D+01
 44085.99218750000      0.2024477D+01
 44120.62109374999      0.2026407D+01
 44170.62109374999      0.2029311D+01
 44220.62109374999      0.2032177D+01
 44265.19921874999      0.2034730D+01
 44265.33203124999      0.2039430D+01
 44268.57812500000      0.2039359D+01
 44275.44921874999      0.2040015D+01
 44325.44921874999      0.2042908D+01
 44375.44921874999      0.2045845D+01
 44401.26953124999      0.2047336D+01
 44401.40234374999      0.2052046D+01
 44404.64843750000      0.2052246D+01
 44411.39062500000      0.2052665D+01
 44461.39062500000      0.2055742D+01
 44511.39062500000      0.2058797D+01
 44561.39062500000      0.2061835D+01
 44611.39062500000      0.2064850D+01
 44661.39062500000      0.2067845D+01
 44711.39062500000      0.2070824D+01
 44761.39062500000      0.2073793D+01
 44786.80078124999      0.2075300D+01
 44787.05078124999      0.2073309D+01
 44790.29687500000      0.2080446D+01
 44796.99609374999      0.2080786D+01
 44846.99609374999      0.2083709D+01
 44896.99609374999      0.2086553D+01
 44930.26171874999      0.2088459D+01
 44930.44921874999      0.2002950D+01
 44930.64062500000      0.1917709D+01
 44930.83203124999      0.1827418D+01
 44931.01953124999      0.1737174D+01
 44931.21093750000      0.1645143D+01
 44931.40234374999      0.1551940D+01
 44931.59375000000      0.1457685D+01
 44931.78125000000      0.1362358D+01
 44931.97265624999      0.1265812D+01
 44932.16406250000      0.1167652D+01
 44932.35546874999      0.1067016D+01
 44932.41015624999      0.1037766D+01
 44932.43750000000      0.1130310D+01
 44932.46875000000      0.1221965D+01
 44932.50000000000      0.1313520D+01
 44932.52734374999      0.1405377D+01
 44932.55859374999      0.1496766D+01
 44932.58593750000      0.1588133D+01
 44932.61718750000      0.1679430D+01
 44932.64453124999      0.1770671D+01
 44932.67578124999      0.1861851D+01
 44932.70312500000      0.1952966D+01
 44932.72656250000      0.2022002D+01
 44932.78515624999      0.2021505D+01
 44933.32421874999      0.2021614D+01
 44933.76171874999      0.2021618D+01
 44934.22656250000      0.2049219D+01
 44934.44140624999      0.2050409D+01
 44934.47656250000      0.2066960D+01
 44934.49218750000      0.2083218D+01
 44934.52734374999      0.2092623D+01
 44934.68750000000      0.2097044D+01
 44935.07812500000      0.2106227D+01
 44935.24218750000      0.2106141D+01
 44935.39453124999      0.2109654D+01
 44935.42578124999      0.2109308D+01
 44935.67578124999      0.2115216D+01
 44935.92578124999      0.2120026D+01
 44935.96093750000      0.2122500D+01
 44936.16015624999      0.2126589D+01
 44936.17578124999      0.2126461D+01
 44936.42578124999      0.2134073D+01
 44936.54296874999      0.2137456D+01
 44937.60156250000      0.2145743D+01
 44939.72265624999      0.2154963D+01
 44942.52734374999      0.2163007D+01
 44942.55859374999      0.2163646D+01
 44942.67578124999      0.2163980D+01
 44942.71093750000      0.2168847D+01
 44942.80859374999      0.2206887D+01
 44942.84375000000      0.2227246D+01
 44942.87500000000      0.2243466D+01
 44942.96875000000      0.2275989D+01
 44943.16406250000      0.2301148D+01
 44943.55859374999      0.2320799D+01
 44946.92578124999      0.2370105D+01
 44946.94140624999      0.2376340D+01
 44946.96093750000      0.2409853D+01
 44946.97656250000      0.2417951D+01
 44946.99609374999      0.2410697D+01
 44947.01171874999      0.2384518D+01
 44947.03906250000      0.2375048D+01
 44947.09765624999      0.2344772D+01
 44947.12890624999      0.2324375D+01
 44947.14062500000      0.2219315D+01
 44947.14843750000      0.2115970D+01
 44947.16015624999      0.2011845D+01
 44947.16796874999      0.1907403D+01
 44947.17968750000      0.1802620D+01
 44947.18750000000      0.1697511D+01
 44947.19921874999      0.1592087D+01
 44947.20703124999      0.1486333D+01
 44947.21875000000      0.1380204D+01
 44947.22656250000      0.1273635D+01
 44947.23437500000      0.1192410D+01
