 0.000000000000000      0.7700873D+02
0.1000000014901161      0.7627344D+02
0.3000000119209288      0.7485533D+02
0.6006559729576110      0.7277251D+02
0.9013119935989378      0.7072067D+02
 1.201967954635620      0.6866217D+02
 1.502623915672302      0.6657410D+02
 1.803279876708984      0.6444073D+02
 2.103935956954956      0.6225061D+02
 2.404591798782348      0.5998945D+02
 2.705247640609741      0.5765438D+02
 3.005903959274291      0.5523396D+02
 3.299999952316284      0.5277252D+02
 3.901312112808227      0.5275679D+02
 6.178729057312010      0.5276489D+02
 56.17873001098632      0.5302048D+02
 93.45999908447265      0.5316067D+02
 94.64333343505858      0.4531765D+02
 96.44585418701171      0.4488373D+02
 100.0509109497070      0.4499865D+02
 150.0509033203125      0.4523659D+02
 200.0509033203125      0.4540920D+02
 250.0509033203125      0.4556179D+02
 299.8500061035155      0.4569530D+02
 300.2333374023437      0.4815388D+02
 302.0991210937499      0.4827881D+02
 305.8307495117187      0.4828167D+02
 355.8307495117187      0.4860163D+02
 405.8307495117187      0.4881287D+02
 455.8307495117187      0.4888964D+02
 505.8307495117187      0.4897642D+02
 555.8307495117187      0.4905128D+02
 605.8307495117186      0.4911661D+02
 655.8307495117186      0.4916811D+02
 675.9799804687499      0.4917765D+02
 676.4633178710936      0.4605293D+02
 678.3085327148436      0.4529715D+02
 681.9989624023436      0.4547596D+02
 731.9989624023436      0.4545736D+02
 781.9989624023436      0.4545736D+02
 831.9989624023436      0.4544067D+02
 881.9989624023436      0.4541683D+02
 931.9989624023436      0.4538298D+02
 945.1500244140623      0.4537153D+02
 946.0499877929685      0.5143738D+02
 947.8235473632810      0.5142021D+02
 951.3707885742186      0.5142117D+02
 1001.370788574219      0.5156326D+02
 1051.370849609375      0.5166912D+02
 1101.370849609375      0.5177307D+02
 1151.370849609375      0.5187178D+02
 1196.359985351562      0.5195236D+02
 1197.493286132812      0.4420996D+02
 1199.242797851562      0.4330921D+02
 1202.741577148437      0.4321671D+02
 1252.741577148437      0.4308271D+02
 1302.741577148437      0.4295588D+02
 1324.420043945312      0.4290867D+02
 1324.520019531250      0.4377890D+02
 1326.805664062500      0.4356480D+02
 1331.377197265625      0.4360723D+02
 1381.377197265625      0.4358244D+02
 1431.377197265625      0.4342461D+02
 1481.377197265625      0.4328108D+02
 1531.377197265625      0.4312944D+02
 1581.377197265625      0.4297495D+02
 1585.989990234375      0.4298401D+02
 1586.606689453125      0.4716778D+02
 1588.367797851562      0.4713774D+02
 1591.889892578125      0.4711771D+02
 1641.889892578125      0.4716635D+02
 1691.889892578125      0.4719210D+02
 1741.889892578125      0.4721308D+02
 1791.889892578125      0.4723120D+02
 1811.660034179687      0.4723120D+02
 1811.693359375000      0.4695702D+02
 1814.099731445312      0.4700518D+02
 1818.912475585937      0.4700375D+02
 1868.912475585937      0.4702377D+02
 1886.280029296875      0.4701471D+02
 1886.313354492187      0.4727983D+02
 1888.792236328125      0.4723549D+02
 1893.750000000000      0.4723358D+02
 1943.750000000000      0.4712057D+02
 1993.750000000000      0.4697275D+02
 2036.739990234375      0.4685497D+02
 2086.739990234375      0.4670477D+02
 2136.739990234375      0.4655313D+02
 2186.739990234375      0.4639959D+02
 2236.739990234375      0.4624033D+02
 2262.409912109375      0.4617310D+02
 2262.459960937500      0.4578257D+02
 2265.011474609375      0.4574585D+02
 2270.113769531250      0.4572678D+02
 2320.113769531250      0.4553413D+02
 2370.113769531250      0.4536152D+02
 2420.113769531250      0.4518652D+02
 2470.113769531250      0.4500771D+02
 2520.113769531250      0.4482841D+02
 2559.689941406250      0.4468775D+02
 2559.739990234375      0.4431248D+02
 2562.404785156250      0.4426003D+02
 2567.734130859375      0.4423952D+02
 2617.734130859375      0.4401827D+02
 2667.734130859375      0.4382277D+02
 2717.734130859375      0.4362154D+02
 2767.734130859375      0.4342127D+02
 2780.000000000000      0.4339790D+02
 2780.033447265625      0.4367161D+02
 2782.469238281250      0.4362249D+02
 2787.340576171875      0.4361153D+02
 2837.340576171875      0.4343700D+02
 2887.340576171874      0.4322529D+02
 2937.340576171874      0.4301786D+02
 2987.340576171874      0.4281139D+02
 3002.070068359374      0.4277706D+02
 3002.086669921874      0.4291677D+02
 3004.456298828124      0.4289055D+02
 3009.195556640624      0.4288006D+02
 3059.195556640624      0.4265642D+02
 3109.195556640624      0.4244471D+02
 3159.195556640624      0.4223347D+02
 3209.195556640624      0.4201841D+02
 3225.030029296874      0.4197645D+02
 3225.046630859374      0.4211617D+02
 3227.384765624999      0.4209089D+02
 3232.060546874999      0.4208088D+02
 3282.060546874999      0.4185486D+02
 3332.060546874999      0.4163313D+02
 3382.060546874999      0.4141521D+02
 3432.060546874999      0.4119492D+02
 3482.060546874999      0.4097319D+02
 3523.500000000000      0.4079580D+02
 3573.500000000000      0.4056454D+02
 3598.120117187499      0.4047489D+02
 3598.136718750000      0.4062271D+02
 3600.370117187499      0.4059458D+02
 3604.836914062499      0.4058266D+02
 3654.836914062499      0.4048777D+02
 3704.836914062499      0.4040051D+02
 3754.836914062499      0.4031181D+02
 3804.836914062499      0.4022121D+02
 3854.836914062499      0.4013252D+02
 3897.810058593749      0.4005575D+02
 3898.026611328124      0.4141092D+02
 3899.932128906249      0.4142523D+02
 3903.743164062499      0.4138851D+02
 3953.743164062499      0.4130077D+02
 4003.743164062499      0.4121542D+02
 4053.743164062499      0.4113388D+02
 4103.743164062499      0.4105043D+02
 4135.060058593749      0.4100037D+02
 4135.160156250000      0.4023838D+02
 4137.779785156249      0.4038572D+02
 4143.019042968749      0.4033947D+02
 4193.019042968749      0.4024124D+02
 4212.169921874999      0.4021120D+02
 4212.653320312499      0.4320431D+02
 4214.573730468749      0.4322958D+02
 4218.414550781249      0.4316092D+02
 4268.414550781249      0.4309034D+02
 4318.414550781249      0.4301023D+02
 4368.414550781249      0.4293346D+02
 4387.580078124999      0.4290867D+02
 4387.613281250000      0.4315662D+02
 4390.296875000000      0.4311705D+02
 4395.663574218749      0.4310465D+02
 4445.663574218749      0.4302406D+02
 4476.120117187499      0.4298162D+02
 4476.169921874999      0.4261684D+02
 4478.911621093749      0.4266787D+02
 4484.394042968749      0.4265451D+02
 4534.394042968749      0.4257154D+02
 4563.410156250000      0.4252863D+02
 4563.426757812499      0.4265308D+02
 4566.104980468749      0.4263306D+02
 4571.461425781249      0.4262066D+02
 4621.461425781249      0.4253769D+02
 4651.109863281249      0.4249525D+02
 4651.160156250000      0.4286909D+02
 4653.834960937499      0.4280996D+02
 4659.184570312499      0.4279327D+02
 4709.184570312499      0.4271173D+02
 4740.080078124999      0.4266548D+02
 4740.129882812499      0.4303360D+02
 4742.846191406249      0.4297733D+02
 4748.279296874999      0.4296064D+02
 4798.279296874999      0.4287910D+02
 4848.279296874999      0.4280090D+02
 4898.279296874999      0.4272318D+02
 4920.629882812499      0.4269314D+02
 4920.663574218749      0.4245424D+02
 4923.454101562499      0.4248476D+02
 4929.035156250000      0.4247284D+02
 4979.035156250000      0.4238796D+02
 5029.035156250000      0.4230738D+02
 5079.035156250000      0.4222965D+02
 5099.430175781249      0.4220104D+02
 5099.546875000000      0.4304647D+02
 5102.293945312499      0.4290867D+02
 5107.789062500000      0.4290104D+02
 5157.789062500000      0.4281521D+02
 5207.789062500000      0.4273748D+02
 5257.789062500000      0.4265690D+02
 5307.789062500000      0.4258108D+02
 5357.789062500000      0.4250193D+02
 5407.789062500000      0.4242277D+02
 5457.789062500000      0.4234362D+02
 5469.540039062499      0.4233122D+02
 5469.589843750000      0.4197025D+02
 5472.353027343749      0.4201794D+02
 5477.879394531249      0.4200411D+02
 5527.879394531249      0.4191589D+02
 5560.700195312499      0.4186487D+02
 5610.700195312499      0.4178143D+02
 5660.700195312499      0.4169941D+02
 5710.700195312499      0.4161549D+02
 5743.020019531249      0.4156590D+02
 5743.053222656249      0.4181337D+02
 5745.747070312499      0.4177427D+02
 5751.134765624999      0.4175901D+02
 5801.134765624999      0.4167175D+02
 5835.089843749999      0.4161882D+02
 5835.106445312499      0.4174519D+02
 5837.744628906248      0.4172421D+02
 5843.020507812499      0.4171133D+02
 5893.020507812499      0.4162359D+02
 5927.620117187499      0.4156876D+02
 5927.753417968748      0.4252625D+02
 5930.538574218749      0.4237509D+02
 5936.108398437498      0.4236460D+02
 5986.108398437498      0.4227829D+02
 6024.000000000000      0.4222059D+02
 6024.966796874999      0.3613281D+02
 6026.852050781249      0.3585386D+02
 6030.623535156249      0.3588390D+02
 6080.623535156249      0.3574562D+02
 6098.020019531248      0.3570652D+02
 6099.186523437498      0.4303312D+02
 6101.077148437498      0.4288912D+02
 6104.857421874999      0.4275608D+02
 6154.857421874999      0.4269218D+02
 6200.830078124999      0.4261351D+02
 6201.263183593748      0.4522657D+02
 6203.228027343749      0.4522657D+02
 6207.156250000000      0.4518414D+02
 6257.156250000000      0.4511833D+02
 6307.156250000000      0.4504395D+02
 6321.000000000000      0.4502773D+02
 6321.850097656249      0.3978872D+02
 6323.772949218749      0.3976679D+02
 6327.618652343749      0.3976107D+02
 6377.618652343749      0.3966713D+02
 6411.270019531248      0.3961277D+02
 6411.286621093748      0.3973770D+02
 6413.924316406248      0.3971529D+02
 6419.200195312499      0.3970337D+02
 6469.200195312499      0.3961277D+02
 6501.979980468748      0.3955698D+02
 6502.029785156249      0.3992844D+02
 6504.718750000000      0.3986120D+02
 6510.095703124999      0.3985071D+02
 6560.095703124999      0.3976059D+02
 6610.095703124999      0.3967428D+02
 6660.095703124999      0.3958845D+02
 6686.120117187499      0.3954601D+02
 6686.203125000000      0.4015923D+02
 6688.920898437498      0.4005051D+02
 6694.356933593748      0.4004145D+02
 6744.356933593748      0.3995228D+02
 6780.540039062499      0.3989410D+02
 6780.556640624999      0.4001999D+02
 6783.204589843749      0.3999901D+02
 6788.500488281249      0.3998518D+02
 6838.500488281249      0.3989649D+02
 6888.500488281249      0.3981304D+02
 6938.500488281249      0.3973103D+02
 6970.339843749999      0.3968000D+02
 6970.373535156249      0.3992510D+02
 6973.093261718749      0.3988552D+02
 6978.533203124999      0.3987074D+02
 7028.533203124999      0.3978205D+02
 7078.533203124999      0.3969955D+02
 7128.533203124999      0.3961611D+02
 7178.533203124999      0.3953409D+02
 7228.533203124999      0.3944969D+02
 7278.533203124999      0.3936672D+02
 7328.533203124999      0.3928471D+02
 7353.870117187498      0.3924465D+02
 7353.886718749999      0.3936958D+02
 7356.544433593748      0.3934669D+02
 7361.860351562498      0.3933573D+02
 7411.860351562498      0.3924656D+02
 7461.860351562498      0.3916359D+02
 7511.860351562498      0.3908062D+02
 7546.640136718748      0.3902483D+02
 7546.939941406248      0.3722620D+02
 7548.910156249999      0.3712511D+02
 7552.850097656249      0.3713179D+02
 7602.850097656249      0.3703213D+02
 7634.759765624999      0.3697729D+02
 7634.810058593748      0.3735447D+02
 7637.444335937498      0.3728199D+02
 7642.713378906248      0.3726912D+02
 7692.713378906248      0.3716946D+02
 7742.713378906248      0.3708076D+02
 7792.713378906248      0.3698921D+02
 7813.560058593748      0.3695583D+02
 7814.143554687498      0.4050875D+02
 7816.086425781249      0.4049921D+02
 7819.974121093748      0.4040003D+02
 7869.974121093748      0.4033041D+02
 7919.974121093748      0.4024839D+02
 7969.974121093748      0.4017305D+02
 8019.974121093748      0.4009533D+02
 8028.740234374999      0.4008770D+02
 8029.206542968748      0.3729296D+02
 8031.178222656249      0.3715277D+02
 8035.122070312499      0.3716707D+02
 8085.122070312499      0.3706980D+02
 8135.122070312499      0.3698301D+02
 8185.122070312499      0.3689528D+02
 8213.799804687498      0.3684855D+02
 8213.916992187498      0.3771019D+02
 8216.624023437498      0.3755617D+02
 8222.041015624999      0.3754282D+02
 8272.041015624999      0.3745127D+02
 8309.679687500000      0.3739023D+02
 8309.730468749999      0.3776121D+02
 8312.425781249999      0.3769350D+02
 8317.816406249999      0.3768063D+02
 8367.816406249999      0.3759146D+02
 8407.080078124999      0.3752995D+02
 8407.113281249999      0.3729010D+02
 8409.892578124999      0.3732252D+02
 8415.452148437498      0.3730869D+02
 8465.452148437498      0.3721809D+02
 8515.452148437498      0.3713417D+02
 8565.452148437498      0.3704977D+02
 8615.452148437498      0.3696489D+02
 8665.452148437498      0.3688145D+02
 8696.230468749999      0.3683329D+02
 8696.346679687498      0.3768206D+02
 8699.093750000000      0.3753805D+02
 8704.588867187498      0.3752184D+02
 8754.588867187498      0.3743315D+02
 8804.588867187498      0.3735161D+02
 8854.588867187498      0.3727102D+02
 8896.290039062498      0.3720236D+02
 8896.356445312499      0.3768921D+02
 8899.095703124999      0.3760576D+02
 8904.572265624999      0.3759336D+02
 8954.572265624999      0.3750610D+02
 9004.572265624999      0.3742743D+02
 9054.572265624999      0.3734589D+02
 9100.769531249999      0.3727293D+02
 9100.836914062498      0.3775597D+02
 9103.588867187498      0.3767681D+02
 9109.092773437498      0.3766251D+02
 9159.092773437498      0.3757763D+02
 9209.092773437498      0.3749895D+02
 9259.092773437498      0.3742123D+02
 9309.092773437498      0.3734159D+02
 9309.879882812499      0.3734875D+02
 9309.962890624999      0.3793764D+02
 9312.777343749999      0.3784513D+02
 9318.406250000000      0.3783035D+02
 9368.406250000000      0.3774786D+02
 9418.406250000000      0.3767109D+02
 9468.406250000000      0.3759241D+02
 9518.406250000000      0.3751755D+02
 9525.059570312499      0.3751373D+02
 9525.193359374999      0.3844738D+02
 9528.041992187498      0.3830671D+02
 9533.740234374999      0.3829050D+02
 9583.740234374999      0.3821135D+02
 9633.740234374999      0.3813791D+02
 9683.740234374999      0.3806353D+02
 9733.740234374999      0.3798866D+02
 9750.740234374999      0.3797102D+02
 9750.773437500000      0.3820181D+02
 9753.644531249999      0.3816986D+02
 9759.385742187498      0.3815508D+02
 9809.385742187498      0.3807592D+02
 9859.385742187498      0.3800488D+02
 9909.385742187498      0.3793049D+02
 9959.385742187498      0.3785801D+02
 9979.200195312499      0.3783274D+02
 9979.316406249999      0.3864193D+02
 9982.200195312499      0.3852701D+02
 9987.966796874999      0.3851223D+02
 10037.96679687500      0.3843689D+02
 10087.96679687500      0.3836441D+02
 10137.96679687500      0.3829575D+02
 10187.96679687500      0.3822613D+02
 10217.98046875000      0.3818560D+02
 10218.03027343750      0.3853559D+02
 10220.88671875000      0.3848839D+02
 10226.60156250000      0.3847122D+02
 10276.60156250000      0.3839874D+02
 10326.60156250000      0.3833008D+02
 10376.60156250000      0.3826094D+02
 10426.60156250000      0.3819180D+02
 10461.48046875000      0.3814554D+02
 10461.61328125000      0.3905439D+02
 10464.54687500000      0.3893566D+02
 10470.41601562500      0.3891850D+02
 10520.41601562500      0.3884935D+02
 10570.41601562500      0.3878307D+02
 10589.99023437500      0.3876019D+02
 10590.05664062500      0.3921270D+02
 10592.98730468750      0.3915882D+02
 10598.84960937500      0.3914213D+02
 10648.84960937500      0.3907299D+02
 10698.84960937500      0.3900862D+02
 10748.84960937500      0.3894520D+02
 10798.84960937500      0.3888130D+02
 10848.84960937500      0.3881645D+02
 10854.34960937500      0.3881407D+02
 10854.43359375000      0.3937101D+02
 10857.42089843750      0.3930235D+02
 10863.39550781250      0.3928995D+02
 10913.39550781250      0.3922272D+02
 10963.39550781250      0.3916121D+02
 10991.42968750000      0.3912640D+02
 10991.53027343750      0.3979349D+02
 10994.52832031250      0.3971529D+02
 11000.52441406250      0.3970098D+02
 11050.52441406250      0.3963804D+02
 11100.52441406250      0.3957796D+02
 11150.52441406250      0.3951836D+02
 11200.52441406250      0.3945827D+02
 11250.52441406250      0.3940058D+02
 11278.33984375000      0.3936768D+02
 11278.42285156250      0.3991795D+02
 11281.45214843750      0.3985548D+02
 11287.50976562500      0.3984261D+02
 11337.50976562500      0.3978205D+02
 11387.50976562500      0.3972483D+02
 11437.50976562500      0.3966665D+02
 11487.50976562500      0.3960943D+02
 11537.50976562500      0.3955221D+02
 11576.82031250000      0.3950739D+02
 11576.88671875000      0.3994751D+02
 11579.91601562500      0.3990030D+02
 11585.97460937500      0.3988504D+02
 11635.97460937500      0.3982735D+02
 11685.97460937500      0.3977108D+02
 11731.03027343750      0.3972101D+02
 11731.78027343750      0.3535604D+02
 11733.80078125000      0.3522205D+02
 11737.84277343750      0.3523302D+02
 11787.84277343750      0.3515100D+02
 11837.84277343750      0.3507900D+02
 11843.19042968750      0.3507853D+02
 11843.50683593750      0.3321552D+02
 11845.50488281250      0.3313017D+02
 11849.50292968750      0.3313351D+02
 11899.50292968750      0.3304482D+02
 11949.50292968750      0.3296518D+02
 11999.50292968750      0.3288507D+02
 12044.33984375000      0.3281403D+02
 12044.37304687500      0.3258085D+02
 12047.23242187500      0.3261614D+02
 12052.95019531250      0.3260231D+02
 12102.95019531250      0.3251219D+02
 12152.95019531250      0.3243160D+02
 12202.95019531250      0.3235006D+02
 12243.32031250000      0.3228569D+02
 12293.32031250000      0.3220320D+02
 12343.32031250000      0.3212166D+02
 12393.32031250000      0.3203344D+02
 12442.30957031250      0.3195667D+02
 12442.36035156250      0.3160334D+02
 12445.16406250000      0.3166437D+02
 12450.77050781250      0.3164148D+02
 12500.77050781250      0.3154993D+02
 12550.77050781250      0.3146505D+02
 12600.77050781250      0.3138208D+02
 12650.77050781250      0.3129768D+02
 12700.77050781250      0.3121281D+02
 12736.04980468750      0.3115463D+02
 12736.06640625000      0.3104210D+02
 12739.02832031250      0.3105593D+02
 12744.95312500000      0.3104162D+02
 12794.95312500000      0.3094912D+02
 12844.95312500000      0.3086519D+02
 12894.95312500000      0.3077984D+02
 12930.83984375000      0.3072119D+02
 12980.83984375000      0.3063250D+02
 13030.83984375000      0.3054667D+02
 13080.83984375000      0.3046131D+02
 13125.63964843750      0.3038740D+02
 13125.72363281250      0.2978945D+02
 13128.51074218750      0.2990341D+02
 13134.08496093750      0.2986860D+02
 13184.08496093750      0.2976990D+02
 13220.54003906250      0.2970648D+02
 13220.55664062500      0.2983618D+02
 13223.12695312500      0.2981043D+02
 13228.26660156250      0.2979422D+02
 13278.26660156250      0.2969885D+02
 13328.26660156250      0.2961159D+02
 13378.26660156250      0.2952290D+02
 13411.32031250000      0.2946901D+02
 13461.32031250000      0.2937746D+02
 13511.32031250000      0.2928925D+02
 13561.32031250000      0.2920198D+02
 13602.09960937500      0.2912998D+02
 13602.16699218750      0.2865267D+02
 13604.95410156250      0.2874470D+02
 13610.53027343750      0.2871418D+02
 13660.53027343750      0.2861309D+02
 13710.53027343750      0.2852249D+02
 13760.53027343750      0.2843285D+02
 13810.53027343750      0.2834272D+02
 13860.53027343750      0.2825308D+02
 13910.53027343750      0.2816248D+02
 13960.53027343750      0.2807188D+02
 14010.53027343750      0.2798176D+02
 14060.53027343750      0.2789068D+02
 14069.41015625000      0.2788496D+02
 14119.41015625000      0.2778530D+02
 14162.87988281250      0.2770519D+02
 14162.91308593750      0.2795839D+02
 14165.52636718750      0.2791166D+02
 14170.75292968750      0.2788877D+02
 14220.75292968750      0.2779055D+02
 14270.75292968750      0.2770185D+02
 14320.75292968750      0.2761030D+02
 14351.70996093750      0.2755928D+02
 14351.72656250000      0.2768564D+02
 14354.35449218750      0.2765989D+02
 14359.61035156250      0.2764511D+02
 14409.61035156250      0.2754641D+02
 14459.61035156250      0.2745676D+02
 14509.61035156250      0.2736807D+02
 14541.50976562500      0.2731371D+02
 14541.55957031250      0.2695751D+02
 14544.35253906250      0.2702427D+02
 14549.93750000000      0.2699900D+02
 14599.93750000000      0.2689695D+02
 14649.93750000000      0.2680540D+02
 14699.93750000000      0.2671385D+02
 14749.93750000000      0.2662373D+02
 14799.93750000000      0.2653217D+02
 14821.90039062500      0.2649975D+02
 14822.13378906250      0.2517176D+02
 14824.19042968750      0.2502441D+02
 14828.30371093750      0.2504206D+02
 14878.30371093750      0.2493048D+02
 14928.30371093750      0.2482891D+02
 14978.30371093750      0.2472687D+02
 15028.30371093750      0.2462626D+02
 15078.30371093750      0.2452183D+02
 15083.76953125000      0.2451944D+02
 15083.78710937500      0.2464342D+02
 15086.47558593750      0.2461433D+02
 15091.85253906250      0.2459717D+02
 15141.85253906250      0.2448702D+02
 15191.85253906250      0.2438688D+02
 15241.85253906250      0.2428579D+02
 15291.85253906250      0.2418518D+02
 15341.85253906250      0.2408457D+02
 15346.87988281250      0.2408314D+02
 15396.87988281250      0.2397251D+02
 15434.58984375000      0.2389860D+02
 15434.94042968750      0.2594423D+02
 15436.94726562500      0.2590752D+02
 15440.96289062500      0.2577400D+02
 15490.96289062500      0.2570248D+02
 15540.96289062500      0.2560806D+02
 15590.96289062500      0.2551889D+02
 15629.37988281250      0.2545452D+02
 15679.37988281250      0.2536583D+02
 15729.37988281250      0.2527952D+02
 15779.37988281250      0.2519083D+02
 15824.17968750000      0.2511358D+02
 15824.64648437500      0.2785254D+02
 15826.64453125000      0.2783060D+02
 15830.64160156250      0.2769995D+02
 15880.64160156250      0.2764082D+02
 15930.64160156250      0.2755976D+02
 15980.64160156250      0.2748299D+02
 16030.64160156250      0.2740812D+02
 16052.63964843750      0.2737808D+02
 16052.69042968750      0.2702236D+02
 16055.48632812500      0.2708673D+02
 16061.07812500000      0.2706575D+02
 16111.07812500000      0.2698278D+02
 16161.07812500000      0.2690554D+02
 16211.07812500000      0.2683020D+02
 16261.07812500000      0.2675247D+02
 16276.95996093750      0.2673292D+02
 16277.69335937500      0.2234173D+02
 16279.65234375000      0.2231693D+02
 16283.56933593750      0.2230835D+02
 16333.56933593750      0.2220297D+02
 16365.50000000000      0.2214384D+02
 16365.70019531250      0.2104521D+02
 16367.82031250000      0.2086020D+02
 16372.06152343750      0.2089167D+02
 16422.06250000000      0.2076054D+02
 16472.06250000000      0.2065134D+02
 16522.06250000000      0.2053785D+02
 16572.06250000000      0.2042341D+02
 16622.06250000000      0.2030897D+02
 16672.06250000000      0.2019596D+02
 16700.43945312500      0.2013254D+02
 16700.45703125000      0.2026272D+02
 16702.90039062500      0.2022886D+02
 16707.78906250000      0.2021217D+02
 16757.78906250000      0.2009678D+02
 16807.78906250000      0.1998758D+02
 16857.78906250000      0.1987553D+02
 16868.67968750000      0.1985550D+02
 16918.67968750000      0.1973963D+02
 16968.67968750000      0.1963186D+02
 17018.67968750000      0.1952124D+02
 17036.91015625000      0.1948643D+02
 17037.02734375000      0.2037716D+02
 17039.64453125000      0.2013016D+02
 17044.88085937500      0.2012444D+02
 17094.88085937500      0.2000666D+02
 17144.88085937500      0.1990843D+02
 17194.88085937500      0.1979876D+02
 17244.88085937500      0.1969910D+02
 17294.88085937500      0.1960087D+02
 17344.88085937500      0.1950073D+02
 17384.42968750000      0.1942301D+02
 17434.42968750000      0.1932192D+02
 17484.42968750000      0.1921940D+02
 17534.42968750000      0.1912022D+02
 17558.19921875000      0.1907825D+02
 17558.21679687500      0.1920986D+02
 17560.73046875000      0.1917362D+02
 17565.75976562500      0.1915884D+02
 17615.75976562500      0.1904821D+02
 17665.75976562500      0.1895237D+02
 17715.75976562500      0.1885223D+02
 17732.77929687500      0.1882601D+02
 17733.34570312500      0.2204418D+02
 17735.40625000000      0.2209091D+02
 17739.52929687500      0.2191067D+02
 17789.52929687500      0.2186012D+02
 17839.52929687500      0.2177095D+02
 17889.52929687500      0.2168465D+02
 17939.52929687500      0.2160597D+02
 17940.71093750000      0.2161312D+02
 17940.72656250000      0.2173519D+02
 17943.45703125000      0.2170467D+02
 17948.91796875000      0.2169275D+02
 17998.91796875000      0.2160645D+02
 18048.91796875000      0.2152681D+02
 18098.91796875000      0.2144814D+02
 18148.91796875000      0.2136946D+02
 18198.91796875000      0.2129030D+02
 18248.91796875000      0.2121210D+02
 18254.35937500000      0.2121353D+02
 18254.39257812500      0.2145815D+02
 18257.10742187500      0.2140284D+02
 18262.53710937500      0.2138853D+02
 18312.53710937500      0.2130127D+02
 18362.53710937500      0.2122545D+02
 18412.53710937500      0.2114725D+02
 18462.53710937500      0.2107048D+02
 18465.84960937500      0.2107477D+02
 18515.84960937500      0.2098608D+02
 18565.84960937500      0.2090883D+02
 18615.84960937500      0.2083206D+02
 18665.84960937500      0.2075434D+02
 18677.34960937500      0.2074480D+02
 18677.48242187500      0.1975250D+02
 18679.06640625000      0.2001858D+02
 18682.23046875000      0.1994514D+02
 18732.23046875000      0.1986027D+02
 18778.47070312500      0.1978636D+02
 18778.48632812500      0.1992226D+02
 18780.93945312500      0.1988792D+02
 18785.84570312500      0.1987553D+02
 18835.84570312500      0.1978827D+02
 18885.84570312500      0.1970911D+02
 18935.84570312500      0.1962948D+02
 18985.84570312500      0.1955080D+02
 19035.84570312500      0.1947212D+02
 19083.50976562500      0.1939583D+02
 19083.59375000000      0.2002382D+02
 19086.24804687500      0.1986456D+02
 19091.55468750000      0.1986361D+02
 19141.55468750000      0.1977491D+02
 19191.55468750000      0.1970005D+02
 19241.55468750000      0.1962280D+02
 19291.55468750000      0.1954412D+02
 19292.60937500000      0.1955462D+02
 19292.66015625000      0.1992035D+02
 19295.38671875000      0.1982832D+02
 19300.84179687500      0.1982117D+02
 19350.84179687500      0.1973486D+02
 19400.84179687500      0.1966047D+02
 19450.84179687500      0.1958466D+02
 19500.84179687500      0.1950979D+02
 19505.32031250000      0.1951504D+02
 19505.36914062500      0.1987743D+02
 19508.11914062500      0.1978445D+02
 19513.61523437500      0.1978016D+02
 19563.61523437500      0.1969576D+02
 19613.61523437500      0.1962233D+02
 19663.61523437500      0.1954746D+02
 19713.61523437500      0.1947403D+02
 19721.75976562500      0.1947117D+02
 19771.75976562500      0.1938629D+02
 19821.75976562500      0.1931143D+02
 19871.75976562500      0.1923895D+02
 19921.75976562500      0.1916504D+02
 19971.75976562500      0.1909018D+02
 20021.75976562500      0.1901722D+02
 20046.41992187500      0.1898527D+02
 20046.47070312500      0.1862717D+02
 20049.24414062500      0.1871586D+02
 20054.79101562500      0.1868773D+02
 20104.79101562500      0.1860142D+02
 20154.79101562500      0.1852655D+02
 20204.79101562500      0.1845264D+02
 20254.79101562500      0.1837778D+02
 20259.13085937500      0.1838303D+02
 20259.16406250000      0.1862383D+02
 20261.93164062500      0.1856041D+02
 20267.46875000000      0.1855469D+02
 20317.46875000000      0.1846886D+02
 20366.72070312500      0.1839876D+02
 20367.00390625000      0.1999044D+02
 20369.07421875000      0.2002907D+02
 20373.21875000000      0.1995659D+02
 20423.21875000000      0.1989317D+02
 20473.21875000000      0.1982212D+02
 20486.10937500000      0.1981306D+02
 20486.71093750000      0.1635361D+02
 20488.73242187500      0.1634932D+02
 20492.77539062500      0.1634073D+02
 20542.77539062500      0.1624823D+02
 20583.00000000000      0.1618767D+02
 20583.43359375000      0.1856327D+02
 20585.55664062500      0.1866627D+02
 20589.80468750000      0.1854420D+02
 20639.80468750000      0.1848936D+02
 20689.80468750000      0.1841497D+02
 20739.80468750000      0.1834393D+02
 20789.80468750000      0.1827383D+02
 20807.31054687500      0.1825571D+02
 20807.41015625000      0.1898766D+02
 20810.14257812500      0.1880169D+02
 20815.60742187500      0.1881313D+02
 20865.60742187500      0.1873255D+02
 20915.60742187500      0.1866722D+02
 20965.60742187500      0.1859665D+02
 21015.60742187500      0.1852942D+02
 21040.08007812500      0.1850128D+02
 21040.11328125000      0.1874495D+02
 21042.82226562500      0.1868296D+02
 21048.24218750000      0.1868057D+02
 21098.24218750000      0.1860523D+02
 21148.24218750000      0.1853895D+02
 21198.24218750000      0.1847124D+02
 21248.24218750000      0.1840401D+02
 21275.82031250000      0.1837301D+02
 21275.93750000000      0.1921654D+02
 21278.69921875000      0.1901340D+02
 21284.22460937500      0.1902676D+02
 21334.22460937500      0.1895094D+02
 21384.22460937500      0.1888704D+02
 21434.22460937500      0.1882267D+02
 21484.22460937500      0.1875782D+02
 21522.56054687500      0.1871157D+02
 21522.66015625000      0.1943445D+02
 21525.42187500000      0.1926661D+02
 21530.94335937500      0.1927614D+02
 21580.94335937500      0.1920223D+02
 21630.94335937500      0.1914215D+02
 21680.94335937500      0.1908016D+02
 21730.94335937500      0.1901770D+02
 21779.58984375000      0.1895714D+02
 21779.64062500000      0.1932383D+02
 21782.36718750000      0.1923943D+02
 21787.82031250000      0.1923847D+02
 21837.82031250000      0.1916933D+02
 21887.82031250000      0.1911116D+02
 21937.82031250000      0.1904821D+02
 21987.82031250000      0.1898909D+02
 22037.82031250000      0.1892757D+02
 22042.08007812500      0.1893091D+02
 22042.17968750000      0.1963520D+02
 22045.00976562500      0.1948261D+02
 22050.66992187500      0.1948881D+02
 22100.66992187500      0.1942158D+02
 22150.66992187500      0.1936388D+02
 22179.16015625000      0.1933384D+02
 22179.25976562500      0.2004004D+02
 22182.08398437500      0.1989269D+02
 22187.73242187500      0.1989889D+02
 22237.73242187500      0.1983404D+02
 22287.73242187500      0.1977873D+02
 22337.73242187500      0.1972246D+02
 22387.73242187500      0.1966619D+02
 22437.73242187500      0.1960897D+02
 22487.73242187500      0.1955271D+02
 22537.73242187500      0.1949549D+02
 22587.73242187500      0.1943827D+02
 22609.51953125000      0.1941633D+02
 22609.63671875000      0.2023125D+02
 22612.49218750000      0.2007151D+02
 22618.20703125000      0.2007723D+02
 22668.20703125000      0.2001333D+02
 22718.20703125000      0.1995993D+02
 22768.20703125000      0.1990557D+02
 22818.20703125000      0.1984930D+02
 22868.20703125000      0.1979542D+02
 22912.89062500000      0.1974583D+02
 22913.03906250000      0.2060699D+02
 22914.80273437500      0.2062607D+02
 22918.32812500000      0.2060223D+02
 22968.32812500000      0.2054787D+02
 23018.32812500000      0.2049589D+02
 23068.32812500000      0.2044487D+02
 23118.32812500000      0.2039385D+02
 23168.32812500000      0.2034092D+02
 23218.32812500000      0.2028942D+02
 23240.42968750000      0.2027130D+02
 23240.51367187500      0.2084446D+02
 23243.41796875000      0.2074480D+02
 23249.22851562500      0.2074337D+02
 23299.22851562500      0.2068853D+02
 23349.22851562500      0.2063322D+02
 23399.22851562500      0.2058268D+02
 23449.22851562500      0.2053499D+02
 23499.22851562500      0.2048540D+02
 23549.22851562500      0.2043676D+02
 23583.11914062500      0.2040434D+02
 23583.25390625000      0.2131605D+02
 23586.17773437500      0.2116919D+02
 23592.02734375000      0.2117205D+02
 23642.02734375000      0.2112055D+02
 23692.02734375000      0.2107525D+02
 23742.02734375000      0.2102804D+02
 23792.02734375000      0.2098179D+02
 23842.02734375000      0.2093554D+02
 23892.02734375000      0.2088928D+02
 23942.02734375000      0.2084255D+02
 23953.24023437500      0.2083731D+02
 23953.33984375000      0.2151299D+02
 23956.29687500000      0.2141094D+02
 23962.21289062500      0.2140903D+02
 24012.21289062500      0.2136135D+02
 24062.21289062500      0.2131891D+02
 24112.21289062500      0.2127361D+02
 24150.10937500000      0.2124119D+02
 24150.17578125000      0.2169466D+02
 24153.11718750000      0.2162790D+02
 24158.99804687500      0.2162552D+02
 24208.99804687500      0.2158022D+02
 24258.99804687500      0.2153826D+02
 24308.99804687500      0.2149582D+02
 24358.99804687500      0.2145290D+02
 24408.99804687500      0.2141094D+02
 24458.99804687500      0.2136993D+02
 24508.99804687500      0.2132702D+02
 24558.99804687500      0.2128410D+02
 24561.33984375000      0.2128744D+02
 24561.49023437500      0.2228689D+02
 24563.24609375000      0.2215719D+02
 24566.75976562500      0.2215958D+02
 24616.75976562500      0.2211761D+02
 24666.75976562500      0.2207994D+02
 24716.75976562500      0.2204037D+02
 24766.75976562500      0.2200222D+02
 24816.75976562500      0.2196360D+02
 24866.75976562500      0.2192497D+02
 24916.75976562500      0.2188683D+02
 24966.75976562500      0.2184916D+02
 25016.75976562500      0.2181005D+02
 25018.26953125000      0.2181244D+02
 25019.76953125000      0.1326561D+02
 25021.80468750000      0.1329660D+02
 25025.87304687500      0.1327801D+02
 25075.87304687500      0.1319790D+02
 25125.87304687500      0.1313162D+02
 25175.87304687500      0.1306200D+02
 25225.87304687500      0.1299477D+02
 25275.87304687500      0.1292658D+02
 25325.87304687500      0.1285696D+02
 25342.92968750000      0.1284456D+02
 25392.92968750000      0.1276255D+02
 25442.92968750000      0.1269722D+02
 25492.92968750000      0.1262760D+02
 25542.92968750000      0.1255941D+02
 25559.36914062500      0.1254606D+02
 25559.38671875000      0.1243067D+02
 25562.21679687500      0.1245928D+02
 25567.87695312500      0.1244354D+02
 25617.87695312500      0.1236153D+02
 25667.87695312500      0.1229477D+02
 25717.87695312500      0.1222420D+02
 25767.87695312500      0.1215744D+02
 25817.87695312500      0.1208782D+02
 25867.87695312500      0.1201773D+02
 25882.14062500000      0.1201105D+02
 25882.15625000000      0.1189232D+02
 25884.94140625000      0.1192331D+02
 25890.51171875000      0.1190805D+02
 25940.51171875000      0.1182461D+02
 25990.51171875000      0.1175785D+02
 26040.51171875000      0.1168633D+02
 26090.51171875000      0.1161814D+02
 26140.51171875000      0.1154900D+02
 26190.51171875000      0.1147890D+02
 26203.05078125000      0.1147461D+02
 26203.25000000000      0.1247025D+02
 26205.56250000000      0.1256609D+02
 26210.18945312500      0.1251173D+02
 26260.18945312500      0.1243973D+02
 26310.18945312500      0.1237440D+02
 26360.18945312500      0.1230860D+02
 26410.18945312500      0.1224279D+02
 26432.93945312500      0.1222229D+02
 26433.27343750000      0.1068687D+02
 26435.72460937500      0.1034737D+02
 26440.62695312500      0.1046419D+02
 26490.62695312500      0.1033401D+02
 26540.62695312500      0.1027489D+02
 26590.62695312500      0.1020098D+02
 26640.62695312500      0.1012897D+02
 26690.62695312500      0.1005650D+02
 26739.66015625000      0.9987354D+01
 26739.69335937500      0.1024675D+02
 26742.25781250000      0.1015234D+02
 26747.38867187500      0.1016617D+02
 26797.38867187500      0.1007414D+02
 26847.38867187500      0.1000690D+02
 26897.38867187500      0.9934902D+01
 26947.38867187500      0.9863853D+01
 26997.38867187500      0.9793282D+01
 27047.38867187500      0.9723663D+01
 27049.81054687500      0.9737492D+01
 27099.81054687500      0.9644985D+01
 27149.81054687500      0.9576321D+01
 27153.18945312500      0.9588242D+01
 27153.42382812500      0.1069975D+02
 27155.81445312500      0.1084614D+02
 27160.59570312500      0.1076555D+02
 27210.59570312500      0.1070261D+02
 27260.59570312500      0.1063538D+02
 27310.59570312500      0.1056814D+02
 27360.59570312500      0.1050329D+02
 27377.50000000000      0.1049042D+02
 27427.50000000000      0.1041126D+02
 27477.50000000000      0.1034737D+02
 27527.50000000000      0.1028061D+02
 27577.50000000000      0.1021338D+02
 27601.81054687500      0.1018953D+02
 27601.84375000000      0.9963989D+01
 27604.76171875000      0.1003456D+02
 27610.59960937500      0.1000452D+02
 27660.59960937500      0.9925842D+01
 27710.59960937500      0.9862900D+01
 27760.59960937500      0.9795189D+01
 27810.59960937500      0.9728432D+01
 27823.43945312500      0.9723186D+01
 27823.62304687500      0.1060343D+02
 27826.86914062500      0.1071072D+02
 27835.12890625000      0.1065016D+02
 27885.12890625000      0.1058197D+02
 27935.12890625000      0.1051855D+02
 27985.12890625000      0.1045609D+02
 28035.12890625000      0.1039314D+02
 28060.68945312500      0.1036739D+02
 28060.77343750000      0.9788513D+01
 28063.64062500000      0.9985447D+01
 28069.37500000000      0.9911537D+01
 28119.37500000000      0.9848595D+01
 28169.37500000000      0.9783745D+01
 28219.37500000000      0.9719372D+01
 28269.37500000000      0.9655476D+01
 28290.57031250000      0.9638309D+01
 28290.58593750000      0.9524345D+01
 28293.48632812500      0.9554863D+01
 28299.28906250000      0.9540081D+01
 28349.28906250000      0.9460449D+01
 28399.28906250000      0.9399891D+01
 28449.28906250000      0.9334564D+01
 28499.28906250000      0.9271145D+01
 28519.03906250000      0.9254456D+01
 28519.07421875000      0.9490967D+01
 28521.89257812500      0.9409904D+01
 28527.52929687500      0.9419441D+01
 28577.52929687500      0.9338856D+01
 28627.52929687500      0.9272099D+01
 28677.52929687500      0.9208679D+01
 28727.52929687500      0.9145737D+01
 28750.34960937500      0.9124756D+01
 28750.44921875000      0.9820938D+01
 28753.31640625000      0.9593010D+01
 28759.05078125000      0.9640694D+01
 28809.05078125000      0.9554863D+01
 28859.05078124999      0.9496689D+01
 28909.05078124999      0.9431839D+01
 28959.05078124999      0.9370804D+01
 28990.68945312499      0.9338379D+01
 28990.80664062499      0.8531094D+01
 28993.69726562499      0.8819580D+01
 28999.47656250000      0.8710384D+01
 29049.47656250000      0.8661270D+01
 29099.47656250000      0.8592606D+01
 29149.47656250000      0.8528233D+01
 29199.47656250000      0.8466244D+01
 29220.57031250000      0.8449078D+01
 29220.58593750000      0.8569717D+01
 29223.34960937499      0.8528233D+01
 29228.87500000000      0.8525848D+01
 29278.87500000000      0.8446693D+01
 29328.87500000000      0.8385658D+01
 29378.87500000000      0.8322239D+01
 29428.87500000000      0.8258343D+01
 29451.89062500000      0.8239746D+01
 29452.95703124999      0.1396132D+02
 29455.09960937499      0.1393747D+02
 29459.38281250000      0.1388788D+02
 29509.38281250000      0.1384687D+02
 29559.38281250000      0.1380205D+02
 29609.38281250000      0.1375866D+02
 29644.66015624999      0.1373005D+02
 29645.09375000000      0.1153374D+02
 29647.33984374999      0.1132298D+02
 29651.83203124999      0.1137018D+02
 29701.83203124999      0.1130104D+02
 29751.83203124999      0.1125336D+02
 29801.83203124999      0.1120138D+02
 29851.83203124999      0.1115084D+02
 29901.83203124999      0.1109934D+02
 29951.83203124999      0.1104736D+02
 30001.83203124999      0.1099682D+02
 30051.83203124999      0.1094580D+02
 30099.71093750000      0.1089573D+02
 30100.24414062499      0.8136272D+01
 30102.45703124999      0.8145809D+01
 30106.88281250000      0.8135319D+01
 30156.88281250000      0.8064270D+01
 30206.88281250000      0.8005619D+01
 30219.88085937499      0.8002758D+01
 30221.16406250000      0.1494217D+02
 30223.28710937499      0.1492500D+02
 30227.53515624999      0.1488447D+02
 30277.53515624999      0.1485109D+02
 30327.53515624999      0.1481533D+02
 30377.53515624999      0.1478004D+02
 30427.53515624999      0.1474380D+02
 30460.21093750000      0.1472330D+02
 30461.69335937499      0.6830692D+01
 30463.84765624999      0.6879330D+01
 30468.15820312499      0.6853104D+01
 30518.15820312499      0.6781578D+01
 30568.15820312499      0.6724358D+01
 30571.68945312499      0.6737709D+01
 30571.72265624999      0.6963253D+01
 30574.64843750000      0.6870747D+01
 30580.49804687499      0.6891727D+01
 30630.49804687499      0.6809235D+01
 30680.49804687499      0.6755352D+01
 30730.49804687499      0.6694317D+01
 30780.49804687499      0.6634235D+01
 30797.36914062499      0.6627083D+01
 30797.40429687499      0.6855965D+01
 30800.27343750000      0.6763458D+01
 30806.01562500000      0.6783962D+01
 30856.01562500000      0.6701469D+01
 30906.01562500000      0.6648064D+01
 30956.01562500000      0.6587029D+01
 31006.01562500000      0.6529331D+01
 31025.83984374999      0.6515503D+01
 31026.12304687499      0.7764339D+01
 31028.62304687499      0.7992744D+01
 31033.62500000000      0.7894516D+01
 31083.62500000000      0.7853508D+01
 31133.62500000000      0.7795811D+01
 31153.46093750000      0.7783413D+01
 31153.67578124999      0.6892681D+01
 31156.30273437499      0.6635666D+01
 31161.55664062499      0.6732941D+01
 31211.55664062499      0.6623268D+01
 31261.55664062499      0.6578922D+01
 31270.58007812499      0.6578922D+01
 31270.77929687499      0.7443905D+01
 31274.02539062499      0.7616520D+01
 31282.92187500000      0.7535458D+01
 31332.92187500000      0.7489681D+01
 31382.92187500000      0.7431984D+01
 31432.92187500000      0.7379532D+01
 31482.92187500000      0.7324219D+01
 31524.08984374999      0.7282257D+01
 31524.42382812499      0.5671978D+01
 31526.77343750000      0.5674362D+01
 31531.47460937499      0.5667210D+01
 31581.47460937499      0.5589008D+01
 31631.47460937499      0.5535603D+01
 31635.57031250000      0.5550385D+01
 31635.58593750000      0.5659103D+01
 31638.58593750000      0.5612373D+01
 31644.58789062499      0.5614281D+01
 31694.58789062499      0.5535126D+01
 31744.58789062499      0.5483150D+01
 31794.58789062499      0.5422592D+01
 31844.58789062499      0.5365849D+01
 31859.88085937499      0.5362034D+01
 31859.89648437499      0.5476952D+01
 31862.75000000000      0.5428791D+01
 31868.45703124999      0.5432129D+01
 31918.45703124999      0.5353451D+01
 31968.45703124999      0.5299568D+01
 31972.71093750000      0.5313873D+01
 31972.72656250000      0.5422115D+01
 31975.76562500000      0.5375862D+01
 31981.84375000000      0.5378723D+01
 32031.84375000000      0.5300045D+01
 32081.84375000000      0.5246162D+01
 32131.84375000000      0.5188465D+01
 32181.84375000000      0.5129337D+01
 32199.77929687499      0.5123138D+01
 32199.81250000000      0.5352497D+01
 32202.71484374999      0.5252361D+01
 32208.51562500000      0.5279541D+01
 32258.51562500000      0.5194187D+01
 32308.51562500000      0.5143642D+01
 32314.72070312499      0.5152702D+01
 32364.72070312499      0.5071640D+01
 32414.72070312499      0.5022526D+01
 32429.66015624999      0.5017757D+01
 32429.67578124999      0.5132198D+01
 32432.56445312499      0.5083561D+01
 32438.34179687499      0.5086899D+01
 32488.34179687499      0.5009174D+01
 32538.34179687499      0.4958630D+01
 32588.34179687499      0.4899502D+01
 32638.34179687499      0.4843235D+01
 32660.98046874999      0.4828930D+01
 32661.06250000000      0.4267693D+01
 32664.02343750000      0.4525185D+01
 32669.94140624999      0.4402637D+01
 32719.94140624999      0.4370689D+01
 32769.94140624999      0.4303455D+01
 32773.14062500000      0.4324436D+01
 32773.19140624999      0.4652977D+01
 32776.22656250000      0.4501820D+01
 32782.29296874999      0.4556179D+01
 32832.29296874999      0.4456520D+01
 32882.29296874999      0.4411697D+01
 32932.29296874999      0.4351139D+01
 32982.29296874999      0.4293919D+01
 33032.29296874999      0.4238129D+01
 33082.29296874999      0.4180431D+01
 33115.82812500000      0.4149437D+01
 33115.86328124999      0.4384041D+01
 33118.68750000000      0.4277229D+01
 33124.33593750000      0.4312038D+01
 33174.33593750000      0.4223824D+01
 33224.33593750000      0.4176140D+01
 33274.33593750000      0.4116058D+01
 33324.33593750000      0.4060268D+01
 33347.14843750000      0.4046917D+01
 33347.16796874999      0.4163265D+01
 33349.99609374999      0.4113197D+01
 33355.65625000000      0.4119873D+01
 33405.65625000000      0.4039288D+01
 33455.65625000000      0.3989697D+01
 33463.53906250000      0.3997803D+01
 33463.57421874999      0.3775597D+01
 33466.56250000000      0.3871918D+01
 33472.53515624999      0.3826618D+01
 33522.53515624999      0.3759861D+01
 33572.53515624999      0.3702164D+01
 33578.48046874999      0.3716469D+01
 33578.59765624999      0.4475117D+01
 33581.65625000000      0.4142761D+01
 33587.77734374999      0.4275322D+01
 33637.77734374999      0.4142284D+01
 33687.77734374999      0.4116058D+01
 33737.77734374999      0.4053593D+01
 33787.77734374999      0.3999710D+01
 33818.82031250000      0.3973484D+01
 33818.90234374999      0.4530907D+01
 33821.88281250000      0.4296303D+01
 33827.84375000000      0.4380703D+01
 33877.84375000000      0.4277229D+01
 33927.84375000000      0.4236221D+01
 33977.84375000000      0.4179478D+01
 34027.84375000000      0.4126549D+01
 34067.21093750000      0.4090786D+01
 34067.41015624999      0.4906178D+01
 34070.65625000000      0.5086422D+01
 34079.95703124999      0.5004883D+01
 34129.95703124999      0.4963398D+01
 34179.95703124999      0.4909515D+01
 34202.28906250000      0.4897594D+01
 34202.52343750000      0.5902290D+01
 34205.03906250000      0.6067276D+01
 34210.07031250000      0.6002426D+01
 34260.07031250000      0.5960941D+01
 34310.07031250000      0.5912304D+01
 34352.75000000000      0.5876064D+01
 34352.93359374999      0.6709099D+01
 34356.17968750000      0.6812096D+01
 34364.65234374999      0.6771564D+01
 34414.65234374999      0.6724358D+01
 34464.65234374999      0.6680489D+01
 34514.65234374999      0.6637096D+01
 34517.96875000000      0.6643772D+01
 34518.17187500000      0.5788326D+01
 34521.41406250000      0.5626202D+01
 34530.32812500000      0.5667686D+01
 34580.32812500000      0.5599499D+01
 34630.32812500000      0.5557060D+01
 34667.21093750000      0.5525112D+01
 34667.24218750000      0.5320072D+01
 34670.44140624999      0.5388737D+01
 34676.83984374999      0.5360126D+01
 34726.83984374999      0.5306721D+01
 34776.83984374999      0.5260944D+01
 34814.08984374999      0.5228519D+01
 34814.10546874999      0.5130768D+01
 34817.35156250000      0.5161285D+01
 34824.04296874999      0.5146027D+01
 34874.04296874999      0.5087376D+01
 34924.04296874999      0.5043507D+01
 34959.80078124999      0.5013466D+01
 35009.80078124999      0.4959583D+01
 35059.80078124999      0.4914761D+01
 35109.80078124999      0.4866123D+01
 35159.80078124999      0.4820347D+01
 35209.80078124999      0.4772186D+01
 35251.23046874999      0.4735947D+01
 35251.37890624999      0.5702972D+01
 35253.16406250000      0.5377769D+01
 35256.73046874999      0.5479336D+01
 35306.73046874999      0.5391598D+01
 35356.73046874999      0.5358219D+01
 35406.73046874999      0.5310059D+01
 35408.05078124999      0.5321980D+01
 35408.10156250000      0.5636692D+01
 35411.25781250000      0.5530834D+01
 35417.57421874999      0.5555153D+01
 35467.57421874999      0.5493641D+01
 35517.57421874999      0.5454540D+01
 35567.57421874999      0.5409241D+01
 35568.96875000000      0.5421638D+01
 35569.20312500000      0.4479885D+01
 35571.84375000000      0.4261494D+01
 35577.12500000000      0.4338264D+01
 35627.12500000000      0.4250526D+01
 35677.12500000000      0.4214287D+01
 35712.42968750000      0.4182816D+01
 35712.44531250000      0.4299641D+01
 35715.24218750000      0.4257202D+01
 35720.83593750000      0.4260540D+01
 35770.83593750000      0.4198074D+01
 35820.83593750000      0.4156590D+01
 35870.83593750000      0.4108429D+01
 35920.83593750000      0.4062176D+01
 35970.83593750000      0.4014969D+01
 36001.57812500000      0.3993988D+01
 36051.57812500000      0.3939629D+01
 36101.57812500000      0.3894329D+01
 36146.14843750000      0.3854752D+01
 36146.39843750000      0.4920006D+01
 36148.93750000000      0.5080700D+01
 36154.01171874999      0.5022526D+01
 36204.01171874999      0.4984379D+01
 36254.01171874999      0.4939556D+01
 36304.01171874999      0.4897594D+01
 36354.01171874999      0.4855633D+01
 36404.01171874999      0.4813194D+01
 36454.01171874999      0.4770756D+01
 36473.69140624999      0.4761219D+01
 36473.75781250000      0.4342079D+01
 36476.90625000000      0.4488945D+01
 36483.20312500000      0.4435062D+01
 36533.20312500000      0.4391193D+01
 36583.20312500000      0.4348278D+01
 36631.85937500000      0.4307270D+01
 36632.01171874999      0.3367424D+01
 36633.83203124999      0.3733635D+01
 36637.48046874999      0.3591061D+01
 36687.48046874999      0.3578663D+01
 36737.48046874999      0.3526688D+01
 36787.48046874999      0.3483772D+01
 36837.48046874999      0.3437996D+01
 36887.48046874999      0.3393650D+01
 36925.58984374999      0.3362179D+01
 36925.70703124999      0.4095554D+01
 36928.84765624999      0.3831387D+01
 36935.13671874999      0.3916264D+01
 36985.13671874999      0.3834248D+01
 37035.13671874999      0.3799438D+01
 37081.10937500000      0.3758430D+01
 37081.14453124999      0.3566742D+01
 37084.39062500000      0.3633499D+01
 37091.12500000000      0.3605366D+01
 37141.12500000000      0.3554821D+01
 37191.12500000000      0.3511906D+01
 37234.03906250000      0.3476620D+01
 37234.07421874999      0.3695488D+01
 37237.06250000000      0.3614902D+01
 37243.03515624999      0.3633499D+01
 37293.03515624999      0.3573418D+01
 37343.03515624999      0.3533363D+01
 37389.55078124999      0.3493786D+01
 37389.71484374999      0.2878189D+01
 37392.96093750000      0.2708435D+01
 37402.97656250000      0.2763748D+01
 37452.97656250000      0.2682686D+01
 37502.97656250000      0.2647877D+01
 37552.97656250000      0.2599239D+01
 37602.97656250000      0.2555370D+01
 37652.97656250000      0.2510071D+01
 37676.46093750000      0.2499104D+01
 37676.55859374999      0.3114223D+01
 37679.75000000000      0.2878189D+01
 37686.13671874999      0.2958775D+01
 37736.13671874999      0.2874374D+01
 37786.13671874999      0.2841473D+01
 37826.92187500000      0.2805710D+01
 37827.00390624999      0.2303600D+01
 37830.25000000000      0.2506733D+01
 37836.73828124999      0.2419949D+01
 37886.73828124999      0.2389431D+01
 37936.73828124999      0.2341747D+01
 37971.48828124999      0.2316952D+01
 37971.52343750000      0.2123833D+01
 37974.76953124999      0.2198696D+01
 37981.50781250000      0.2165318D+01
 38031.50781250000      0.2112389D+01
 38081.50781250000      0.2069473D+01
 38113.85156250000      0.2046108D+01
 38113.88281250000      0.2258778D+01
 38116.98437500000      0.2171516D+01
 38123.18359374999      0.2195358D+01
 38173.18359374999      0.2127647D+01
 38223.18359374999      0.2089500D+01
 38258.42187500000      0.2061367D+01
 38258.53515624999      0.1357555D+01
 38261.78125000000      0.1666546D+01
 38268.28125000000      0.1526356D+01
 38318.28125000000      0.1522064D+01
 38368.28125000000      0.1461983D+01
 38395.50000000000      0.1449108D+01
 38445.50000000000      0.1391888D+01
 38495.50000000000      0.1350403D+01
 38532.57812500000      0.1318455D+01
 38582.57812500000      0.1262665D+01
 38632.57812500000      0.1220226D+01
 38669.66015624999      0.1190662D+01
 38669.67578124999      0.1105785D+01
 38672.92187500000      0.1134872D+01
 38680.35937500000      0.1116276D+01
 38730.35937500000      0.1059055D+01
 38780.35937500000      0.1016140D+01
 38805.73046874999      0.1002789D+01
 38805.74609374999      0.1109123D+01
 38808.77343750000      0.1063347D+01
 38814.82421874999      0.1070499D+01
 38864.82421874999      0.1005173D+01
 38914.82421874999      0.9641647D+00
 38942.80859374999      0.9465218D+00
 38992.80859374999      0.8897781D+00
 39042.80859374999      0.8478165D+00
 39079.89062500000      0.8182526D+00
 39129.89062500000      0.7672310D+00
 39179.89062500000      0.7238388D+00
 39229.89062500000      0.6780624D+00
 39279.89062500000      0.6318092D+00
 39329.89062500000      0.5874634D+00
 39354.05078124999      0.5755424D+00
 39354.16796874999      0.1266956D+01
 39357.41406250000      0.9746552D+00
 39364.00000000000      0.1090050D+01
 39414.00000000000      0.9875298D+00
 39464.00000000000      0.9598732D+00
 39498.62890624999      0.9288788D+00
 39498.67968750000      0.6461143D+00
 39501.92578124999      0.7677078D+00
 39508.78906250000      0.7119179D+00
 39558.78906250000      0.6670952D+00
 39608.78906250000      0.6227493D+00
 39658.78906250000      0.5798340D+00
 39708.78906250000      0.5350113D+00
 39758.78906250000      0.4920959D+00
 39781.14843750000      0.4816055D+00
 39781.18359374999      0.2927780D+00
 39784.42968750000      0.3719330D+00
 39791.21484374999      0.3333092D+00
 39841.21484374999      0.2822876D+00
 39891.21484374999      0.2403259D+00
 39920.30078124999      0.2222061D+00
 39920.35156250000      0.0000000D+00
 39923.59375000000      0.3910065D-01
 39930.43750000000      0.1716614D-01
 39980.43750000000      0.0000000D+00
 40030.43750000000      0.0000000D+00
 40056.37109374999      0.0000000D+00
 40056.43750000000      0.2560616D+00
 40059.68359374999      0.1368523D+00
 40066.31640624999      0.1788139D+00
 40116.31640624999      0.1029968D+00
 40166.31640624999      0.6866455D-01
 40196.57031250000      0.4577637D-01
 40196.58593750000      0.1544952D+00
 40199.58593750000      0.1082420D+00
 40205.58593750000      0.1144409D+00
 40255.58593750000      0.5149841D-01
 40305.58593750000      0.1478195D-01
 40337.82812500000      0.0000000D+00
 40337.91406250000      0.0000000D+00
 40341.16015624999      0.0000000D+00
 40347.95312500000      0.0000000D+00
 40397.95312500000      0.0000000D+00
 40447.95312500000      0.0000000D+00
 40473.89843750000      0.0000000D+00
 40473.96484374999      0.0000000D+00
 40477.21093750000      0.0000000D+00
 40483.86328124999      0.0000000D+00
 40533.86328124999      0.0000000D+00
 40583.86328124999      0.0000000D+00
 40614.10156250000      0.0000000D+00
 40614.16796874999      0.0000000D+00
 40617.41406250000      0.0000000D+00
 40624.28906250000      0.0000000D+00
 40674.28906250000      0.0000000D+00
 40724.28906250000      0.0000000D+00
 40774.28906250000      0.0000000D+00
 40824.28906250000      0.0000000D+00
 40874.28906250000      0.0000000D+00
 40886.23828124999      0.0000000D+00
 40936.23828124999      0.0000000D+00
 40986.23828124999      0.0000000D+00
 41022.30859374999      0.0000000D+00
 41022.32812500000      0.0000000D+00
 41025.57031250000      0.0000000D+00
 41032.57421874999      0.0000000D+00
 41082.57421874999      0.0000000D+00
 41132.57421874999      0.0000000D+00
 41157.39062500000      0.0000000D+00
 41157.42187500000      0.0000000D+00
 41160.66796874999      0.0000000D+00
 41167.32812500000      0.0000000D+00
 41217.32812500000      0.0000000D+00
 41267.32812500000      0.0000000D+00
 41294.46875000000      0.0000000D+00
 41294.76953124999      0.2355576D+00
 41297.66796874999      0.1411438D+00
 41303.46875000000      0.1692772D+00
 41353.46875000000      0.1068115D+00
 41403.46875000000      0.7343292D-01
 41452.62890624999      0.3004074D-01
 41453.14843750000      0.0000000D+00
 41455.14843750000      0.0000000D+00
 41459.15625000000      0.0000000D+00
 41509.15625000000      0.0000000D+00
 41559.15625000000      0.0000000D+00
 41577.67187500000      0.0000000D+00
 41577.68750000000      0.0000000D+00
 41580.75390624999      0.0000000D+00
 41586.88281250000      0.0000000D+00
 41636.88281250000      0.0000000D+00
 41686.88281250000      0.0000000D+00
 41736.88281250000      0.0000000D+00
 41786.88281250000      0.0000000D+00
 41829.44921874999      0.0000000D+00
 41829.48437500000      0.0000000D+00
 41832.65234374999      0.0000000D+00
 41838.99609374999      0.0000000D+00
 41888.99609374999      0.0000000D+00
 41938.99609374999      0.0000000D+00
 41957.07031250000      0.0000000D+00
 41957.13671874999      0.0000000D+00
 41960.38281250000      0.0000000D+00
 41967.14843750000      0.0000000D+00
 42017.14843750000      0.0000000D+00
 42067.14843750000      0.0000000D+00
 42088.32031250000      0.0000000D+00
 42088.48828124999      0.0000000D+00
 42090.46484374999      0.0000000D+00
 42094.42578124999      0.0000000D+00
 42144.42578124999      0.0000000D+00
 42194.42578124999      0.0000000D+00
 42244.42578124999      0.0000000D+00
 42294.42578124999      0.0000000D+00
 42333.42968750000      0.0000000D+00
 42333.44531250000      0.0000000D+00
 42336.50000000000      0.0000000D+00
 42342.60546874999      0.0000000D+00
 42392.60546874999      0.0000000D+00
 42442.60546874999      0.0000000D+00
 42492.60546874999      0.0000000D+00
 42542.60546874999      0.0000000D+00
 42580.17187500000      0.0000000D+00
 42580.30468750000      0.0000000D+00
 42583.55078124999      0.0000000D+00
 42590.24218750000      0.0000000D+00
 42640.24218750000      0.0000000D+00
 42690.24218750000      0.0000000D+00
 42710.48828124999      0.0000000D+00
 42760.48828124999      0.0000000D+00
 42810.48828124999      0.0000000D+00
 42860.48828124999      0.0000000D+00
 42910.48828124999      0.0000000D+00
 42960.48828124999      0.0000000D+00
 42971.12890624999      0.0000000D+00
 43021.12890624999      0.0000000D+00
 43071.12890624999      0.0000000D+00
 43101.44921874999      0.0000000D+00
 43101.46484374999      0.0000000D+00
 43104.71093750000      0.0000000D+00
 43111.51562500000      0.0000000D+00
 43161.51562500000      0.0000000D+00
 43211.51562500000      0.0000000D+00
 43261.51562500000      0.0000000D+00
 43311.51562500000      0.0000000D+00
 43360.26953124999      0.0000000D+00
 43360.37109374999      0.0000000D+00
 43363.61718750000      0.0000000D+00
 43370.33984374999      0.0000000D+00
 43420.33984374999      0.0000000D+00
 43470.33984374999      0.0000000D+00
 43520.33984374999      0.0000000D+00
 43570.33984374999      0.0000000D+00
 43620.33984374999      0.0000000D+00
 43630.42968750000      0.0000000D+00
 43630.87890624999      0.0000000D+00
 43634.01953124999      0.0000000D+00
 43640.29296874999      0.0000000D+00
 43690.29296874999      0.0000000D+00
 43740.29296874999      0.0000000D+00
 43743.26953124999      0.0000000D+00
 43743.35156250000      0.0000000D+00
 43746.54687500000      0.0000000D+00
 43752.93359374999      0.0000000D+00
 43802.93359374999      0.0000000D+00
 43852.93359374999      0.0000000D+00
 43859.66015624999      0.0000000D+00
 43909.66015624999      0.0000000D+00
 43959.66015624999      0.0000000D+00
 43976.03906250000      0.0000000D+00
 43976.55859374999      0.0000000D+00
 43979.70312500000      0.0000000D+00
 43985.99218750000      0.0000000D+00
 44035.99218750000      0.0000000D+00
 44085.99218750000      0.0000000D+00
 44120.62109374999      0.0000000D+00
 44170.62109374999      0.0000000D+00
 44220.62109374999      0.0000000D+00
 44265.19921874999      0.0000000D+00
 44265.33203124999      0.0000000D+00
 44268.57812500000      0.0000000D+00
 44275.44921874999      0.0000000D+00
 44325.44921874999      0.0000000D+00
 44375.44921874999      0.0000000D+00
 44401.26953124999      0.0000000D+00
 44401.40234374999      0.0000000D+00
 44404.64843750000      0.0000000D+00
 44411.39062500000      0.0000000D+00
 44461.39062500000      0.0000000D+00
 44511.39062500000      0.0000000D+00
 44561.39062500000      0.0000000D+00
 44611.39062500000      0.0000000D+00
 44661.39062500000      0.0000000D+00
 44711.39062500000      0.0000000D+00
 44761.39062500000      0.0000000D+00
 44786.80078124999      0.0000000D+00
 44787.05078124999      0.0000000D+00
 44790.29687500000      0.0000000D+00
 44796.99609374999      0.0000000D+00
 44846.99609374999      0.0000000D+00
 44896.99609374999      0.0000000D+00
 44930.26171874999      0.0000000D+00
 44930.44921874999      0.0000000D+00
 44930.64062500000      0.0000000D+00
 44930.83203124999      0.4987717D+00
 44931.01953124999      0.1253605D+01
 44931.21093750000      0.2275944D+01
 44931.40234374999      0.3346920D+01
 44931.59375000000      0.4454613D+01
 44931.78125000000      0.5608082D+01
 44931.97265624999      0.6822109D+01
 44932.16406250000      0.8118629D+01
 44932.35546874999      0.9527206D+01
 44932.41015624999      0.9932041D+01
 44932.43750000000      0.9253979D+01
 44932.46875000000      0.8695126D+01
 44932.50000000000      0.8168221D+01
 44932.52734374999      0.7583141D+01
 44932.55859374999      0.7115841D+01
 44932.58593750000      0.6666660D+01
 44932.61718750000      0.6238461D+01
 44932.64453124999      0.5829334D+01
 44932.67578124999      0.5434513D+01
 44932.70312500000      0.5054474D+01
 44932.72656250000      0.4798889D+01
 44932.78515624999      0.4873753D+01
 44933.32421874999      0.4867554D+01
 44933.76171874999      0.4867077D+01
 44934.22656250000      0.1961231D+01
 44934.44140624999      0.1764297D+01
 44934.47656250000      0.0000000D+00
 44934.49218750000      0.0000000D+00
 44934.52734374999      0.0000000D+00
 44934.68750000000      0.0000000D+00
 44935.07812500000      0.0000000D+00
 44935.24218750000      0.0000000D+00
 44935.39453124999      0.0000000D+00
 44935.42578124999      0.0000000D+00
 44935.67578124999      0.0000000D+00
 44935.92578124999      0.0000000D+00
 44935.96093750000      0.0000000D+00
 44936.16015624999      0.0000000D+00
 44936.17578124999      0.0000000D+00
 44936.42578124999      0.0000000D+00
 44936.54296874999      0.0000000D+00
 44937.60156250000      0.0000000D+00
 44939.72265624999      0.0000000D+00
 44942.52734374999      0.0000000D+00
 44942.55859374999      0.0000000D+00
 44942.67578124999      0.0000000D+00
 44942.71093750000      0.0000000D+00
 44942.80859374999      0.0000000D+00
 44942.84375000000      0.0000000D+00
 44942.87500000000      0.0000000D+00
 44942.96875000000      0.0000000D+00
 44943.16406250000      0.0000000D+00
 44943.55859374999      0.0000000D+00
 44946.92578124999      0.0000000D+00
 44946.94140624999      0.0000000D+00
 44946.96093750000      0.0000000D+00
 44946.97656250000      0.0000000D+00
 44946.99609374999      0.8425713D+00
 44947.01171874999      0.6382942D+01
 44947.03906250000      0.8358955D+01
 44947.09765624999      0.1288033D+02
 44947.12890624999      0.1567316D+02
 44947.14062500000      0.1662874D+02
 44947.14843750000      0.1737356D+02
 44947.16015624999      0.1815748D+02
 44947.16796874999      0.1895475D+02
 44947.17968750000      0.1977110D+02
 44947.18750000000      0.2061319D+02
 44947.19921874999      0.2148390D+02
 44947.20703124999      0.2239037D+02
 44947.21875000000      0.2333832D+02
 44947.22656250000      0.2433062D+02
 44947.23437500000      0.2513123D+02
