 0.000000000000000      0.0000000D+00
0.1000000014901161      0.3149632D-05
0.3000000119209288      0.2204738D-04
0.6006559729576110      0.7892649D-04
0.9013119935989378      0.1642757D-03
 1.201967954635620      0.2780947D-03
 1.502623915672302      0.4203826D-03
 1.803279876708984      0.5911388D-03
 2.103935956954956      0.7903623D-03
 2.404591798782348      0.1018052D-02
 2.705247640609741      0.1274206D-02
 3.005903959274291      0.1558822D-02
 3.299999952316284      0.1864456D-02
 3.901312112808227      0.2489340D-02
 6.178729057312010      0.4855652D-02
 56.17873001098632      0.5663824D-01
 93.45999908447265      0.9516041D-01
 94.64333343505858      0.9681399D-01
 96.44585418701171      0.9933148D-01
 100.0509109497070      0.1043644D+00
 150.0509033203125      0.1737952D+00
 200.0509033203125      0.2428891D+00
 250.0509033203125      0.3116824D+00
 299.8500061035155      0.3799088D+00
 300.2333374023437      0.3803920D+00
 302.0991210937499      0.3827413D+00
 305.8307495117187      0.3874384D+00
 355.8307495117187      0.4501598D+00
 405.8307495117187      0.5126778D+00
 455.8307495117187      0.5750054D+00
 505.8307495117187      0.6371454D+00
 555.8307495117187      0.6991108D+00
 605.8307495117186      0.7609093D+00
 655.8307495117186      0.8225486D+00
 675.9799804687499      0.8473613D+00
 676.4633178710936      0.8480150D+00
 678.3085327148436      0.8505205D+00
 681.9989624023436      0.8555272D+00
 731.9989624023436      0.9232494D+00
 781.9989624023436      0.9908333D+00
 831.9989624023436      0.1058273D+01
 881.9989624023436      0.1125565D+01
 931.9989624023436      0.1192703D+01
 945.1500244140623      0.1210350D+01
 946.0499877929685      0.1211346D+01
 947.8235473632810      0.1213309D+01
 951.3707885742186      0.1217234D+01
 1001.370788574219      0.1272444D+01
 1051.370849609375      0.1327537D+01
 1101.370849609375      0.1382516D+01
 1151.370849609375      0.1437381D+01
 1196.359985351562      0.1486660D+01
 1197.493286132812      0.1488214D+01
 1199.242797851562      0.1490606D+01
 1202.741577148437      0.1495403D+01
 1252.741577148437      0.1563815D+01
 1302.741577148437      0.1632179D+01
 1324.420043945312      0.1661817D+01
 1324.520019531250      0.1661951D+01
 1326.805664062500      0.1665032D+01
 1331.377197265625      0.1671185D+01
 1381.377197265625      0.1738408D+01
 1431.377197265625      0.1805560D+01
 1481.377197265625      0.1872607D+01
 1531.377197265625      0.1939546D+01
 1581.377197265625      0.2006370D+01
 1585.989990234375      0.2012534D+01
 1586.606689453125      0.2013271D+01
 1588.367797851562      0.2015378D+01
 1591.889892578125      0.2019590D+01
 1641.889892578125      0.2079256D+01
 1691.889892578125      0.2138796D+01
 1741.889892578125      0.2198210D+01
 1791.889892578125      0.2257493D+01
 1811.660034179687      0.2280912D+01
 1811.693359375000      0.2280952D+01
 1814.099731445312      0.2283820D+01
 1818.912475585937      0.2289556D+01
 1868.912475585937      0.2349041D+01
 1886.280029296875      0.2369689D+01
 1886.313354492187      0.2369729D+01
 1888.792236328125      0.2372657D+01
 1893.750000000000      0.2378510D+01
 1943.750000000000      0.2437436D+01
 1993.750000000000      0.2496264D+01
 2036.739990234375      0.2546775D+01
 2086.739990234375      0.2605433D+01
 2136.739990234375      0.2664000D+01
 2186.739990234375      0.2722480D+01
 2236.739990234375      0.2780875D+01
 2262.409912109375      0.2810834D+01
 2262.459960937500      0.2810893D+01
 2265.011474609375      0.2813898D+01
 2270.113769531250      0.2819910D+01
 2320.113769531250      0.2878741D+01
 2370.113769531250      0.2937482D+01
 2420.113769531250      0.2996151D+01
 2470.113769531250      0.3054747D+01
 2520.113769531250      0.3113271D+01
 2559.689941406250      0.3159550D+01
 2559.739990234375      0.3159610D+01
 2562.404785156250      0.3162753D+01
 2567.734130859375      0.3169042D+01
 2617.734130859375      0.3227978D+01
 2667.734130859375      0.3286830D+01
 2717.734130859375      0.3345620D+01
 2767.734130859375      0.3404344D+01
 2780.000000000000      0.3418748D+01
 2780.033447265625      0.3418787D+01
 2782.469238281250      0.3421632D+01
 2787.340576171875      0.3427319D+01
 2837.340576171875      0.3485609D+01
 2887.340576171874      0.3543826D+01
 2937.340576171874      0.3601976D+01
 2987.340576171874      0.3660062D+01
 3002.070068359374      0.3677169D+01
 3002.086669921874      0.3677189D+01
 3004.456298828124      0.3679934D+01
 3009.195556640624      0.3685422D+01
 3059.195556640624      0.3743250D+01
 3109.195556640624      0.3801003D+01
 3159.195556640624      0.3858696D+01
 3209.195556640624      0.3916329D+01
 3225.030029296874      0.3934577D+01
 3225.046630859374      0.3934595D+01
 3227.384765624999      0.3937283D+01
 3232.060546874999      0.3942656D+01
 3282.060546874999      0.4000038D+01
 3332.060546874999      0.4057349D+01
 3382.060546874999      0.4114602D+01
 3432.060546874999      0.4171797D+01
 3482.060546874999      0.4228936D+01
 3523.500000000000      0.4276254D+01
 3573.500000000000      0.4333294D+01
 3598.120117187499      0.4361369D+01
 3598.136718750000      0.4361388D+01
 3600.370117187499      0.4363929D+01
 3604.836914062499      0.4369009D+01
 3654.836914062499      0.4425800D+01
 3704.836914062499      0.4482526D+01
 3754.836914062499      0.4539190D+01
 3804.836914062499      0.4595791D+01
 3854.836914062499      0.4652328D+01
 3897.810058593749      0.4700874D+01
 3898.026611328124      0.4701110D+01
 3899.932128906249      0.4703176D+01
 3903.743164062499      0.4707309D+01
 3953.743164062499      0.4761466D+01
 4003.743164062499      0.4815551D+01
 4053.743164062499      0.4869571D+01
 4103.743164062499      0.4923523D+01
 4135.060058593749      0.4957289D+01
 4135.160156250000      0.4957399D+01
 4137.779785156249      0.4960275D+01
 4143.019042968749      0.4966033D+01
 4193.019042968749      0.5020920D+01
 4212.169921874999      0.5041927D+01
 4212.653320312499      0.5042407D+01
 4214.573730468749      0.5044306D+01
 4218.414550781249      0.5048103D+01
 4268.414550781249      0.5097477D+01
 4318.414550781249      0.5146792D+01
 4368.414550781249      0.5196051D+01
 4387.580078124999      0.5214921D+01
 4387.613281250000      0.5214953D+01
 4390.296875000000      0.5217575D+01
 4395.663574218749      0.5222815D+01
 4445.663574218749      0.5271579D+01
 4476.120117187499      0.5301263D+01
 4476.169921874999      0.5301312D+01
 4478.911621093749      0.5304016D+01
 4484.394042968749      0.5309423D+01
 4534.394042968749      0.5358692D+01
 4563.410156250000      0.5387262D+01
 4563.426757812499      0.5387279D+01
 4566.104980468749      0.5389905D+01
 4571.461425781249      0.5395158D+01
 4621.461425781249      0.5444137D+01
 4651.109863281249      0.5473161D+01
 4651.160156250000      0.5473209D+01
 4653.834960937499      0.5475797D+01
 4659.184570312499      0.5480971D+01
 4709.184570312499      0.5529272D+01
 4740.080078124999      0.5559099D+01
 4740.129882812499      0.5559147D+01
 4742.846191406249      0.5561738D+01
 4748.279296874999      0.5566918D+01
 4798.279296874999      0.5614536D+01
 4848.279296874999      0.5662110D+01
 4898.279296874999      0.5709641D+01
 4920.629882812499      0.5730879D+01
 4920.663574218749      0.5730911D+01
 4923.454101562499      0.5733584D+01
 4929.035156250000      0.5738931D+01
 4979.035156250000      0.5786789D+01
 5029.035156250000      0.5834602D+01
 5079.035156250000      0.5882375D+01
 5099.430175781249      0.5901855D+01
 5099.546875000000      0.5901963D+01
 5102.293945312499      0.5904512D+01
 5107.789062500000      0.5909606D+01
 5157.789062500000      0.5955921D+01
 5207.789062500000      0.6002198D+01
 5257.789062500000      0.6048437D+01
 5307.789062500000      0.6094636D+01
 5357.789062500000      0.6140799D+01
 5407.789062500000      0.6186924D+01
 5457.789062500000      0.6233012D+01
 5469.540039062499      0.6243841D+01
 5469.589843750000      0.6243887D+01
 5472.353027343749      0.6246466D+01
 5477.879394531249      0.6251623D+01
 5527.879394531249      0.6298253D+01
 5560.700195312499      0.6328845D+01
 5610.700195312499      0.6375414D+01
 5660.700195312499      0.6421948D+01
 5710.700195312499      0.6468449D+01
 5743.020019531249      0.6498491D+01
 5743.053222656249      0.6498522D+01
 5745.747070312499      0.6501006D+01
 5751.134765624999      0.6505971D+01
 5801.134765624999      0.6552020D+01
 5835.089843749999      0.6583275D+01
 5835.106445312499      0.6583291D+01
 5837.744628906248      0.6585709D+01
 5843.020507812499      0.6590544D+01
 5893.020507812499      0.6636335D+01
 5927.620117187499      0.6668006D+01
 5927.753417968748      0.6668123D+01
 5930.538574218749      0.6670585D+01
 5936.108398437498      0.6675506D+01
 5986.108398437498      0.6719635D+01
 6024.000000000000      0.6753061D+01
 6024.966796874999      0.6754101D+01
 6026.852050781249      0.6756122D+01
 6030.623535156249      0.6760166D+01
 6080.623535156249      0.6813732D+01
 6098.020019531248      0.6832356D+01
 6099.186523437498      0.6833327D+01
 6101.077148437498      0.6834901D+01
 6104.857421874999      0.6838047D+01
 6154.857421874999      0.6879615D+01
 6200.830078124999      0.6917814D+01
 6201.263183593748      0.6918125D+01
 6203.228027343749      0.6919534D+01
 6207.156250000000      0.6922351D+01
 6257.156250000000      0.6958181D+01
 6307.156250000000      0.6993985D+01
 6321.000000000000      0.7003896D+01
 6321.850097656249      0.7004686D+01
 6323.772949218749      0.7006470D+01
 6327.618652343749      0.7010039D+01
 6377.618652343749      0.7056380D+01
 6411.270019531248      0.7087548D+01
 6411.286621093748      0.7087564D+01
 6413.924316406248      0.7089997D+01
 6419.200195312499      0.7094864D+01
 6469.200195312499      0.7140962D+01
 6501.979980468748      0.7171171D+01
 6502.029785156249      0.7171217D+01
 6504.718750000000      0.7173666D+01
 6510.095703124999      0.7178561D+01
 6560.095703124999      0.7224044D+01
 6610.095703124999      0.7269499D+01
 6660.095703124999      0.7314925D+01
 6686.120117187499      0.7338560D+01
 6686.203125000000      0.7338634D+01
 6688.920898437498      0.7341052D+01
 6694.356933593748      0.7345885D+01
 6744.356933593748      0.7390307D+01
 6780.540039062499      0.7422440D+01
 6780.556640624999      0.7422454D+01
 6783.204589843749      0.7424796D+01
 6788.500488281249      0.7429478D+01
 6838.500488281249      0.7473652D+01
 6888.500488281249      0.7517797D+01
 6938.500488281249      0.7561911D+01
 6970.339843749999      0.7589991D+01
 6970.373535156249      0.7590020D+01
 6973.093261718749      0.7592399D+01
 6978.533203124999      0.7597154D+01
 7028.533203124999      0.7640829D+01
 7078.533203124999      0.7684474D+01
 7128.533203124999      0.7728092D+01
 7178.533203124999      0.7771682D+01
 7228.533203124999      0.7815244D+01
 7278.533203124999      0.7858778D+01
 7328.533203124999      0.7902284D+01
 7353.870117187498      0.7924323D+01
 7353.886718749999      0.7924337D+01
 7356.544433593748      0.7926639D+01
 7361.860351562498      0.7931242D+01
 7411.860351562498      0.7974512D+01
 7461.860351562498      0.8017755D+01
 7511.860351562498      0.8060970D+01
 7546.640136718748      0.8091019D+01
 7546.939941406248      0.8091296D+01
 7548.910156249999      0.8093126D+01
 7552.850097656249      0.8096785D+01
 7602.850097656249      0.8143173D+01
 7634.759765624999      0.8172771D+01
 7634.810058593748      0.8172816D+01
 7637.444335937498      0.8175234D+01
 7642.713378906248      0.8180068D+01
 7692.713378906248      0.8225917D+01
 7742.713378906248      0.8271747D+01
 7792.713378906248      0.8317556D+01
 7813.560058593748      0.8336652D+01
 7814.143554687498      0.8337110D+01
 7816.086425781249      0.8338629D+01
 7819.974121093748      0.8341667D+01
 7869.974121093748      0.8380717D+01
 7919.974121093748      0.8419744D+01
 7969.974121093748      0.8458745D+01
 8019.974121093748      0.8497718D+01
 8028.740234374999      0.8504549D+01
 8029.206542968748      0.8504961D+01
 8031.178222656249      0.8506712D+01
 8035.122070312499      0.8510211D+01
 8085.122070312499      0.8554537D+01
 8135.122070312499      0.8598839D+01
 8185.122070312499      0.8643118D+01
 8213.799804687498      0.8668510D+01
 8213.916992187498      0.8668610D+01
 8216.624023437498      0.8670941D+01
 8222.041015624999      0.8675600D+01
 8272.041015624999      0.8718578D+01
 8309.679687500000      0.8750921D+01
 8309.730468749999      0.8750963D+01
 8312.425781249999      0.8753250D+01
 8317.816406249999      0.8757822D+01
 8367.816406249999      0.8800196D+01
 8407.080078124999      0.8833455D+01
 8407.113281249999      0.8833484D+01
 8409.892578124999      0.8835858D+01
 8415.452148437498      0.8840609D+01
 8465.452148437498      0.8883307D+01
 8515.452148437498      0.8925979D+01
 8565.452148437498      0.8968628D+01
 8615.452148437498      0.9011252D+01
 8665.452148437498      0.9053854D+01
 8696.230468749999      0.9080070D+01
 8696.346679687498      0.9080166D+01
 8699.093750000000      0.9082436D+01
 8704.588867187498      0.9086971D+01
 8754.588867187498      0.9128212D+01
 8804.588867187498      0.9169432D+01
 8854.588867187498      0.9210629D+01
 8896.290039062498      0.9244971D+01
 8896.356445312499      0.9245026D+01
 8899.095703124999      0.9247240D+01
 8904.572265624999      0.9251665D+01
 8954.572265624999      0.9292041D+01
 9004.572265624999      0.9332395D+01
 9054.572265624999      0.9372725D+01
 9100.769531249999      0.9409969D+01
 9100.836914062498      0.9410022D+01
 9103.588867187498      0.9412199D+01
 9109.092773437498      0.9416550D+01
 9159.092773437498      0.9456047D+01
 9209.092773437498      0.9495523D+01
 9259.092773437498      0.9534977D+01
 9309.092773437498      0.9574411D+01
 9309.879882812499      0.9575031D+01
 9309.962890624999      0.9575096D+01
 9312.777343749999      0.9577260D+01
 9318.406250000000      0.9581587D+01
 9368.406250000000      0.9619998D+01
 9418.406250000000      0.9658389D+01
 9468.406250000000      0.9696759D+01
 9518.406250000000      0.9735109D+01
 9525.059570312499      0.9740213D+01
 9525.193359374999      0.9740311D+01
 9528.041992187498      0.9742404D+01
 9533.740234374999      0.9746589D+01
 9583.740234374999      0.9783283D+01
 9633.740234374999      0.9819960D+01
 9683.740234374999      0.9856618D+01
 9733.740234374999      0.9893257D+01
 9750.740234374999      0.9905712D+01
 9750.773437500000      0.9905736D+01
 9753.644531249999      0.9907816D+01
 9759.385742187498      0.9911975D+01
 9809.385742187498      0.9948173D+01
 9859.385742187498      0.9984352D+01
 9909.385742187498      0.1002051D+02
 9959.385742187498      0.1005666D+02
 9979.200195312499      0.1007098D+02
 9979.316406249999      0.1007106D+02
 9982.200195312499      0.1007306D+02
 9987.966796874999      0.1007706D+02
 10037.96679687500      0.1011172D+02
 10087.96679687500      0.1014636D+02
 10137.96679687500      0.1018099D+02
 10187.96679687500      0.1021560D+02
 10217.98046875000      0.1023637D+02
 10218.03027343750      0.1023640D+02
 10220.88671875000      0.1023834D+02
 10226.60156250000      0.1024222D+02
 10276.60156250000      0.1027617D+02
 10326.60156250000      0.1031011D+02
 10376.60156250000      0.1034403D+02
 10426.60156250000      0.1037793D+02
 10461.48046875000      0.1040157D+02
 10461.61328125000      0.1040166D+02
 10464.54687500000      0.1040355D+02
 10470.41601562500      0.1040733D+02
 10520.41601562500      0.1043950D+02
 10570.41601562500      0.1047167D+02
 10589.99023437500      0.1048425D+02
 10590.05664062500      0.1048430D+02
 10592.98730468750      0.1048613D+02
 10598.84960937500      0.1048980D+02
 10648.84960937500      0.1052108D+02
 10698.84960937500      0.1055235D+02
 10748.84960937500      0.1058361D+02
 10798.84960937500      0.1061485D+02
 10848.84960937500      0.1064609D+02
 10854.34960937500      0.1064952D+02
 10854.43359375000      0.1064957D+02
 10857.42089843750      0.1065137D+02
 10863.39550781250      0.1065498D+02
 10913.39550781250      0.1068511D+02
 10963.39550781250      0.1071524D+02
 10991.42968750000      0.1073212D+02
 10991.53027343750      0.1073218D+02
 10994.52832031250      0.1073391D+02
 11000.52441406250      0.1073737D+02
 11050.52441406250      0.1076617D+02
 11100.52441406250      0.1079496D+02
 11150.52441406250      0.1082374D+02
 11200.52441406250      0.1085251D+02
 11250.52441406250      0.1088127D+02
 11278.33984375000      0.1089726D+02
 11278.42285156250      0.1089731D+02
 11281.45214843750      0.1089898D+02
 11287.50976562500      0.1090234D+02
 11337.50976562500      0.1092999D+02
 11387.50976562500      0.1095763D+02
 11437.50976562500      0.1098526D+02
 11487.50976562500      0.1101288D+02
 11537.50976562500      0.1104049D+02
 11576.82031250000      0.1106219D+02
 11576.88671875000      0.1106223D+02
 11579.91601562500      0.1106385D+02
 11585.97460937500      0.1106709D+02
 11635.97460937500      0.1109381D+02
 11685.97460937500      0.1112052D+02
 11731.03027343750      0.1114458D+02
 11731.78027343750      0.1114512D+02
 11733.80078125000      0.1114658D+02
 11737.84277343750      0.1114951D+02
 11787.84277343750      0.1118566D+02
 11837.84277343750      0.1122180D+02
 11843.19042968750      0.1122567D+02
 11843.50683593750      0.1122592D+02
 11845.50488281250      0.1122751D+02
 11849.50292968750      0.1123068D+02
 11899.50292968750      0.1127036D+02
 11949.50292968750      0.1131004D+02
 11999.50292968750      0.1134971D+02
 12044.33984375000      0.1138529D+02
 12044.37304687500      0.1138531D+02
 12047.23242187500      0.1138760D+02
 12052.95019531250      0.1139218D+02
 12102.95019531250      0.1143219D+02
 12152.95019531250      0.1147220D+02
 12202.95019531250      0.1151219D+02
 12243.32031250000      0.1154448D+02
 12293.32031250000      0.1158446D+02
 12343.32031250000      0.1162444D+02
 12393.32031250000      0.1166440D+02
 12442.30957031250      0.1170355D+02
 12442.36035156250      0.1170359D+02
 12445.16406250000      0.1170586D+02
 12450.77050781250      0.1171040D+02
 12500.77050781250      0.1175086D+02
 12550.77050781250      0.1179130D+02
 12600.77050781250      0.1183173D+02
 12650.77050781250      0.1187216D+02
 12700.77050781250      0.1191257D+02
 12736.04980468750      0.1194108D+02
 12736.06640625000      0.1194109D+02
 12739.02832031250      0.1194349D+02
 12744.95312500000      0.1194830D+02
 12794.95312500000      0.1198886D+02
 12844.95312500000      0.1202940D+02
 12894.95312500000      0.1206994D+02
 12930.83984375000      0.1209902D+02
 12980.83984375000      0.1213954D+02
 13030.83984375000      0.1218004D+02
 13080.83984375000      0.1222052D+02
 13125.63964843750      0.1225679D+02
 13125.72363281250      0.1225686D+02
 13128.51074218750      0.1225916D+02
 13134.08496093750      0.1226376D+02
 13184.08496093750      0.1230504D+02
 13220.54003906250      0.1233512D+02
 13220.55664062500      0.1233514D+02
 13223.12695312500      0.1233725D+02
 13228.26660156250      0.1234147D+02
 13278.26660156250      0.1238256D+02
 13328.26660156250      0.1242364D+02
 13378.26660156250      0.1246470D+02
 13411.32031250000      0.1249184D+02
 13461.32031250000      0.1253288D+02
 13511.32031250000      0.1257391D+02
 13561.32031250000      0.1261493D+02
 13602.09960937500      0.1264837D+02
 13602.16699218750      0.1264843D+02
 13604.95410156250      0.1265075D+02
 13610.53027343750      0.1265539D+02
 13660.53027343750      0.1269701D+02
 13710.53027343750      0.1273860D+02
 13760.53027343750      0.1278019D+02
 13810.53027343750      0.1282176D+02
 13860.53027343750      0.1286332D+02
 13910.53027343750      0.1290487D+02
 13960.53027343750      0.1294641D+02
 14010.53027343750      0.1298794D+02
 14060.53027343750      0.1302945D+02
 14069.41015625000      0.1303682D+02
 14119.41015625000      0.1307832D+02
 14162.87988281250      0.1311439D+02
 14162.91308593750      0.1311442D+02
 14165.52636718750      0.1311657D+02
 14170.75292968750      0.1312088D+02
 14220.75292968750      0.1316203D+02
 14270.75292968750      0.1320317D+02
 14320.75292968750      0.1324430D+02
 14351.70996093750      0.1326976D+02
 14351.72656250000      0.1326977D+02
 14354.35449218750      0.1327193D+02
 14359.61035156250      0.1327623D+02
 14409.61035156250      0.1331718D+02
 14459.61035156250      0.1335811D+02
 14509.61035156250      0.1339902D+02
 14541.50976562500      0.1342511D+02
 14541.55957031250      0.1342516D+02
 14544.35253906250      0.1342747D+02
 14549.93750000000      0.1343209D+02
 14599.93750000000      0.1347343D+02
 14649.93750000000      0.1351476D+02
 14699.93750000000      0.1355607D+02
 14749.93750000000      0.1359736D+02
 14799.93750000000      0.1363865D+02
 14821.90039062500      0.1365678D+02
 14822.13378906250      0.1365698D+02
 14824.19042968750      0.1365876D+02
 14828.30371093750      0.1366231D+02
 14878.30371093750      0.1370546D+02
 14928.30371093750      0.1374861D+02
 14978.30371093750      0.1379175D+02
 15028.30371093750      0.1383490D+02
 15078.30371093750      0.1387804D+02
 15083.76953125000      0.1388276D+02
 15083.78710937500      0.1388277D+02
 15086.47558593750      0.1388509D+02
 15091.85253906250      0.1388971D+02
 15141.85253906250      0.1393273D+02
 15191.85253906250      0.1397573D+02
 15241.85253906250      0.1401872D+02
 15291.85253906250      0.1406171D+02
 15341.85253906250      0.1410468D+02
 15346.87988281250      0.1410900D+02
 15396.87988281250      0.1415197D+02
 15434.58984375000      0.1418436D+02
 15434.94042968750      0.1418464D+02
 15436.94726562500      0.1418624D+02
 15440.96289062500      0.1418945D+02
 15490.96289062500      0.1422927D+02
 15540.96289062500      0.1426907D+02
 15590.96289062500      0.1430885D+02
 15629.37988281250      0.1433940D+02
 15679.37988281250      0.1437914D+02
 15729.37988281250      0.1441885D+02
 15779.37988281250      0.1445855D+02
 15824.17968750000      0.1449410D+02
 15824.64648437500      0.1449443D+02
 15826.64453125000      0.1449581D+02
 15830.64160156250      0.1449859D+02
 15880.64160156250      0.1453324D+02
 15930.64160156250      0.1456787D+02
 15980.64160156250      0.1460249D+02
 16030.64160156250      0.1463708D+02
 16052.63964843750      0.1465230D+02
 16052.69042968750      0.1465234D+02
 16055.48632812500      0.1465430D+02
 16061.07812500000      0.1465823D+02
 16111.07812500000      0.1469337D+02
 16161.07812500000      0.1472848D+02
 16211.07812500000      0.1476357D+02
 16261.07812500000      0.1479865D+02
 16276.95996093750      0.1480979D+02
 16277.69335937500      0.1481040D+02
 16279.65234375000      0.1481205D+02
 16283.56933593750      0.1481533D+02
 16333.56933593750      0.1485719D+02
 16365.50000000000      0.1488390D+02
 16365.70019531250      0.1488407D+02
 16367.82031250000      0.1488590D+02
 16372.06152343750      0.1488954D+02
 16422.06250000000      0.1493257D+02
 16472.06250000000      0.1497562D+02
 16522.06250000000      0.1501869D+02
 16572.06250000000      0.1506178D+02
 16622.06250000000      0.1510489D+02
 16672.06250000000      0.1514801D+02
 16700.43945312500      0.1517249D+02
 16700.45703125000      0.1517250D+02
 16702.90039062500      0.1517461D+02
 16707.78906250000      0.1517881D+02
 16757.78906250000      0.1522185D+02
 16807.78906250000      0.1526489D+02
 16857.78906250000      0.1530793D+02
 16868.67968750000      0.1531730D+02
 16918.67968750000      0.1536034D+02
 16968.67968750000      0.1540337D+02
 17018.67968750000      0.1544640D+02
 17036.91015625000      0.1546208D+02
 17037.02734375000      0.1546218D+02
 17039.64453125000      0.1546440D+02
 17044.88085937500      0.1546883D+02
 17094.88085937500      0.1551112D+02
 17144.88085937500      0.1555341D+02
 17194.88085937500      0.1559570D+02
 17244.88085937500      0.1563797D+02
 17294.88085937500      0.1568022D+02
 17344.88085937500      0.1572246D+02
 17384.42968750000      0.1575586D+02
 17434.42968750000      0.1579807D+02
 17484.42968750000      0.1584028D+02
 17534.42968750000      0.1588246D+02
 17558.19921875000      0.1590252D+02
 17558.21679687500      0.1590253D+02
 17560.73046875000      0.1590465D+02
 17565.75976562500      0.1590888D+02
 17615.75976562500      0.1595094D+02
 17665.75976562500      0.1599298D+02
 17715.75976562500      0.1603501D+02
 17732.77929687500      0.1604932D+02
 17733.34570312500      0.1604974D+02
 17735.40625000000      0.1605128D+02
 17739.52929687500      0.1605434D+02
 17789.52929687500      0.1609143D+02
 17839.52929687500      0.1612851D+02
 17889.52929687500      0.1616557D+02
 17939.52929687500      0.1620259D+02
 17940.71093750000      0.1620347D+02
 17940.72656250000      0.1620348D+02
 17943.45703125000      0.1620549D+02
 17948.91796875000      0.1620952D+02
 17998.91796875000      0.1624635D+02
 18048.91796875000      0.1628315D+02
 18098.91796875000      0.1631993D+02
 18148.91796875000      0.1635670D+02
 18198.91796875000      0.1639344D+02
 18248.91796875000      0.1643016D+02
 18254.35937500000      0.1643416D+02
 18254.39257812500      0.1643419D+02
 18257.10742187500      0.1643616D+02
 18262.53710937500      0.1644011D+02
 18312.53710937500      0.1647647D+02
 18362.53710937500      0.1651282D+02
 18412.53710937500      0.1654914D+02
 18462.53710937500      0.1658544D+02
 18465.84960937500      0.1658785D+02
 18515.84960937500      0.1662414D+02
 18565.84960937500      0.1666041D+02
 18615.84960937500      0.1669666D+02
 18665.84960937500      0.1673289D+02
 18677.34960937500      0.1674123D+02
 18677.48242187500      0.1674133D+02
 18679.06640625000      0.1674251D+02
 18682.23046875000      0.1674489D+02
 18732.23046875000      0.1678240D+02
 18778.47070312500      0.1681706D+02
 18778.48632812500      0.1681708D+02
 18780.93945312500      0.1681891D+02
 18785.84570312500      0.1682257D+02
 18835.84570312500      0.1685989D+02
 18885.84570312500      0.1689718D+02
 18935.84570312500      0.1693447D+02
 18985.84570312500      0.1697174D+02
 19035.84570312500      0.1700900D+02
 19083.50976562500      0.1704451D+02
 19083.59375000000      0.1704457D+02
 19086.24804687500      0.1704650D+02
 19091.55468750000      0.1705037D+02
 19141.55468750000      0.1708679D+02
 19191.55468750000      0.1712320D+02
 19241.55468750000      0.1715959D+02
 19291.55468750000      0.1719597D+02
 19292.60937500000      0.1719674D+02
 19292.66015625000      0.1719678D+02
 19295.38671875000      0.1719873D+02
 19300.84179687500      0.1720265D+02
 19350.84179687500      0.1723851D+02
 19400.84179687500      0.1727436D+02
 19450.84179687500      0.1731019D+02
 19500.84179687500      0.1734601D+02
 19505.32031250000      0.1734922D+02
 19505.36914062500      0.1734925D+02
 19508.11914062500      0.1735119D+02
 19513.61523437500      0.1735508D+02
 19563.61523437500      0.1739037D+02
 19613.61523437500      0.1742564D+02
 19663.61523437500      0.1746091D+02
 19713.61523437500      0.1749615D+02
 19721.75976562500      0.1750190D+02
 19771.75976562500      0.1753713D+02
 19821.75976562500      0.1757235D+02
 19871.75976562500      0.1760756D+02
 19921.75976562500      0.1764275D+02
 19971.75976562500      0.1767793D+02
 20021.75976562500      0.1771309D+02
 20046.41992187500      0.1773043D+02
 20046.47070312500      0.1773047D+02
 20049.24414062500      0.1773244D+02
 20054.79101562500      0.1773640D+02
 20104.79101562500      0.1777205D+02
 20154.79101562500      0.1780768D+02
 20204.79101562500      0.1784330D+02
 20254.79101562500      0.1787891D+02
 20259.13085937500      0.1788200D+02
 20259.16406250000      0.1788203D+02
 20261.93164062500      0.1788398D+02
 20267.46875000000      0.1788789D+02
 20317.46875000000      0.1792315D+02
 20366.72070312500      0.1795787D+02
 20367.00390625000      0.1795805D+02
 20369.07421875000      0.1795939D+02
 20373.21875000000      0.1796206D+02
 20423.21875000000      0.1799426D+02
 20473.21875000000      0.1802645D+02
 20486.10937500000      0.1803475D+02
 20486.71093750000      0.1803521D+02
 20488.73242187500      0.1803675D+02
 20492.77539062500      0.1803983D+02
 20542.77539062500      0.1807785D+02
 20583.00000000000      0.1810843D+02
 20583.43359375000      0.1810872D+02
 20585.55664062500      0.1811016D+02
 20589.80468750000      0.1811304D+02
 20639.80468750000      0.1814696D+02
 20689.80468750000      0.1818086D+02
 20739.80468750000      0.1821475D+02
 20789.80468750000      0.1824862D+02
 20807.31054687500      0.1826048D+02
 20807.41015625000      0.1826055D+02
 20810.14257812500      0.1826234D+02
 20815.60742187500      0.1826593D+02
 20865.60742187500      0.1829872D+02
 20915.60742187500      0.1833150D+02
 20965.60742187500      0.1836427D+02
 21015.60742187500      0.1839703D+02
 21040.08007812500      0.1841306D+02
 21040.11328125000      0.1841308D+02
 21042.82226562500      0.1841484D+02
 21048.24218750000      0.1841835D+02
 21098.24218750000      0.1845073D+02
 21148.24218750000      0.1848309D+02
 21198.24218750000      0.1851544D+02
 21248.24218750000      0.1854778D+02
 21275.82031250000      0.1856562D+02
 21275.93750000000      0.1856569D+02
 21278.69921875000      0.1856741D+02
 21284.22460937500      0.1857084D+02
 21334.22460937500      0.1860187D+02
 21384.22460937500      0.1863289D+02
 21434.22460937500      0.1866390D+02
 21484.22460937500      0.1869490D+02
 21522.56054687500      0.1871866D+02
 21522.66015625000      0.1871872D+02
 21525.42187500000      0.1872037D+02
 21530.94335937500      0.1872367D+02
 21580.94335937500      0.1875352D+02
 21630.94335937500      0.1878336D+02
 21680.94335937500      0.1881318D+02
 21730.94335937500      0.1884300D+02
 21779.58984375000      0.1887200D+02
 21779.64062500000      0.1887203D+02
 21782.36718750000      0.1887362D+02
 21787.82031250000      0.1887681D+02
 21837.82031250000      0.1890603D+02
 21887.82031250000      0.1893524D+02
 21937.82031250000      0.1896445D+02
 21987.82031250000      0.1899364D+02
 22037.82031250000      0.1902282D+02
 22042.08007812500      0.1902530D+02
 22042.17968750000      0.1902536D+02
 22045.00976562500      0.1902695D+02
 22050.66992187500      0.1903012D+02
 22100.66992187500      0.1905812D+02
 22150.66992187500      0.1908612D+02
 22179.16015625000      0.1910208D+02
 22179.25976562500      0.1910213D+02
 22182.08398437500      0.1910365D+02
 22187.73242187500      0.1910667D+02
 22237.73242187500      0.1913348D+02
 22287.73242187500      0.1916027D+02
 22337.73242187500      0.1918706D+02
 22387.73242187500      0.1921384D+02
 22437.73242187500      0.1924061D+02
 22487.73242187500      0.1926737D+02
 22537.73242187500      0.1929412D+02
 22587.73242187500      0.1932087D+02
 22609.51953125000      0.1933252D+02
 22609.63671875000      0.1933258D+02
 22612.49218750000      0.1933403D+02
 22618.20703125000      0.1933693D+02
 22668.20703125000      0.1936226D+02
 22718.20703125000      0.1938760D+02
 22768.20703125000      0.1941292D+02
 22818.20703125000      0.1943824D+02
 22868.20703125000      0.1946355D+02
 22912.89062500000      0.1948617D+02
 22913.03906250000      0.1948624D+02
 22914.80273437500      0.1948707D+02
 22918.32812500000      0.1948872D+02
 22968.32812500000      0.1951221D+02
 23018.32812500000      0.1953568D+02
 23068.32812500000      0.1955915D+02
 23118.32812500000      0.1958262D+02
 23168.32812500000      0.1960608D+02
 23218.32812500000      0.1962953D+02
 23240.42968750000      0.1963989D+02
 23240.51367187500      0.1963993D+02
 23243.41796875000      0.1964123D+02
 23249.22851562500      0.1964384D+02
 23299.22851562500      0.1966627D+02
 23349.22851562500      0.1968869D+02
 23399.22851562500      0.1971110D+02
 23449.22851562500      0.1973351D+02
 23499.22851562500      0.1975592D+02
 23549.22851562500      0.1977831D+02
 23583.11914062500      0.1979350D+02
 23583.25390625000      0.1979355D+02
 23586.17773437500      0.1979477D+02
 23592.02734375000      0.1979719D+02
 23642.02734375000      0.1981795D+02
 23692.02734375000      0.1983870D+02
 23742.02734375000      0.1985945D+02
 23792.02734375000      0.1988019D+02
 23842.02734375000      0.1990093D+02
 23892.02734375000      0.1992166D+02
 23942.02734375000      0.1994239D+02
 23953.24023437500      0.1994704D+02
 23953.33984375000      0.1994708D+02
 23956.29687500000      0.1994823D+02
 23962.21289062500      0.1995054D+02
 24012.21289062500      0.1997003D+02
 24062.21289062500      0.1998952D+02
 24112.21289062500      0.2000900D+02
 24150.10937500000      0.2002377D+02
 24150.17578125000      0.2002380D+02
 24153.11718750000      0.2002489D+02
 24158.99804687500      0.2002709D+02
 24208.99804687500      0.2004574D+02
 24258.99804687500      0.2006439D+02
 24308.99804687500      0.2008304D+02
 24358.99804687500      0.2010169D+02
 24408.99804687500      0.2012033D+02
 24458.99804687500      0.2013896D+02
 24508.99804687500      0.2015760D+02
 24558.99804687500      0.2017623D+02
 24561.33984375000      0.2017710D+02
 24561.49023437500      0.2017715D+02
 24563.24609375000      0.2017774D+02
 24566.75976562500      0.2017892D+02
 24616.75976562500      0.2019569D+02
 24666.75976562500      0.2021246D+02
 24716.75976562500      0.2022923D+02
 24766.75976562500      0.2024600D+02
 24816.75976562500      0.2026276D+02
 24866.75976562500      0.2027952D+02
 24916.75976562500      0.2029627D+02
 24966.75976562500      0.2031303D+02
 25016.75976562500      0.2032978D+02
 25018.26953125000      0.2033028D+02
 25019.76953125000      0.2033131D+02
 25021.80468750000      0.2033269D+02
 25025.87304687500      0.2033545D+02
 25075.87304687500      0.2036934D+02
 25125.87304687500      0.2040322D+02
 25175.87304687500      0.2043711D+02
 25225.87304687500      0.2047100D+02
 25275.87304687500      0.2050490D+02
 25325.87304687500      0.2053880D+02
 25342.92968750000      0.2055036D+02
 25392.92968750000      0.2058426D+02
 25442.92968750000      0.2061816D+02
 25492.92968750000      0.2065206D+02
 25542.92968750000      0.2068596D+02
 25559.36914062500      0.2069710D+02
 25559.38671875000      0.2069711D+02
 25562.21679687500      0.2069904D+02
 25567.87695312500      0.2070290D+02
 25617.87695312500      0.2073695D+02
 25667.87695312500      0.2077099D+02
 25717.87695312500      0.2080503D+02
 25767.87695312500      0.2083907D+02
 25817.87695312500      0.2087311D+02
 25867.87695312500      0.2090714D+02
 25882.14062500000      0.2091685D+02
 25882.15625000000      0.2091686D+02
 25884.94140625000      0.2091876D+02
 25890.51171875000      0.2092257D+02
 25940.51171875000      0.2095676D+02
 25990.51171875000      0.2099094D+02
 26040.51171875000      0.2102511D+02
 26090.51171875000      0.2105928D+02
 26140.51171875000      0.2109344D+02
 26190.51171875000      0.2112761D+02
 26203.05078125000      0.2113617D+02
 26203.25000000000      0.2113630D+02
 26205.56250000000      0.2113779D+02
 26210.18945312500      0.2114077D+02
 26260.18945312500      0.2117297D+02
 26310.18945312500      0.2120516D+02
 26360.18945312500      0.2123735D+02
 26410.18945312500      0.2126952D+02
 26432.93945312500      0.2128416D+02
 26433.27343750000      0.2128439D+02
 26435.72460937500      0.2128613D+02
 26440.62695312500      0.2128958D+02
 26490.62695312500      0.2132486D+02
 26540.62695312500      0.2136012D+02
 26590.62695312500      0.2139537D+02
 26640.62695312500      0.2143064D+02
 26690.62695312500      0.2146590D+02
 26739.66015625000      0.2150048D+02
 26739.69335937500      0.2150050D+02
 26742.25781250000      0.2150230D+02
 26747.38867187500      0.2150589D+02
 26797.38867187500      0.2154086D+02
 26847.38867187500      0.2157584D+02
 26897.38867187500      0.2161080D+02
 26947.38867187500      0.2164577D+02
 26997.38867187500      0.2168073D+02
 27047.38867187500      0.2171568D+02
 27049.81054687500      0.2171738D+02
 27099.81054687500      0.2175233D+02
 27149.81054687500      0.2178728D+02
 27153.18945312500      0.2178964D+02
 27153.42382812500      0.2178980D+02
 27155.81445312500      0.2179136D+02
 27160.59570312500      0.2179450D+02
 27210.59570312500      0.2182725D+02
 27260.59570312500      0.2185999D+02
 27310.59570312500      0.2189273D+02
 27360.59570312500      0.2192545D+02
 27377.50000000000      0.2193651D+02
 27427.50000000000      0.2196922D+02
 27477.50000000000      0.2200193D+02
 27527.50000000000      0.2203462D+02
 27577.50000000000      0.2206730D+02
 27601.81054687500      0.2208319D+02
 27601.84375000000      0.2208321D+02
 27604.76171875000      0.2208514D+02
 27610.59960937500      0.2208899D+02
 27660.59960937500      0.2212200D+02
 27710.59960937500      0.2215498D+02
 27760.59960937500      0.2218796D+02
 27810.59960937500      0.2222093D+02
 27823.43945312500      0.2222940D+02
 27823.62304687500      0.2222952D+02
 27826.86914062500      0.2223153D+02
 27835.12890625000      0.2223668D+02
 27885.12890625000      0.2226778D+02
 27935.12890625000      0.2229888D+02
 27985.12890625000      0.2232997D+02
 28035.12890625000      0.2236105D+02
 28060.68945312500      0.2237694D+02
 28060.77343750000      0.2237699D+02
 28063.64062500000      0.2237882D+02
 28069.37500000000      0.2238248D+02
 28119.37500000000      0.2241440D+02
 28169.37500000000      0.2244631D+02
 28219.37500000000      0.2247820D+02
 28269.37500000000      0.2251010D+02
 28290.57031250000      0.2252361D+02
 28290.58593750000      0.2252362D+02
 28293.48632812500      0.2252549D+02
 28299.28906250000      0.2252920D+02
 28349.28906250000      0.2256125D+02
 28399.28906250000      0.2259329D+02
 28449.28906250000      0.2262532D+02
 28499.28906250000      0.2265734D+02
 28519.03906250000      0.2266999D+02
 28519.07421875000      0.2267001D+02
 28521.89257812500      0.2267180D+02
 28527.52929687500      0.2267537D+02
 28577.52929687500      0.2270704D+02
 28627.52929687500      0.2273871D+02
 28677.52929687500      0.2277037D+02
 28727.52929687500      0.2280203D+02
 28750.34960937500      0.2281647D+02
 28750.44921875000      0.2281653D+02
 28753.31640625000      0.2281829D+02
 28759.05078125000      0.2282180D+02
 28809.05078125000      0.2285241D+02
 28859.05078124999      0.2288301D+02
 28909.05078124999      0.2291360D+02
 28959.05078124999      0.2294419D+02
 28990.68945312499      0.2296354D+02
 28990.80664062499      0.2296362D+02
 28993.69726562499      0.2296545D+02
 28999.47656250000      0.2296913D+02
 29049.47656250000      0.2300089D+02
 29099.47656250000      0.2303265D+02
 29149.47656250000      0.2306440D+02
 29199.47656250000      0.2309614D+02
 29220.57031250000      0.2310953D+02
 29220.58593750000      0.2310954D+02
 29223.34960937499      0.2311128D+02
 29228.87500000000      0.2311477D+02
 29278.87500000000      0.2314634D+02
 29328.87500000000      0.2317790D+02
 29378.87500000000      0.2320945D+02
 29428.87500000000      0.2324099D+02
 29451.89062500000      0.2325551D+02
 29452.95703124999      0.2325593D+02
 29455.09960937499      0.2325676D+02
 29459.38281250000      0.2325842D+02
 29509.38281250000      0.2327786D+02
 29559.38281250000      0.2329729D+02
 29609.38281250000      0.2331672D+02
 29644.66015624999      0.2333043D+02
 29645.09375000000      0.2333064D+02
 29647.33984374999      0.2333175D+02
 29651.83203124999      0.2333395D+02
 29701.83203124999      0.2335849D+02
 29751.83203124999      0.2338302D+02
 29801.83203124999      0.2340755D+02
 29851.83203124999      0.2343207D+02
 29901.83203124999      0.2345658D+02
 29951.83203124999      0.2348109D+02
 30001.83203124999      0.2350559D+02
 30051.83203124999      0.2353008D+02
 30099.71093750000      0.2355352D+02
 30100.24414062499      0.2355385D+02
 30102.45703124999      0.2355519D+02
 30106.88281250000      0.2355788D+02
 30156.88281250000      0.2358825D+02
 30206.88281250000      0.2361861D+02
 30219.88085937499      0.2362650D+02
 30221.16406250000      0.2362690D+02
 30223.28710937499      0.2362756D+02
 30227.53515624999      0.2362889D+02
 30277.53515624999      0.2364444D+02
 30327.53515624999      0.2365999D+02
 30377.53515624999      0.2367554D+02
 30427.53515624999      0.2369109D+02
 30460.21093750000      0.2370125D+02
 30461.69335937499      0.2370222D+02
 30463.84765624999      0.2370361D+02
 30468.15820312499      0.2370640D+02
 30518.15820312499      0.2373868D+02
 30568.15820312499      0.2377094D+02
 30571.68945312499      0.2377322D+02
 30571.72265624999      0.2377324D+02
 30574.64843750000      0.2377512D+02
 30580.49804687499      0.2377885D+02
 30630.49804687499      0.2381081D+02
 30680.49804687499      0.2384275D+02
 30730.49804687499      0.2387470D+02
 30780.49804687499      0.2390664D+02
 30797.36914062499      0.2391741D+02
 30797.40429687499      0.2391744D+02
 30800.27343750000      0.2391925D+02
 30806.01562500000      0.2392288D+02
 30856.01562500000      0.2395449D+02
 30906.01562500000      0.2398610D+02
 30956.01562500000      0.2401770D+02
 31006.01562500000      0.2404929D+02
 31025.83984374999      0.2406182D+02
 31026.12304687499      0.2406198D+02
 31028.62304687499      0.2406342D+02
 31033.62500000000      0.2406628D+02
 31083.62500000000      0.2409494D+02
 31133.62500000000      0.2412360D+02
 31153.46093750000      0.2413496D+02
 31153.67578124999      0.2413510D+02
 31156.30273437499      0.2413672D+02
 31161.55664062499      0.2413997D+02
 31211.55664062499      0.2417087D+02
 31261.55664062499      0.2420176D+02
 31270.58007812499      0.2420733D+02
 31270.77929687499      0.2420745D+02
 31274.02539062499      0.2420932D+02
 31282.92187500000      0.2421445D+02
 31332.92187500000      0.2424324D+02
 31382.92187500000      0.2427204D+02
 31432.92187500000      0.2430083D+02
 31482.92187500000      0.2432960D+02
 31524.08984374999      0.2435329D+02
 31524.42382812499      0.2435351D+02
 31526.77343750000      0.2435502D+02
 31531.47460937499      0.2435805D+02
 31581.47460937499      0.2439019D+02
 31631.47460937499      0.2442233D+02
 31635.57031250000      0.2442496D+02
 31635.58593750000      0.2442497D+02
 31638.58593750000      0.2442689D+02
 31644.58789062499      0.2443073D+02
 31694.58789062499      0.2446271D+02
 31744.58789062499      0.2449468D+02
 31794.58789062499      0.2452665D+02
 31844.58789062499      0.2455862D+02
 31859.88085937499      0.2456840D+02
 31859.89648437499      0.2456841D+02
 31862.75000000000      0.2457022D+02
 31868.45703124999      0.2457385D+02
 31918.45703124999      0.2460565D+02
 31968.45703124999      0.2463745D+02
 31972.71093750000      0.2464015D+02
 31972.72656250000      0.2464017D+02
 31975.76562500000      0.2464209D+02
 31981.84375000000      0.2464594D+02
 32031.84375000000      0.2467756D+02
 32081.84375000000      0.2470919D+02
 32131.84375000000      0.2474080D+02
 32181.84375000000      0.2477242D+02
 32199.77929687499      0.2478376D+02
 32199.81250000000      0.2478378D+02
 32202.71484374999      0.2478560D+02
 32208.51562500000      0.2478922D+02
 32258.51562500000      0.2482051D+02
 32308.51562500000      0.2485178D+02
 32314.72070312499      0.2485566D+02
 32364.72070312499      0.2488693D+02
 32414.72070312499      0.2491820D+02
 32429.66015624999      0.2492754D+02
 32429.67578124999      0.2492755D+02
 32432.56445312499      0.2492935D+02
 32438.34179687499      0.2493294D+02
 32488.34179687499      0.2496403D+02
 32538.34179687499      0.2499512D+02
 32588.34179687499      0.2502620D+02
 32638.34179687499      0.2505727D+02
 32660.98046874999      0.2507134D+02
 32661.06250000000      0.2507139D+02
 32664.02343750000      0.2507327D+02
 32669.94140624999      0.2507705D+02
 32719.94140624999      0.2510893D+02
 32769.94140624999      0.2514081D+02
 32773.14062500000      0.2514285D+02
 32773.19140624999      0.2514288D+02
 32776.22656250000      0.2514479D+02
 32782.29296874999      0.2514860D+02
 32832.29296874999      0.2517999D+02
 32882.29296874999      0.2521136D+02
 32932.29296874999      0.2524273D+02
 32982.29296874999      0.2527410D+02
 33032.29296874999      0.2530547D+02
 33082.29296874999      0.2533682D+02
 33115.82812500000      0.2535785D+02
 33115.86328124999      0.2535788D+02
 33118.68750000000      0.2535963D+02
 33124.33593750000      0.2536313D+02
 33174.33593750000      0.2539416D+02
 33224.33593750000      0.2542517D+02
 33274.33593750000      0.2545618D+02
 33324.33593750000      0.2548718D+02
 33347.14843750000      0.2550133D+02
 33347.16796874999      0.2550134D+02
 33349.99609374999      0.2550308D+02
 33355.65625000000      0.2550658D+02
 33405.65625000000      0.2553741D+02
 33455.65625000000      0.2556823D+02
 33463.53906250000      0.2557309D+02
 33463.57421874999      0.2557311D+02
 33466.56250000000      0.2557497D+02
 33472.53515624999      0.2557869D+02
 33522.53515624999      0.2560984D+02
 33572.53515624999      0.2564099D+02
 33578.48046874999      0.2564469D+02
 33578.59765624999      0.2564476D+02
 33581.65625000000      0.2564659D+02
 33587.77734374999      0.2565026D+02
 33637.77734374999      0.2568022D+02
 33687.77734374999      0.2571016D+02
 33737.77734374999      0.2574010D+02
 33787.77734374999      0.2577003D+02
 33818.82031250000      0.2578862D+02
 33818.90234374999      0.2578866D+02
 33821.88281250000      0.2579040D+02
 33827.84375000000      0.2579386D+02
 33877.84375000000      0.2582292D+02
 33927.84375000000      0.2585196D+02
 33977.84375000000      0.2588100D+02
 34027.84375000000      0.2591003D+02
 34067.21093750000      0.2593288D+02
 34067.41015624999      0.2593299D+02
 34070.65625000000      0.2593473D+02
 34079.95703124999      0.2593973D+02
 34129.95703124999      0.2596659D+02
 34179.95703124999      0.2599344D+02
 34202.28906250000      0.2600543D+02
 34202.52343750000      0.2600555D+02
 34205.03906250000      0.2600677D+02
 34210.07031250000      0.2600921D+02
 34260.07031250000      0.2603344D+02
 34310.07031250000      0.2605766D+02
 34352.75000000000      0.2607833D+02
 34352.93359374999      0.2607841D+02
 34356.17968750000      0.2607985D+02
 34364.65234374999      0.2608360D+02
 34414.65234374999      0.2610571D+02
 34464.65234374999      0.2612782D+02
 34514.65234374999      0.2614991D+02
 34517.96875000000      0.2615138D+02
 34518.17187500000      0.2615148D+02
 34521.41406250000      0.2615306D+02
 34530.32812500000      0.2615741D+02
 34580.32812500000      0.2618179D+02
 34630.32812500000      0.2620616D+02
 34667.21093750000      0.2622414D+02
 34667.24218750000      0.2622415D+02
 34670.44140624999      0.2622574D+02
 34676.83984374999      0.2622890D+02
 34726.83984374999      0.2625364D+02
 34776.83984374999      0.2627837D+02
 34814.08984374999      0.2629679D+02
 34814.10546874999      0.2629680D+02
 34817.35156250000      0.2629842D+02
 34824.04296874999      0.2630176D+02
 34874.04296874999      0.2632667D+02
 34924.04296874999      0.2635157D+02
 34959.80078124999      0.2636938D+02
 35009.80078124999      0.2639427D+02
 35059.80078124999      0.2641916D+02
 35109.80078124999      0.2644405D+02
 35159.80078124999      0.2646893D+02
 35209.80078124999      0.2649380D+02
 35251.23046874999      0.2651440D+02
 35251.37890624999      0.2651447D+02
 35253.16406250000      0.2651530D+02
 35256.73046874999      0.2651695D+02
 35306.73046874999      0.2654012D+02
 35356.73046874999      0.2656328D+02
 35406.73046874999      0.2658643D+02
 35408.05078124999      0.2658704D+02
 35408.10156250000      0.2658707D+02
 35411.25781250000      0.2658849D+02
 35417.57421874999      0.2659134D+02
 35467.57421874999      0.2661392D+02
 35517.57421874999      0.2663649D+02
 35567.57421874999      0.2665906D+02
 35568.96875000000      0.2665969D+02
 35569.20312500000      0.2665981D+02
 35571.84375000000      0.2666114D+02
 35577.12500000000      0.2666380D+02
 35627.12500000000      0.2668901D+02
 35677.12500000000      0.2671420D+02
 35712.42968750000      0.2673199D+02
 35712.44531250000      0.2673200D+02
 35715.24218750000      0.2673340D+02
 35720.83593750000      0.2673619D+02
 35770.83593750000      0.2676120D+02
 35820.83593750000      0.2678619D+02
 35870.83593750000      0.2681118D+02
 35920.83593750000      0.2683617D+02
 35970.83593750000      0.2686115D+02
 36001.57812500000      0.2687651D+02
 36051.57812500000      0.2690148D+02
 36101.57812500000      0.2692645D+02
 36146.14843750000      0.2694870D+02
 36146.39843750000      0.2694881D+02
 36148.93750000000      0.2694994D+02
 36154.01171874999      0.2695218D+02
 36204.01171874999      0.2697431D+02
 36254.01171874999      0.2699643D+02
 36304.01171874999      0.2701855D+02
 36354.01171874999      0.2704066D+02
 36404.01171874999      0.2706277D+02
 36454.01171874999      0.2708487D+02
 36473.69140624999      0.2709357D+02
 36473.75781250000      0.2709360D+02
 36476.90625000000      0.2709504D+02
 36483.20312500000      0.2709792D+02
 36533.20312500000      0.2712078D+02
 36583.20312500000      0.2714363D+02
 36631.85937500000      0.2716586D+02
 36632.01171874999      0.2716594D+02
 36633.83203124999      0.2716683D+02
 36637.48046874999      0.2716862D+02
 36687.48046874999      0.2719316D+02
 36737.48046874999      0.2721769D+02
 36787.48046874999      0.2724222D+02
 36837.48046874999      0.2726674D+02
 36887.48046874999      0.2729126D+02
 36925.58984374999      0.2730995D+02
 36925.70703124999      0.2731000D+02
 36928.84765624999      0.2731146D+02
 36935.13671874999      0.2731438D+02
 36985.13671874999      0.2733757D+02
 37035.13671874999      0.2736076D+02
 37081.10937500000      0.2738208D+02
 37081.14453124999      0.2738210D+02
 37084.39062500000      0.2738363D+02
 37091.12500000000      0.2738680D+02
 37141.12500000000      0.2741036D+02
 37191.12500000000      0.2743392D+02
 37234.03906250000      0.2745413D+02
 37234.07421874999      0.2745415D+02
 37237.06250000000      0.2745553D+02
 37243.03515624999      0.2745830D+02
 37293.03515624999      0.2748146D+02
 37343.03515624999      0.2750463D+02
 37389.55078124999      0.2752617D+02
 37389.71484374999      0.2752626D+02
 37392.96093750000      0.2752789D+02
 37402.97656250000      0.2753290D+02
 37452.97656250000      0.2755792D+02
 37502.97656250000      0.2758294D+02
 37552.97656250000      0.2760796D+02
 37602.97656250000      0.2763297D+02
 37652.97656250000      0.2765798D+02
 37676.46093750000      0.2766972D+02
 37676.55859374999      0.2766977D+02
 37679.75000000000      0.2767129D+02
 37686.13671874999      0.2767434D+02
 37736.13671874999      0.2769822D+02
 37786.13671874999      0.2772210D+02
 37826.92187500000      0.2774157D+02
 37827.00390624999      0.2774161D+02
 37830.25000000000      0.2774322D+02
 37836.73828124999      0.2774644D+02
 37886.73828124999      0.2777124D+02
 37936.73828124999      0.2779604D+02
 37971.48828124999      0.2781327D+02
 37971.52343750000      0.2781329D+02
 37974.76953124999      0.2781492D+02
 37981.50781250000      0.2781831D+02
 38031.50781250000      0.2784347D+02
 38081.50781250000      0.2786863D+02
 38113.85156250000      0.2788490D+02
 38113.88281250000      0.2788491D+02
 38116.98437500000      0.2788645D+02
 38123.18359374999      0.2788952D+02
 38173.18359374999      0.2791430D+02
 38223.18359374999      0.2793907D+02
 38258.42187500000      0.2795653D+02
 38258.53515624999      0.2795659D+02
 38261.78125000000      0.2795828D+02
 38268.28125000000      0.2796167D+02
 38318.28125000000      0.2798772D+02
 38368.28125000000      0.2801377D+02
 38395.50000000000      0.2802794D+02
 38445.50000000000      0.2805399D+02
 38495.50000000000      0.2808002D+02
 38532.57812500000      0.2809933D+02
 38582.57812500000      0.2812536D+02
 38632.57812500000      0.2815139D+02
 38669.66015624999      0.2817068D+02
 38669.67578124999      0.2817069D+02
 38672.92187500000      0.2817240D+02
 38680.35937500000      0.2817629D+02
 38730.35937500000      0.2820249D+02
 38780.35937500000      0.2822869D+02
 38805.73046874999      0.2824198D+02
 38805.74609374999      0.2824199D+02
 38808.77343750000      0.2824356D+02
 38814.82421874999      0.2824671D+02
 38864.82421874999      0.2827272D+02
 38914.82421874999      0.2829872D+02
 38942.80859374999      0.2831327D+02
 38992.80859374999      0.2833927D+02
 39042.80859374999      0.2836526D+02
 39079.89062500000      0.2838453D+02
 39129.89062500000      0.2841051D+02
 39179.89062500000      0.2843649D+02
 39229.89062500000      0.2846247D+02
 39279.89062500000      0.2848844D+02
 39329.89062500000      0.2851440D+02
 39354.05078124999      0.2852695D+02
 39354.16796874999      0.2852700D+02
 39357.41406250000      0.2852861D+02
 39364.00000000000      0.2853186D+02
 39414.00000000000      0.2855653D+02
 39464.00000000000      0.2858119D+02
 39498.62890624999      0.2859827D+02
 39498.67968750000      0.2859830D+02
 39501.92578124999      0.2859994D+02
 39508.78906250000      0.2860340D+02
 39558.78906250000      0.2862861D+02
 39608.78906250000      0.2865382D+02
 39658.78906250000      0.2867902D+02
 39708.78906250000      0.2870422D+02
 39758.78906250000      0.2872941D+02
 39781.14843750000      0.2874068D+02
 39781.18359374999      0.2874069D+02
 39784.42968750000      0.2874235D+02
 39791.21484374999      0.2874582D+02
 39841.21484374999      0.2877138D+02
 39891.21484374999      0.2879692D+02
 39920.30078124999      0.2881178D+02
 39920.35156250000      0.2881181D+02
 39923.59375000000      0.2881350D+02
 39930.43750000000      0.2881707D+02
 39980.43750000000      0.2884317D+02
 40030.43750000000      0.2886925D+02
 40056.37109374999      0.2888278D+02
 40056.43750000000      0.2888281D+02
 40059.68359374999      0.2888446D+02
 40066.31640624999      0.2888782D+02
 40116.31640624999      0.2891317D+02
 40166.31640624999      0.2893851D+02
 40196.57031250000      0.2895384D+02
 40196.58593750000      0.2895385D+02
 40199.58593750000      0.2895536D+02
 40205.58593750000      0.2895838D+02
 40255.58593750000      0.2898353D+02
 40305.58593750000      0.2900867D+02
 40337.82812500000      0.2902489D+02
 40337.91406250000      0.2902493D+02
 40341.16015624999      0.2902662D+02
 40347.95312500000      0.2903016D+02
 40397.95312500000      0.2905620D+02
 40447.95312500000      0.2908224D+02
 40473.89843750000      0.2909575D+02
 40473.96484374999      0.2909578D+02
 40477.21093750000      0.2909742D+02
 40483.86328124999      0.2910079D+02
 40533.86328124999      0.2912609D+02
 40583.86328124999      0.2915139D+02
 40614.10156250000      0.2916669D+02
 40614.16796874999      0.2916673D+02
 40617.41406250000      0.2916841D+02
 40624.28906250000      0.2917199D+02
 40674.28906250000      0.2919800D+02
 40724.28906250000      0.2922400D+02
 40774.28906250000      0.2925000D+02
 40824.28906250000      0.2927599D+02
 40874.28906250000      0.2930197D+02
 40886.23828124999      0.2930818D+02
 40936.23828124999      0.2933416D+02
 40986.23828124999      0.2936013D+02
 41022.30859374999      0.2937886D+02
 41022.32812500000      0.2937887D+02
 41025.57031250000      0.2938057D+02
 41032.57421874999      0.2938423D+02
 41082.57421874999      0.2941036D+02
 41132.57421874999      0.2943649D+02
 41157.39062500000      0.2944946D+02
 41157.42187500000      0.2944948D+02
 41160.66796874999      0.2945115D+02
 41167.32812500000      0.2945458D+02
 41217.32812500000      0.2948035D+02
 41267.32812500000      0.2950611D+02
 41294.46875000000      0.2952009D+02
 41294.76953124999      0.2952022D+02
 41297.66796874999      0.2952153D+02
 41303.46875000000      0.2952413D+02
 41353.46875000000      0.2954658D+02
 41403.46875000000      0.2956903D+02
 41452.62890624999      0.2959110D+02
 41453.14843750000      0.2959139D+02
 41455.14843750000      0.2959251D+02
 41459.15625000000      0.2959475D+02
 41509.15625000000      0.2962273D+02
 41559.15625000000      0.2965070D+02
 41577.67187500000      0.2966105D+02
 41577.68750000000      0.2966106D+02
 41580.75390624999      0.2966276D+02
 41586.88281250000      0.2966617D+02
 41636.88281250000      0.2969397D+02
 41686.88281250000      0.2972175D+02
 41736.88281250000      0.2974953D+02
 41786.88281250000      0.2977731D+02
 41829.44921874999      0.2980095D+02
 41829.48437500000      0.2980096D+02
 41832.65234374999      0.2980270D+02
 41838.99609374999      0.2980618D+02
 41888.99609374999      0.2983361D+02
 41938.99609374999      0.2986102D+02
 41957.07031250000      0.2987094D+02
 41957.13671874999      0.2987097D+02
 41960.38281250000      0.2987271D+02
 41967.14843750000      0.2987632D+02
 42017.14843750000      0.2990305D+02
 42067.14843750000      0.2992977D+02
 42088.32031250000      0.2994108D+02
 42088.48828124999      0.2994118D+02
 42090.46484374999      0.2994230D+02
 42094.42578124999      0.2994455D+02
 42144.42578124999      0.2997293D+02
 42194.42578124999      0.3000130D+02
 42244.42578124999      0.3002967D+02
 42294.42578124999      0.3005803D+02
 42333.42968750000      0.3008015D+02
 42333.44531250000      0.3008016D+02
 42336.50000000000      0.3008188D+02
 42342.60546874999      0.3008532D+02
 42392.60546874999      0.3011351D+02
 42442.60546874999      0.3014168D+02
 42492.60546874999      0.3016986D+02
 42542.60546874999      0.3019802D+02
 42580.17187500000      0.3021918D+02
 42580.30468750000      0.3021925D+02
 42583.55078124999      0.3022099D+02
 42590.24218750000      0.3022458D+02
 42640.24218750000      0.3025141D+02
 42690.24218750000      0.3027822D+02
 42710.48828124999      0.3028908D+02
 42760.48828124999      0.3031589D+02
 42810.48828124999      0.3034269D+02
 42860.48828124999      0.3036948D+02
 42910.48828124999      0.3039627D+02
 42960.48828124999      0.3042305D+02
 42971.12890624999      0.3042875D+02
 43021.12890624999      0.3045551D+02
 43071.12890624999      0.3048228D+02
 43101.44921874999      0.3049851D+02
 43101.46484374999      0.3049851D+02
 43104.71093750000      0.3050026D+02
 43111.51562500000      0.3050393D+02
 43161.51562500000      0.3053085D+02
 43211.51562500000      0.3055776D+02
 43261.51562500000      0.3058467D+02
 43311.51562500000      0.3061157D+02
 43360.26953124999      0.3063780D+02
 43360.37109374999      0.3063785D+02
 43363.61718750000      0.3063953D+02
 43370.33984374999      0.3064301D+02
 43420.33984374999      0.3066887D+02
 43470.33984374999      0.3069473D+02
 43520.33984374999      0.3072058D+02
 43570.33984374999      0.3074643D+02
 43620.33984374999      0.3077227D+02
 43630.42968750000      0.3077748D+02
 43630.87890624999      0.3077775D+02
 43634.01953124999      0.3077964D+02
 43640.29296874999      0.3078341D+02
 43690.29296874999      0.3081347D+02
 43740.29296874999      0.3084352D+02
 43743.26953124999      0.3084531D+02
 43743.35156250000      0.3084536D+02
 43746.54687500000      0.3084723D+02
 43752.93359374999      0.3085098D+02
 43802.93359374999      0.3088033D+02
 43852.93359374999      0.3090968D+02
 43859.66015624999      0.3091362D+02
 43909.66015624999      0.3094296D+02
 43959.66015624999      0.3097228D+02
 43976.03906250000      0.3098189D+02
 43976.55859374999      0.3098214D+02
 43979.70312500000      0.3098367D+02
 43985.99218750000      0.3098671D+02
 44035.99218750000      0.3101093D+02
 44085.99218750000      0.3103515D+02
 44120.62109374999      0.3105192D+02
 44170.62109374999      0.3107613D+02
 44220.62109374999      0.3110033D+02
 44265.19921874999      0.3112190D+02
 44265.33203124999      0.3112197D+02
 44268.57812500000      0.3112363D+02
 44275.44921874999      0.3112715D+02
 44325.44921874999      0.3115273D+02
 44375.44921874999      0.3117832D+02
 44401.26953124999      0.3119153D+02
 44401.40234374999      0.3119160D+02
 44404.64843750000      0.3119335D+02
 44411.39062500000      0.3119698D+02
 44461.39062500000      0.3122390D+02
 44511.39062500000      0.3125081D+02
 44561.39062500000      0.3127771D+02
 44611.39062500000      0.3130461D+02
 44661.39062500000      0.3133150D+02
 44711.39062500000      0.3135839D+02
 44761.39062500000      0.3138527D+02
 44786.80078124999      0.3139893D+02
 44787.05078124999      0.3139905D+02
 44790.29687500000      0.3140063D+02
 44796.99609374999      0.3140389D+02
 44846.99609374999      0.3142819D+02
 44896.99609374999      0.3145250D+02
 44930.26171874999      0.3146866D+02
 44930.44921874999      0.3146875D+02
 44930.64062500000      0.3146882D+02
 44930.83203124999      0.3146889D+02
 44931.01953124999      0.3146895D+02
 44931.21093750000      0.3146900D+02
 44931.40234374999      0.3146905D+02
 44931.59375000000      0.3146908D+02
 44931.78125000000      0.3146911D+02
 44931.97265624999      0.3146913D+02
 44932.16406250000      0.3146914D+02
 44932.35546874999      0.3146914D+02
 44932.41015624999      0.3146914D+02
 44932.43750000000      0.3146914D+02
 44932.46875000000      0.3146914D+02
 44932.50000000000      0.3146914D+02
 44932.52734374999      0.3146915D+02
 44932.55859374999      0.3146915D+02
 44932.58593750000      0.3146915D+02
 44932.61718750000      0.3146915D+02
 44932.64453124999      0.3146915D+02
 44932.67578124999      0.3146916D+02
 44932.70312500000      0.3146916D+02
 44932.72656250000      0.3146916D+02
 44932.78515624999      0.3146917D+02
 44933.32421874999      0.3146922D+02
 44933.76171874999      0.3146926D+02
 44934.22656250000      0.3146938D+02
 44934.44140624999      0.3146943D+02
 44934.47656250000      0.3146944D+02
 44934.49218750000      0.3146945D+02
 44934.52734374999      0.3146947D+02
 44934.68750000000      0.3146957D+02
 44935.07812500000      0.3146983D+02
 44935.24218750000      0.3146994D+02
 44935.39453124999      0.3147005D+02
 44935.42578124999      0.3147007D+02
 44935.67578124999      0.3147022D+02
 44935.92578124999      0.3147033D+02
 44935.96093750000      0.3147034D+02
 44936.16015624999      0.3147035D+02
 44936.17578124999      0.3147035D+02
 44936.42578124999      0.3147019D+02
 44936.54296874999      0.3147005D+02
 44937.60156250000      0.3146865D+02
 44939.72265624999      0.3146520D+02
 44942.52734374999      0.3146028D+02
 44942.55859374999      0.3146021D+02
 44942.67578124999      0.3145998D+02
 44942.71093750000      0.3145987D+02
 44942.80859374999      0.3145908D+02
 44942.84375000000      0.3145874D+02
 44942.87500000000      0.3145834D+02
 44942.96875000000      0.3145698D+02
 44943.16406250000      0.3145386D+02
 44943.55859374999      0.3144703D+02
 44946.92578124999      0.3140399D+02
 44946.94140624999      0.3140377D+02
 44946.96093750000      0.3140372D+02
 44946.97656250000      0.3140373D+02
 44946.99609374999      0.3140375D+02
 44947.01171874999      0.3140375D+02
 44947.03906250000      0.3140377D+02
 44947.09765624999      0.3140378D+02
 44947.12890624999      0.3140378D+02
 44947.14062500000      0.3140379D+02
 44947.14843750000      0.3140379D+02
 44947.16015624999      0.3140379D+02
 44947.16796874999      0.3140379D+02
 44947.17968750000      0.3140379D+02
 44947.18750000000      0.3140379D+02
 44947.19921874999      0.3140379D+02
 44947.20703124999      0.3140379D+02
 44947.21875000000      0.3140379D+02
 44947.22656250000      0.3140379D+02
 44947.23437500000      0.3140379D+02
