 0.000000000000000      0.1695565D-02
0.1000000014901161      0.1760027D-02
0.3000000119209288      0.1930370D-02
0.6006559729576110      0.2156293D-02
0.9013119935989378      0.2381979D-02
 1.201967954635620      0.2609277D-02
 1.502623915672302      0.2841543D-02
 1.803279876708984      0.3081853D-02
 2.103935956954956      0.3333241D-02
 2.404591798782348      0.3599060D-02
 2.705247640609741      0.3884089D-02
 3.005903959274291      0.4190885D-02
 3.299999952316284      0.4517260D-02
 3.901312112808227      0.4493136D-02
 6.178729057312010      0.4496239D-02
 56.17873001098632      0.4495446D-02
 93.45999908447265      0.4476614D-02
 94.64333343505858      0.5253060D-02
 96.44585418701171      0.5259855D-02
 100.0509109497070      0.5299130D-02
 150.0509033203125      0.5287776D-02
 200.0509033203125      0.5264660D-02
 250.0509033203125      0.5249301D-02
 299.8500061035155      0.5235417D-02
 300.2333374023437      0.4909764D-02
 302.0991210937499      0.4957591D-02
 305.8307495117187      0.4946170D-02
 355.8307495117187      0.4946895D-02
 405.8307495117187      0.4918349D-02
 455.8307495117187      0.4902041D-02
 505.8307495117187      0.4896548D-02
 555.8307495117187      0.4889235D-02
 605.8307495117186      0.4883154D-02
 655.8307495117186      0.4877765D-02
 675.9799804687499      0.4873598D-02
 676.4633178710936      0.5290275D-02
 678.3085327148436      0.5204665D-02
 681.9989624023436      0.5273364D-02
 731.9989624023436      0.5255328D-02
 781.9989624023436      0.5258289D-02
 831.9989624023436      0.5257660D-02
 881.9989624023436      0.5259078D-02
 931.9989624023436      0.5261003D-02
 945.1500244140623      0.5263883D-02
 946.0499877929685      0.4644383D-02
 947.8235473632810      0.4635313D-02
 951.3707885742186      0.4631293D-02
 1001.370788574219      0.4631512D-02
 1051.370849609375      0.4619784D-02
 1101.370849609375      0.4612001D-02
 1151.370849609375      0.4604016D-02
 1196.359985351562      0.4596489D-02
 1197.493286132812      0.5386176D-02
 1199.242797851562      0.5510083D-02
 1202.741577148437      0.5479968D-02
 1252.741577148437      0.5489054D-02
 1302.741577148437      0.5501296D-02
 1324.420043945312      0.5512599D-02
 1324.520019531250      0.5502582D-02
 1326.805664062500      0.5415848D-02
 1331.377197265625      0.5436043D-02
 1381.377197265625      0.5429560D-02
 1431.377197265625      0.5431344D-02
 1481.377197265625      0.5446782D-02
 1531.377197265625      0.5459648D-02
 1581.377197265625      0.5473776D-02
 1585.989990234375      0.5488135D-02
 1586.606689453125      0.5013475D-02
 1588.367797851562      0.4996964D-02
 1591.889892578125      0.4988235D-02
 1641.889892578125      0.4990508D-02
 1691.889892578125      0.4984529D-02
 1741.889892578125      0.4981401D-02
 1791.889892578125      0.4978601D-02
 1811.660034179687      0.4976013D-02
 1811.693359375000      0.4980802D-02
 1814.099731445312      0.5006168D-02
 1818.912475585937      0.4999467D-02
 1868.912475585937      0.4999921D-02
 1886.280029296875      0.4996889D-02
 1886.313354492187      0.4993021D-02
 1888.792236328125      0.4968602D-02
 1893.750000000000      0.4973624D-02
 1943.750000000000      0.4973260D-02
 1993.750000000000      0.4982512D-02
 2036.739990234375      0.4994272D-02
 2086.739990234375      0.5003181D-02
 2136.739990234375      0.5015430D-02
 2186.739990234375      0.5027641D-02
 2236.739990234375      0.5040138D-02
 2262.409912109375      0.5053301D-02
 2262.459960937500      0.5065043D-02
 2265.011474609375      0.5099340D-02
 2270.113769531250      0.5102997D-02
 2320.113769531250      0.5104099D-02
 2370.113769531250      0.5121715D-02
 2420.113769531250      0.5136183D-02
 2470.113769531250      0.5151200D-02
 2520.113769531250      0.5166678D-02
 2559.689941406250      0.5182283D-02
 2559.739990234375      0.5200821D-02
 2562.404785156250      0.5235679D-02
 2567.734130859375      0.5241145D-02
 2617.734130859375      0.5242271D-02
 2667.734130859375      0.5263953D-02
 2717.734130859375      0.5281557D-02
 2767.734130859375      0.5300198D-02
 2780.000000000000      0.5318724D-02
 2780.033447265625      0.5315173D-02
 2782.469238281250      0.5286227D-02
 2787.340576171875      0.5291322D-02
 2837.340576171875      0.5291998D-02
 2887.340576171874      0.5309506D-02
 2937.340576171874      0.5330265D-02
 2987.340576171874      0.5350428D-02
 3002.070068359374      0.5370137D-02
 3002.086669921874      0.5369749D-02
 3004.456298828124      0.5354656D-02
 3009.195556640624      0.5357365D-02
 3059.195556640624      0.5358844D-02
 3109.195556640624      0.5382672D-02
 3159.195556640624      0.5403602D-02
 3209.195556640624      0.5424752D-02
 3225.030029296874      0.5446057D-02
 3225.046630859374      0.5446366D-02
 3227.384765624999      0.5430767D-02
 3232.060546874999      0.5433260D-02
 3282.060546874999      0.5434741D-02
 3332.060546874999      0.5459573D-02
 3382.060546874999      0.5482330D-02
 3432.060546874999      0.5504804D-02
 3482.060546874999      0.5527739D-02
 3523.500000000000      0.5550878D-02
 3573.500000000000      0.5569312D-02
 3598.120117187499      0.5594018D-02
 3598.136718750000      0.5599368D-02
 3600.370117187499      0.5581821D-02
 3604.836914062499      0.5584534D-02
 3654.836914062499      0.5586348D-02
 3704.836914062499      0.5597133D-02
 3754.836914062499      0.5606374D-02
 3804.836914062499      0.5615704D-02
 3854.836914062499      0.5625239D-02
 3897.810058593749      0.5634341D-02
 3898.026611328124      0.5430202D-02
 3899.932128906249      0.5441458D-02
 3903.743164062499      0.5419801D-02
 3953.743164062499      0.5425898D-02
 4003.743164062499      0.5434262D-02
 4053.743164062499      0.5442171D-02
 4103.743164062499      0.5449643D-02
 4135.060058593749      0.5457129D-02
 4135.160156250000      0.5475649D-02
 4137.779785156249      0.5557824D-02
 4143.019042968749      0.5540874D-02
 4193.019042968749      0.5546085D-02
 4212.169921874999      0.5555211D-02
 4212.653320312499      0.5122036D-02
 4214.573730468749      0.5137688D-02
 4218.414550781249      0.5100313D-02
 4268.414550781249      0.5107358D-02
 4318.414550781249      0.5112551D-02
 4368.414550781249      0.5118925D-02
 4387.580078124999      0.5124614D-02
 4387.613281250000      0.5121090D-02
 4390.296875000000      0.5095574D-02
 4395.663574218749      0.5098339D-02
 4445.663574218749      0.5099749D-02
 4476.120117187499      0.5106350D-02
 4476.169921874999      0.5116027D-02
 4478.911621093749      0.5153928D-02
 4484.394042968749      0.5145790D-02
 4534.394042968749      0.5147558D-02
 4563.410156250000      0.5154434D-02
 4563.426757812499      0.5155062D-02
 4566.104980468749      0.5142272D-02
 4571.461425781249      0.5143582D-02
 4621.461425781249      0.5145216D-02
 4651.109863281249      0.5152220D-02
 4651.160156250000      0.5147132D-02
 4653.834960937499      0.5108181D-02
 4659.184570312499      0.5111970D-02
 4709.184570312499      0.5113835D-02
 4740.080078124999      0.5120663D-02
 4740.129882812499      0.5117023D-02
 4742.846191406249      0.5079069D-02
 4748.279296874999      0.5082545D-02
 4798.279296874999      0.5084431D-02
 4848.279296874999      0.5091541D-02
 4898.279296874999      0.5098048D-02
 4920.629882812499      0.5104213D-02
 4920.663574218749      0.5110766D-02
 4923.454101562499      0.5135647D-02
 4929.035156250000      0.5130650D-02
 4979.035156250000      0.5132252D-02
 5029.035156250000      0.5139956D-02
 5079.035156250000      0.5146877D-02
 5099.430175781249      0.5153167D-02
 5099.546875000000      0.5138136D-02
 5102.293945312499      0.5056504D-02
 5107.789062500000      0.5057917D-02
 5157.789062500000      0.5059000D-02
 5207.789062500000      0.5066833D-02
 5257.789062500000      0.5073403D-02
 5307.789062500000      0.5080424D-02
 5357.789062500000      0.5086903D-02
 5407.789062500000      0.5093851D-02
 5457.789062500000      0.5100847D-02
 5469.540039062499      0.5107381D-02
 5469.589843750000      0.5115568D-02
 5472.353027343749      0.5153638D-02
 5477.879394531249      0.5145884D-02
 5527.879394531249      0.5147688D-02
 5560.700195312499      0.5155918D-02
 5610.700195312499      0.5160515D-02
 5660.700195312499      0.5168488D-02
 5710.700195312499      0.5176194D-02
 5743.020019531249      0.5183957D-02
 5743.053222656249      0.5182853D-02
 5745.747070312499      0.5156250D-02
 5751.134765624999      0.5157839D-02
 5801.134765624999      0.5159885D-02
 5835.089843749999      0.5168210D-02
 5835.106445312499      0.5169529D-02
 5837.744628906248      0.5156135D-02
 5843.020507812499      0.5157020D-02
 5893.020507812499      0.5158905D-02
 5927.620117187499      0.5167354D-02
 5927.753417968748      0.5151569D-02
 5930.538574218749      0.5057391D-02
 5936.108398437498      0.5056158D-02
 5986.108398437498      0.5057790D-02
 6024.000000000000      0.5065889D-02
 6024.966796874999      0.5894752D-02
 6026.852050781249      0.5901826D-02
 6030.623535156249      0.5939836D-02
 6080.623535156249      0.5933260D-02
 6098.020019531248      0.5943687D-02
 6099.186523437498      0.4956876D-02
 6101.077148437498      0.4848387D-02
 6104.857421874999      0.4767523D-02
 6154.857421874999      0.4780400D-02
 6200.830078124999      0.4783146D-02
 6201.263183593748      0.4468746D-02
 6203.228027343749      0.4465273D-02
 6207.156250000000      0.4437403D-02
 6257.156250000000      0.4443024D-02
 6307.156250000000      0.4446123D-02
 6321.000000000000      0.4449645D-02
 6321.850097656249      0.5052766D-02
 6323.772949218749      0.5056884D-02
 6327.618652343749      0.5058907D-02
 6377.618652343749      0.5059722D-02
 6411.270019531248      0.5065510D-02
 6411.286621093748      0.5065107D-02
 6413.924316406248      0.5051580D-02
 6419.200195312499      0.5052627D-02
 6469.200195312499      0.5054118D-02
 6501.979980468748      0.5059893D-02
 6502.029785156249      0.5055341D-02
 6504.718750000000      0.5017535D-02
 6510.095703124999      0.5017945D-02
 6560.095703124999      0.5019329D-02
 6610.095703124999      0.5025616D-02
 6660.095703124999      0.5031265D-02
 6686.120117187499      0.5036681D-02
 6686.203125000000      0.5026715D-02
 6688.920898437498      0.4964841D-02
 6694.356933593748      0.4965239D-02
 6744.356933593748      0.4966512D-02
 6780.540039062499      0.4972872D-02
 6780.556640624999      0.4973270D-02
 6783.204589843749      0.4959973D-02
 6788.500488281249      0.4960720D-02
 6838.500488281249      0.4962562D-02
 6888.500488281249      0.4969309D-02
 6938.500488281249      0.4975260D-02
 6970.339843749999      0.4980898D-02
 6970.373535156249      0.4979477D-02
 6973.093261718749      0.4953010D-02
 6978.533203124999      0.4954434D-02
 7028.533203124999      0.4956355D-02
 7078.533203124999      0.4963494D-02
 7128.533203124999      0.4969712D-02
 7178.533203124999      0.4976156D-02
 7228.533203124999      0.4982540D-02
 7278.533203124999      0.4989311D-02
 7328.533203124999      0.4995984D-02
 7353.870117187498      0.5002252D-02
 7353.886718749999      0.5002092D-02
 7356.544433593748      0.4988490D-02
 7361.860351562498      0.4989323D-02
 7411.860351562498      0.4990978D-02
 7461.860351562498      0.4998957D-02
 7511.860351562498      0.5005915D-02
 7546.640136718748      0.5012732D-02
 7546.939941406248      0.5304516D-02
 7548.910156249999      0.5258147D-02
 7552.850097656249      0.5270142D-02
 7602.850097656249      0.5269222D-02
 7634.759765624999      0.5278317D-02
 7634.810058593748      0.5274625D-02
 7637.444335937498      0.5231918D-02
 7642.713378906248      0.5230616D-02
 7692.713378906248      0.5232890D-02
 7742.713378906248      0.5242501D-02
 7792.713378906248      0.5250356D-02
 7813.560058593748      0.5258134D-02
 7814.143554687498      0.4743198D-02
 7816.086425781249      0.4725371D-02
 7819.974121093748      0.4668334D-02
 7869.974121093748      0.4678523D-02
 7919.974121093748      0.4682634D-02
 7969.974121093748      0.4688418D-02
 8019.974121093748      0.4693557D-02
 8028.740234374999      0.4698498D-02
 8029.206542968748      0.5123638D-02
 8031.178222656249      0.5056050D-02
 8035.122070312499      0.5072087D-02
 8085.122070312499      0.5069912D-02
 8135.122070312499      0.5078059D-02
 8185.122070312499      0.5084748D-02
 8213.799804687498      0.5091333D-02
 8213.916992187498      0.5075977D-02
 8216.624023437498      0.4982330D-02
 8222.041015624999      0.4979472D-02
 8272.041015624999      0.4981734D-02
 8309.679687500000      0.4989271D-02
 8309.730468749999      0.4985658D-02
 8312.425781249999      0.4946126D-02
 8317.816406249999      0.4945068D-02
 8367.816406249999      0.4947199D-02
 8407.080078124999      0.4954620D-02
 8407.113281249999      0.4963675D-02
 8409.892578124999      0.4991297D-02
 8415.452148437498      0.4985566D-02
 8465.452148437498      0.4987431D-02
 8515.452148437498      0.4995471D-02
 8565.452148437498      0.5002456D-02
 8615.452148437498      0.5009648D-02
 8665.452148437498      0.5016984D-02
 8696.230468749999      0.5023858D-02
 8696.346679687498      0.5009388D-02
 8699.093750000000      0.4917926D-02
 8704.588867187498      0.4913628D-02
 8754.588867187498      0.4916414D-02
 8804.588867187498      0.4924470D-02
 8854.588867187498      0.4931494D-02
 8896.290039062498      0.4938281D-02
 8896.356445312499      0.4933407D-02
 8899.095703124999      0.4881698D-02
 8904.572265624999      0.4879341D-02
 8954.572265624999      0.4881536D-02
 9004.572265624999      0.4889662D-02
 9054.572265624999      0.4896512D-02
 9100.769531249999      0.4903757D-02
 9100.836914062498      0.4899215D-02
 9103.588867187498      0.4848296D-02
 9109.092773437498      0.4845373D-02
 9159.092773437498      0.4847870D-02
 9209.092773437498      0.4855873D-02
 9259.092773437498      0.4862888D-02
 9309.092773437498      0.4869881D-02
 9309.879882812499      0.4876192D-02
 9309.962890624999      0.4862222D-02
 9312.777343749999      0.4800526D-02
 9318.406250000000      0.4796554D-02
 9368.406250000000      0.4799130D-02
 9418.406250000000      0.4806890D-02
 9468.406250000000      0.4813755D-02
 9518.406250000000      0.4820960D-02
 9525.059570312499      0.4826883D-02
 9525.193359374999      0.4806472D-02
 9528.041992187498      0.4710734D-02
 9533.740234374999      0.4704473D-02
 9583.740234374999      0.4707274D-02
 9633.740234374999      0.4714514D-02
 9683.740234374999      0.4720985D-02
 9733.740234374999      0.4727595D-02
 9750.740234374999      0.4733732D-02
 9750.773437500000      0.4729257D-02
 9753.644531249999      0.4704584D-02
 9759.385742187498      0.4704223D-02
 9809.385742187498      0.4706551D-02
 9859.385742187498      0.4714076D-02
 9909.385742187498      0.4720429D-02
 9959.385742187498      0.4727284D-02
 9979.200195312499      0.4733361D-02
 9979.316406249999      0.4717103D-02
 9982.200195312499      0.4635736D-02
 9987.966796874999      0.4629682D-02
 10037.96679687500      0.4632260D-02
 10087.96679687500      0.4639244D-02
 10137.96679687500      0.4645779D-02
 10187.96679687500      0.4651848D-02
 10217.98046875000      0.4657757D-02
 10218.03027343750      0.4652653D-02
 10220.88671875000      0.4615511D-02
 10226.60156250000      0.4614909D-02
 10276.60156250000      0.4617479D-02
 10326.60156250000      0.4624256D-02
 10376.60156250000      0.4630461D-02
 10426.60156250000      0.4636759D-02
 10461.48046875000      0.4642837D-02
 10461.61328125000      0.4625753D-02
 10464.54687500000      0.4536493D-02
 10470.41601562500      0.4529097D-02
 10520.41601562500      0.4531967D-02
 10570.41601562500      0.4538225D-02
 10589.99023437500      0.4543575D-02
 10590.05664062500      0.4534525D-02
 10592.98730468750      0.4488378D-02
 10598.84960937500      0.4487029D-02
 10648.84960937500      0.4489444D-02
 10698.84960937500      0.4495727D-02
 10748.84960937500      0.4501333D-02
 10798.84960937500      0.4506878D-02
 10848.84960937500      0.4512490D-02
 10854.34960937500      0.4517531D-02
 10854.43359375000      0.4504365D-02
 10857.42089843750      0.4451234D-02
 10863.39550781250      0.4446505D-02
 10913.39550781250      0.4448614D-02
 10963.39550781250      0.4454748D-02
 10991.42968750000      0.4459715D-02
 10991.53027343750      0.4446580D-02
 10994.52832031250      0.4384279D-02
 11000.52441406250      0.4378635D-02
 11050.52441406250      0.4380964D-02
 11100.52441406250      0.4386457D-02
 11150.52441406250      0.4391560D-02
 11200.52441406250      0.4396632D-02
 11250.52441406250      0.4401807D-02
 11278.33984375000      0.4406374D-02
 11278.42285156250      0.4395574D-02
 11281.45214843750      0.4344748D-02
 11287.50976562500      0.4339978D-02
 11337.50976562500      0.4342076D-02
 11387.50976562500      0.4347377D-02
 11437.50976562500      0.4352245D-02
 11487.50976562500      0.4357212D-02
 11537.50976562500      0.4362123D-02
 11576.82031250000      0.4366885D-02
 11576.88671875000      0.4359439D-02
 11579.91601562500      0.4316821D-02
 11585.97460937500      0.4315082D-02
 11635.97460937500      0.4317270D-02
 11685.97460937500      0.4322333D-02
 11731.03027343750      0.4327092D-02
 11731.78027343750      0.4986436D-02
 11733.80078125000      0.4896546D-02
 11737.84277343750      0.4912484D-02
 11787.84277343750      0.4911349D-02
 11837.84277343750      0.4920427D-02
 11843.19042968750      0.4926907D-02
 11843.50683593750      0.5254411D-02
 11845.50488281250      0.5203641D-02
 11849.50292968750      0.5215066D-02
 11899.50292968750      0.5215369D-02
 11949.50292968750      0.5226244D-02
 11999.50292968750      0.5235600D-02
 12044.33984375000      0.5244878D-02
 12044.37304687500      0.5256877D-02
 12047.23242187500      0.5289420D-02
 12052.95019531250      0.5282399D-02
 12102.95019531250      0.5285113D-02
 12152.95019531250      0.5296781D-02
 12202.95019531250      0.5306648D-02
 12243.32031250000      0.5316340D-02
 12293.32031250000      0.5324558D-02
 12343.32031250000      0.5334994D-02
 12393.32031250000      0.5345338D-02
 12442.30957031250      0.5356288D-02
 12442.36035156250      0.5372145D-02
 12445.16406250000      0.5420823D-02
 12450.77050781250      0.5412041D-02
 12500.77050781250      0.5415517D-02
 12550.77050781250      0.5427491D-02
 12600.77050781250      0.5437250D-02
 12650.77050781250      0.5446704D-02
 12700.77050781250      0.5456493D-02
 12736.04980468750      0.5466222D-02
 12736.06640625000      0.5475306D-02
 12739.02832031250      0.5492094D-02
 12744.95312500000      0.5488813D-02
 12794.95312500000      0.5490869D-02
 12844.95312500000      0.5502705D-02
 12894.95312500000      0.5512687D-02
 12930.83984375000      0.5522744D-02
 12980.83984375000      0.5529682D-02
 13030.83984375000      0.5540671D-02
 13080.83984375000      0.5551219D-02
 13125.63964843750      0.5561586D-02
 13125.72363281250      0.5583317D-02
 13128.51074218750      0.5673623D-02
 13134.08496093750      0.5655259D-02
 13184.08496093750      0.5657390D-02
 13220.54003906250      0.5670491D-02
 13220.55664062500      0.5674485D-02
 13223.12695312500      0.5653200D-02
 13228.26660156250      0.5652256D-02
 13278.26660156250      0.5655339D-02
 13328.26660156250      0.5668090D-02
 13378.26660156250      0.5679013D-02
 13411.32031250000      0.5689952D-02
 13461.32031250000      0.5696512D-02
 13511.32031250000      0.5708548D-02
 13561.32031250000      0.5720088D-02
 13602.09960937500      0.5731291D-02
 13602.16699218750      0.5751004D-02
 13604.95410156250      0.5828062D-02
 13610.53027343750      0.5812225D-02
 13660.53027343750      0.5814256D-02
 13710.53027343750      0.5828485D-02
 13760.53027343750      0.5840226D-02
 13810.53027343750      0.5851766D-02
 13860.53027343750      0.5863497D-02
 13910.53027343750      0.5875219D-02
 13960.53027343750      0.5887205D-02
 14010.53027343750      0.5899213D-02
 14060.53027343750      0.5911161D-02
 14069.41015625000      0.5922656D-02
 14119.41015625000      0.5922924D-02
 14162.87988281250      0.5937378D-02
 14162.91308593750      0.5941994D-02
 14165.52636718750      0.5895868D-02
 14170.75292968750      0.5891886D-02
 14220.75292968750      0.5896707D-02
 14270.75292968750      0.5910897D-02
 14320.75292968750      0.5922913D-02
 14351.70996093750      0.5935119D-02
 14351.72656250000      0.5937811D-02
 14354.35449218750      0.5914490D-02
 14359.61035156250      0.5912782D-02
 14409.61035156250      0.5916034D-02
 14459.61035156250      0.5930695D-02
 14509.61035156250      0.5943100D-02
 14541.50976562500      0.5954911D-02
 14541.55957031250      0.5970143D-02
 14544.35253906250      0.6033310D-02
 14549.93750000000      0.6020637D-02
 14599.93750000000      0.6022597D-02
 14649.93750000000      0.6038109D-02
 14699.93750000000      0.6050931D-02
 14749.93750000000      0.6063771D-02
 14799.93750000000      0.6076317D-02
 14821.90039062500      0.6088730D-02
 14822.13378906250      0.6469334D-02
 14824.19042968750      0.6389977D-02
 14828.30371093750      0.6421150D-02
 14878.30371093750      0.6415923D-02
 14928.30371093750      0.6429963D-02
 14978.30371093750      0.6442339D-02
 15028.30371093750      0.6454896D-02
 15078.30371093750      0.6467225D-02
 15083.76953125000      0.6479400D-02
 15083.78710937500      0.6475142D-02
 15086.47558593750      0.6447186D-02
 15091.85253906250      0.6445089D-02
 15141.85253906250      0.6449203D-02
 15191.85253906250      0.6464813D-02
 15241.85253906250      0.6477614D-02
 15291.85253906250      0.6490681D-02
 15341.85253906250      0.6503754D-02
 15346.87988281250      0.6515613D-02
 15396.87988281250      0.6515466D-02
 15434.58984375000      0.6531282D-02
 15434.94042968750      0.5977173D-02
 15436.94726562500      0.5915823D-02
 15440.96289062500      0.5807914D-02
 15490.96289062500      0.5833670D-02
 15540.96289062500      0.5839727D-02
 15590.96289062500      0.5850902D-02
 15629.37988281250      0.5861341D-02
 15679.37988281250      0.5868923D-02
 15729.37988281250      0.5879933D-02
 15779.37988281250      0.5890655D-02
 15824.17968750000      0.5901879D-02
 15824.64648437500      0.5276181D-02
 15826.64453125000      0.5223326D-02
 15830.64160156250      0.5125552D-02
 15880.64160156250      0.5146411D-02
 15930.64160156250      0.5149422D-02
 15980.64160156250      0.5156680D-02
 16030.64160156250      0.5163675D-02
 16052.63964843750      0.5170026D-02
 16052.69042968750      0.5180731D-02
 16055.48632812500      0.5236149D-02
 16061.07812500000      0.5225340D-02
 16111.07812500000      0.5227155D-02
 16161.07812500000      0.5236035D-02
 16211.07812500000      0.5243754D-02
 16261.07812500000      0.5251227D-02
 16276.95996093750      0.5258761D-02
 16277.69335937500      0.6204741D-02
 16279.65234375000      0.6211233D-02
 16283.56933593750      0.6216199D-02
 16333.56933593750      0.6218098D-02
 16365.50000000000      0.6228797D-02
 16365.70019531250      0.6630237D-02
 16367.82031250000      0.6524682D-02
 16372.06152343750      0.6571479D-02
 16422.06250000000      0.6560158D-02
 16472.06250000000      0.6569324D-02
 16522.06250000000      0.6574555D-02
 16572.06250000000      0.6581609D-02
 16622.06250000000      0.6589384D-02
 16672.06250000000      0.6597628D-02
 16700.43945312500      0.6605147D-02
 16700.45703125000      0.6605578D-02
 16702.90039062500      0.6570518D-02
 16707.78906250000      0.6570906D-02
 16757.78906250000      0.6575198D-02
 16807.78906250000      0.6586120D-02
 16857.78906250000      0.6595402D-02
 16868.67968750000      0.6604287D-02
 16918.67968750000      0.6606652D-02
 16968.67968750000      0.6619250D-02
 17018.67968750000      0.6629704D-02
 17036.91015625000      0.6640056D-02
 17037.02734375000      0.6621308D-02
 17039.64453125000      0.6392139D-02
 17044.88085937500      0.6393080D-02
 17094.88085937500      0.6394898D-02
 17144.88085937500      0.6412329D-02
 17194.88085937500      0.6424462D-02
 17244.88085937500      0.6440048D-02
 17294.88085937500      0.6453230D-02
 17344.88085937500      0.6466368D-02
 17384.42968750000      0.6479938D-02
 17434.42968750000      0.6491088D-02
 17484.42968750000      0.6506166D-02
 17534.42968750000      0.6521880D-02
 17558.19921875000      0.6535563D-02
 17558.21679687500      0.6536630D-02
 17560.73046875000      0.6499277D-02
 17565.75976562500      0.6501382D-02
 17615.75976562500      0.6506278D-02
 17665.75976562500      0.6525844D-02
 17715.75976562500      0.6540571D-02
 17732.77929687500      0.6555260D-02
 17733.34570312500      0.5510995D-02
 17735.40625000000      0.5506931D-02
 17739.52929687500      0.5364208D-02
 17789.52929687500      0.5401949D-02
 17839.52929687500      0.5403608D-02
 17889.52929687500      0.5414647D-02
 17939.52929687500      0.5425621D-02
 17940.71093750000      0.5433842D-02
 17940.72656250000      0.5428818D-02
 17943.45703125000      0.5402685D-02
 17948.91796875000      0.5405243D-02
 17998.91796875000      0.5408295D-02
 18048.91796875000      0.5420550D-02
 18098.91796875000      0.5431150D-02
 18148.91796875000      0.5441633D-02
 18198.91796875000      0.5452443D-02
 18248.91796875000      0.5463601D-02
 18254.35937500000      0.5473289D-02
 18254.39257812500      0.5466344D-02
 18257.10742187500      0.5412871D-02
 18262.53710937500      0.5417034D-02
 18312.53710937500      0.5420747D-02
 18362.53710937500      0.5434479D-02
 18412.53710937500      0.5445402D-02
 18462.53710937500      0.5457009D-02
 18465.84960937500      0.5466958D-02
 18515.84960937500      0.5466475D-02
 18565.84960937500      0.5481476D-02
 18615.84960937500      0.5493726D-02
 18665.84960937500      0.5505957D-02
 18677.34960937500      0.5517333D-02
 18677.48242187500      0.5540014D-02
 18679.06640625000      0.5761843D-02
 18682.23046875000      0.5700575D-02
 18732.23046875000      0.5708048D-02
 18778.47070312500      0.5723236D-02
 18778.48632812500      0.5730711D-02
 18780.93945312500      0.5697540D-02
 18785.84570312500      0.5701035D-02
 18835.84570312500      0.5705201D-02
 18885.84570312500      0.5721596D-02
 18935.84570312500      0.5735636D-02
 18985.84570312500      0.5749801D-02
 19035.84570312500      0.5764012D-02
 19083.50976562500      0.5778305D-02
 19083.59375000000      0.5775959D-02
 19086.24804687500      0.5630135D-02
 19091.55468750000      0.5637947D-02
 19141.55468750000      0.5639100D-02
 19191.55468750000      0.5656333D-02
 19241.55468750000      0.5669833D-02
 19291.55468750000      0.5683956D-02
 19292.60937500000      0.5696632D-02
 19292.66015625000      0.5684525D-02
 19295.38671875000      0.5600065D-02
 19300.84179687500      0.5604568D-02
 19350.84179687500      0.5607459D-02
 19400.84179687500      0.5624539D-02
 19450.84179687500      0.5638274D-02
 19500.84179687500      0.5652322D-02
 19505.32031250000      0.5664449D-02
 19505.36914062500      0.5653903D-02
 19508.11914062500      0.5570360D-02
 19513.61523437500      0.5575703D-02
 19563.61523437500      0.5577859D-02
 19613.61523437500      0.5594818D-02
 19663.61523437500      0.5608636D-02
 19713.61523437500      0.5622816D-02
 19721.75976562500      0.5635089D-02
 19771.75976562500      0.5636117D-02
 19821.75976562500      0.5653881D-02
 19871.75976562500      0.5668928D-02
 19921.75976562500      0.5683376D-02
 19971.75976562500      0.5698410D-02
 20021.75976562500      0.5713824D-02
 20046.41992187500      0.5727793D-02
 20046.47070312500      0.5741041D-02
 20049.24414062500      0.5829366D-02
 20054.79101562500      0.5806147D-02
 20104.79101562500      0.5812499D-02
 20154.79101562500      0.5832416D-02
 20204.79101562500      0.5848781D-02
 20254.79101562500      0.5864821D-02
 20259.13085937500      0.5879007D-02
 20259.16406250000      0.5870741D-02
 20261.93164062500      0.5809098D-02
 20267.46875000000      0.5813853D-02
 20317.46875000000      0.5817108D-02
 20366.72070312500      0.5837318D-02
 20367.00390625000      0.5325996D-02
 20369.07421875000      0.5342960D-02
 20373.21875000000      0.5274612D-02
 20423.21875000000      0.5292046D-02
 20473.21875000000      0.5302554D-02
 20486.10937500000      0.5313538D-02
 20486.71093750000      0.6313290D-02
 20488.73242187500      0.6319076D-02
 20492.77539062500      0.6320031D-02
 20542.77539062500      0.6325257D-02
 20583.00000000000      0.6348303D-02
 20583.43359375000      0.5444168D-02
 20585.55664062500      0.5505398D-02
 20589.80468750000      0.5395835D-02
 20639.80468750000      0.5425774D-02
 20689.80468750000      0.5432583D-02
 20739.80468750000      0.5445128D-02
 20789.80468750000      0.5457375D-02
 20807.31054687500      0.5467946D-02
 20807.41015625000      0.5452043D-02
 20810.14257812500      0.5280429D-02
 20815.60742187500      0.5299076D-02
 20865.60742187500      0.5296806D-02
 20915.60742187500      0.5311616D-02
 20965.60742187500      0.5322488D-02
 21015.60742187500      0.5334925D-02
 21040.08007812500      0.5345468D-02
 21040.11328125000      0.5342804D-02
 21042.82226562500      0.5286297D-02
 21048.24218750000      0.5292704D-02
 21098.24218750000      0.5294605D-02
 21148.24218750000      0.5309054D-02
 21198.24218750000      0.5321003D-02
 21248.24218750000      0.5333421D-02
 21275.82031250000      0.5344851D-02
 21275.93750000000      0.5328562D-02
 21278.69921875000      0.5136017D-02
 21284.22460937500      0.5155418D-02
 21334.22460937500      0.5152837D-02
 21384.22460937500      0.5167181D-02
 21434.22460937500      0.5178569D-02
 21484.22460937500      0.5190168D-02
 21522.56054687500      0.5201565D-02
 21522.66015625000      0.5190551D-02
 21525.42187500000      0.5030885D-02
 21530.94335937500      0.5046209D-02
 21580.94335937500      0.5044826D-02
 21630.94335937500      0.5058776D-02
 21680.94335937500      0.5069331D-02
 21730.94335937500      0.5080393D-02
 21779.58984375000      0.5091731D-02
 21779.64062500000      0.5091692D-02
 21782.36718750000      0.5011636D-02
 21787.82031250000      0.5019432D-02
 21837.82031250000      0.5020940D-02
 21887.82031250000      0.5034262D-02
 21937.82031250000      0.5044783D-02
 21987.82031250000      0.5056524D-02
 22037.82031250000      0.5067480D-02
 22042.08007812500      0.5077105D-02
 22042.17968750000      0.5058263D-02
 22045.00976562500      0.4906947D-02
 22050.66992187500      0.4919843D-02
 22100.66992187500      0.4919451D-02
 22150.66992187500      0.4932205D-02
 22179.16015625000      0.4941763D-02
 22179.25976562500      0.4928356D-02
 22182.08398437500      0.4782906D-02
 22187.73242187500      0.4794559D-02
 22237.73242187500      0.4794180D-02
 22287.73242187500      0.4805994D-02
 22337.73242187500      0.4815573D-02
 22387.73242187500      0.4825400D-02
 22437.73242187500      0.4835375D-02
 22487.73242187500      0.4845666D-02
 22537.73242187500      0.4853901D-02
 22587.73242187500      0.4862393D-02
 22609.51953125000      0.4870939D-02
 22609.63671875000      0.4853259D-02
 22612.49218750000      0.4688460D-02
 22618.20703125000      0.4699821D-02
 22668.20703125000      0.4697707D-02
 22718.20703125000      0.4707602D-02
 22768.20703125000      0.4715029D-02
 22818.20703125000      0.4722684D-02
 22868.20703125000      0.4730892D-02
 22912.89062500000      0.4738602D-02
 22913.03906250000      0.4519969D-02
 22914.80273437500      0.4533716D-02
 22918.32812500000      0.4508577D-02
 22968.32812500000      0.4514006D-02
 23018.32812500000      0.4521280D-02
 23068.32812500000      0.4528166D-02
 23118.32812500000      0.4534833D-02
 23168.32812500000      0.4541565D-02
 23218.32812500000      0.4548805D-02
 23240.42968750000      0.4555761D-02
 23240.51367187500      0.4543790D-02
 23243.41796875000      0.4437814D-02
 23249.22851562500      0.4443573D-02
 23299.22851562500      0.4443266D-02
 23349.22851562500      0.4450936D-02
 23399.22851562500      0.4458282D-02
 23449.22851562500      0.4464927D-02
 23499.22851562500      0.4471033D-02
 23549.22851562500      0.4477656D-02
 23583.11914062500      0.4484094D-02
 23583.25390625000      0.4464706D-02
 23586.17773437500      0.4301929D-02
 23592.02734375000      0.4309027D-02
 23642.02734375000      0.4307917D-02
 23692.02734375000      0.4314813D-02
 23742.02734375000      0.4320400D-02
 23792.02734375000      0.4326355D-02
 23842.02734375000      0.4332198D-02
 23892.02734375000      0.4338077D-02
 23942.02734375000      0.4343983D-02
 23953.24023437500      0.4350062D-02
 23953.33984375000      0.4333184D-02
 23956.29687500000      0.4216865D-02
 23962.21289062500      0.4221087D-02
 24012.21289062500      0.4221006D-02
 24062.21289062500      0.4227213D-02
 24112.21289062500      0.4232315D-02
 24150.10937500000      0.4237963D-02
 24150.17578125000      0.4230082D-02
 24153.11718750000      0.4154337D-02
 24158.99804687500      0.4156850D-02
 24208.99804687500      0.4156895D-02
 24258.99804687500      0.4162634D-02
 24308.99804687500      0.4167658D-02
 24358.99804687500      0.4172732D-02
 24408.99804687500      0.4177969D-02
 24458.99804687500      0.4183033D-02
 24508.99804687500      0.4187957D-02
 24558.99804687500      0.4193290D-02
 24561.33984375000      0.4198627D-02
 24561.49023437500      0.4171630D-02
 24563.24609375000      0.4010420D-02
 24566.75976562500      0.4013585D-02
 24616.75976562500      0.4012931D-02
 24666.75976562500      0.4017992D-02
 24716.75976562500      0.4022180D-02
 24766.75976562500      0.4026742D-02
 24816.75976562500      0.4031062D-02
 24866.75976562500      0.4035482D-02
 24916.75976562500      0.4039960D-02
 24966.75976562500      0.4044348D-02
 25016.75976562500      0.4048693D-02
 25018.26953125000      0.4053316D-02
 25019.76953125000      0.6444455D-02
 25021.80468750000      0.6463335D-02
 25025.87304687500      0.6449474D-02
 25075.87304687500      0.6456623D-02
 25125.87304687500      0.6482094D-02
 25175.87304687500      0.6501284D-02
 25225.87304687500      0.6522014D-02
 25275.87304687500      0.6542036D-02
 25325.87304687500      0.6562734D-02
 25342.92968750000      0.6584261D-02
 25392.92968750000      0.6585867D-02
 25442.92968750000      0.6613992D-02
 25492.92968750000      0.6634452D-02
 25542.92968750000      0.6657057D-02
 25559.36914062500      0.6679281D-02
 25559.38671875000      0.6685435D-02
 25562.21679687500      0.6736216D-02
 25567.87695312500      0.6720640D-02
 25617.87695312500      0.6726221D-02
 25667.87695312500      0.6756229D-02
 25717.87695312500      0.6778516D-02
 25767.87695312500      0.6802686D-02
 25817.87695312500      0.6825352D-02
 25867.87695312500      0.6849710D-02
 25882.14062500000      0.6874565D-02
 25882.15625000000      0.6878148D-02
 25884.94140625000      0.6934008D-02
 25890.51171875000      0.6916182D-02
 25940.51171875000      0.6921995D-02
 25990.51171875000      0.6955230D-02
 26040.51171875000      0.6979433D-02
 26090.51171875000      0.7006137D-02
 26140.51171875000      0.7031388D-02
 26190.51171875000      0.7057487D-02
 26203.05078125000      0.7084349D-02
 26203.25000000000      0.6425707D-02
 26205.56250000000      0.6535754D-02
 26210.18945312500      0.6452281D-02
 26260.18945312500      0.6475883D-02
 26310.18945312500      0.6499396D-02
 26360.18945312500      0.6520137D-02
 26410.18945312500      0.6541274D-02
 26432.93945312500      0.6562669D-02
 26433.27343750000      0.7881527D-02
 26435.72460937500      0.7370903D-02
 26440.62695312500      0.7557168D-02
 26490.62695312500      0.7488315D-02
 26540.62695312500      0.7552372D-02
 26590.62695312500      0.7575041D-02
 26640.62695312500      0.7607719D-02
 26690.62695312500      0.7639763D-02
 26739.66015625000      0.7672512D-02
 26739.69335937500      0.7695665D-02
 26742.25781250000      0.7544383D-02
 26747.38867187500      0.7586432D-02
 26797.38867187500      0.7575349D-02
 26847.38867187500      0.7621289D-02
 26897.38867187500      0.7651264D-02
 26947.38867187500      0.7684554D-02
 26997.38867187500      0.7717832D-02
 27047.38867187500      0.7751242D-02
 27049.81054687500      0.7784566D-02
 27099.81054687500      0.7773311D-02
 27149.81054687500      0.7823765D-02
 27153.18945312500      0.7857811D-02
 27153.42382812500      0.6902055D-02
 27155.81445312500      0.7091608D-02
 27160.59570312500      0.6969677D-02
 27210.59570312500      0.7006502D-02
 27260.59570312500      0.7030159D-02
 27310.59570312500      0.7056508D-02
 27360.59570312500      0.7083286D-02
 27377.50000000000      0.7109041D-02
 27427.50000000000      0.7111891D-02
 27477.50000000000      0.7147154D-02
 27527.50000000000      0.7173601D-02
 27577.50000000000      0.7201906D-02
 27601.81054687500      0.7230981D-02
 27601.84375000000      0.7246166D-02
 27604.76171875000      0.7371983D-02
 27610.59960937500      0.7329892D-02
 27660.59960937500      0.7345087D-02
 27710.59960937500      0.7383050D-02
 27760.59960937500      0.7410986D-02
 27810.59960937500      0.7442208D-02
 27823.43945312500      0.7473272D-02
 27823.62304687500      0.6754169D-02
 27826.86914062500      0.6900438D-02
 27835.12890625000      0.6808958D-02
 27885.12890625000      0.6839911D-02
 27935.12890625000      0.6866883D-02
 27985.12890625000      0.6891734D-02
 28035.12890625000      0.6916245D-02
 28060.68945312500      0.6941464D-02
 28060.77343750000      0.6967300D-02
 28063.64062500000      0.7284422D-02
 28069.37500000000      0.7173166D-02
 28119.37500000000      0.7207358D-02
 28169.37500000000      0.7234923D-02
 28219.37500000000      0.7263889D-02
 28269.37500000000      0.7292880D-02
 28290.57031250000      0.7321979D-02
 28290.58593750000      0.7332191D-02
 28293.48632812500      0.7401741D-02
 28299.28906250000      0.7379548D-02
 28349.28906250000      0.7387168D-02
 28399.28906250000      0.7428505D-02
 28449.28906250000      0.7456934D-02
 28499.28906250000      0.7488817D-02
 28519.03906250000      0.7519894D-02
 28519.07421875000      0.7518283D-02
 28521.89257812500      0.7373783D-02
 28527.52929687500      0.7413689D-02
 28577.52929687500      0.7405258D-02
 28627.52929687500      0.7447989D-02
 28677.52929687500      0.7480821D-02
 28727.52929687500      0.7512186D-02
 28750.34960937500      0.7543849D-02
 28750.44921875000      0.7530808D-02
 28753.31640625000      0.7115679D-02
 28759.05078125000      0.7222186D-02
 28809.05078125000      0.7188408D-02
 28859.05078124999      0.7232257D-02
 28909.05078124999      0.7258822D-02
 28959.05078124999      0.7290015D-02
 28990.68945312499      0.7319195D-02
 28990.80664062499      0.7358627D-02
 28993.69726562499      0.7883770D-02
 28999.47656250000      0.7687069D-02
 29049.47656250000      0.7749878D-02
 29099.47656250000      0.7773807D-02
 29149.47656250000      0.7812709D-02
 29199.47656250000      0.7848985D-02
 29220.57031250000      0.7884013D-02
 29220.58593750000      0.7887751D-02
 29223.34960937499      0.7799948D-02
 29228.87500000000      0.7827318D-02
 29278.87500000000      0.7827131D-02
 29328.87500000000      0.7876333D-02
 29378.87500000000      0.7911375D-02
 29428.87500000000      0.7948518D-02
 29451.89062500000      0.7986628D-02
 29452.95703124999      0.5095488D-02
 29455.09960937499      0.4984396D-02
 29459.38281250000      0.4893446D-02
 29509.38281250000      0.4907900D-02
 29559.38281250000      0.4915675D-02
 29609.38281250000      0.4924821D-02
 29644.66015624999      0.4933607D-02
 29645.09375000000      0.6122686D-02
 29647.33984374999      0.5782235D-02
 29651.83203124999      0.5870764D-02
 29701.83203124999      0.5846441D-02
 29751.83203124999      0.5869842D-02
 29801.83203124999      0.5883528D-02
 29851.83203124999      0.5899461D-02
 29901.83203124999      0.5914940D-02
 29951.83203124999      0.5931040D-02
 30001.83203124999      0.5947552D-02
 30051.83203124999      0.5963610D-02
 30099.71093750000      0.5980117D-02
 30100.24414062499      0.7638530D-02
 30102.45703124999      0.7645364D-02
 30106.88281250000      0.7637705D-02
 30156.88281250000      0.7644784D-02
 30206.88281250000      0.7687579D-02
 30219.88085937499      0.7720530D-02
 30221.16406250000      0.4495922D-02
 30223.28710937499      0.4401350D-02
 30227.53515624999      0.4323140D-02
 30277.53515624999      0.4332956D-02
 30327.53515624999      0.4337630D-02
 30377.53515624999      0.4343057D-02
 30427.53515624999      0.4348428D-02
 30460.21093750000      0.4354149D-02
 30461.69335937499      0.8339565D-02
 30463.84765624999      0.8378846D-02
 30468.15820312499      0.8332071D-02
 30518.15820312499      0.8356047D-02
 30568.15820312499      0.8407106D-02
 30571.68945312499      0.8444656D-02
 30571.72265624999      0.8421927D-02
 30574.64843750000      0.8222171D-02
 30580.49804687499      0.8296801D-02
 30630.49804687499      0.8273341D-02
 30680.49804687499      0.8335123D-02
 30730.49804687499      0.8369480D-02
 30780.49804687499      0.8411752D-02
 30797.36914062499      0.8453965D-02
 30797.40429687499      0.8447620D-02
 30800.27343750000      0.8241653D-02
 30806.01562500000      0.8317703D-02
 30856.01562500000      0.8294590D-02
 30906.01562500000      0.8358644D-02
 30956.01562500000      0.8394322D-02
 31006.01562500000      0.8438441D-02
 31025.83984374999      0.8480079D-02
 31026.12304687499      0.6950317D-02
 31028.62304687499      0.7346407D-02
 31033.62500000000      0.7156345D-02
 31083.62500000000      0.7219283D-02
 31133.62500000000      0.7236547D-02
 31153.46093750000      0.7267338D-02
 31153.67578124999      0.8571303D-02
 31156.30273437499      0.8008982D-02
 31161.55664062499      0.8232184D-02
 31211.55664062499      0.8141524D-02
 31261.55664062499      0.8231097D-02
 31270.58007812499      0.8257654D-02
 31270.77929687499      0.7145941D-02
 31274.02539062499      0.7459439D-02
 31282.92187500000      0.7311171D-02
 31332.92187500000      0.7366016D-02
 31382.92187500000      0.7388648D-02
 31432.92187500000      0.7421626D-02
 31482.92187500000      0.7450846D-02
 31524.08984374999      0.7482926D-02
 31524.42382812499      0.9069474D-02
 31526.77343750000      0.9073439D-02
 31531.47460937499      0.9070318D-02
 31581.47460937499      0.9077173D-02
 31631.47460937499      0.9151815D-02
 31635.57031250000      0.9199087D-02
 31635.58593750000      0.9174797D-02
 31638.58593750000      0.9046901D-02
 31644.58789062499      0.9100968D-02
 31694.58789062499      0.9095371D-02
 31744.58789062499      0.9175343D-02
 31794.58789062499      0.9221882D-02
 31844.58789062499      0.9280153D-02
 31859.88085937499      0.9334774D-02
 31859.89648437499      0.9329746D-02
 31862.75000000000      0.9188798D-02
 31868.45703124999      0.9247028D-02
 31918.45703124999      0.9239577D-02
 31968.45703124999      0.9323455D-02
 31972.71093750000      0.9375536D-02
 31972.72656250000      0.9351186D-02
 31975.76562500000      0.9217073D-02
 31981.84375000000      0.9273554D-02
 32031.84375000000      0.9266690D-02
 32081.84375000000      0.9352011D-02
 32131.84375000000      0.9405217D-02
 32181.84375000000      0.9464527D-02
 32199.77929687499      0.9526977D-02
 32199.81250000000      0.9519824D-02
 32202.71484374999      0.9237277D-02
 32208.51562500000      0.9353383D-02
 32258.51562500000      0.9314080D-02
 32308.51562500000      0.9410771D-02
 32314.72070312499      0.9461326D-02
 32364.72070312499      0.9445818D-02
 32414.72070312499      0.9540284D-02
 32429.66015624999      0.9591207D-02
 32429.67578124999      0.9588113D-02
 32432.56445312499      0.9436840D-02
 32438.34179687499      0.9500507D-02
 32488.34179687499      0.9492856D-02
 32538.34179687499      0.9584575D-02
 32588.34179687499      0.9638722D-02
 32638.34179687499      0.9706071D-02
 32660.98046874999      0.9770603D-02
 32661.06250000000      0.9805082D-02
 32664.02343750000      0.1063849D-01
 32669.94140624999      0.1023846D-01
 32719.94140624999      0.1041882D-01
 32769.94140624999      0.1045228D-01
 32773.14062500000      0.1054664D-01
 32773.19140624999      0.1049732D-01
 32776.22656250000      0.1000201D-01
 32782.29296874999      0.1021047D-01
 32832.29296874999      0.1012618D-01
 32882.29296874999      0.1026791D-01
 32932.29296874999      0.1032231D-01
 32982.29296874999      0.1040444D-01
 33032.29296874999      0.1048263D-01
 33082.29296874999      0.1055987D-01
 33115.82812500000      0.1064199D-01
 33115.86328124999      0.1067367D-01
 33118.68750000000      0.1029864D-01
 33124.33593750000      0.1046091D-01
 33174.33593750000      0.1039836D-01
 33224.33593750000      0.1053181D-01
 33274.33593750000      0.1059637D-01
 33324.33593750000      0.1068435D-01
 33347.14843750000      0.1076652D-01
 33347.16796874999      0.1077748D-01
 33349.99609374999      0.1057708D-01
 33355.65625000000      0.1066263D-01
 33405.65625000000      0.1064755D-01
 33455.65625000000      0.1077562D-01
 33463.53906250000      0.1084838D-01
 33463.57421874999      0.1083900D-01
 33466.56250000000      0.1123637D-01
 33472.53515624999      0.1105492D-01
 33522.53515624999      0.1113868D-01
 33572.53515624999      0.1125127D-01
 33578.48046874999      0.1134709D-01
 33578.59765624999      0.1128442D-01
 33581.65625000000      0.1001414D-01
 33587.77734374999      0.1050472D-01
 33637.77734374999      0.1029147D-01
 33687.77734374999      0.1049480D-01
 33737.77734374999      0.1052266D-01
 33787.77734374999      0.1061642D-01
 33818.82031250000      0.1069653D-01
 33818.90234374999      0.1070971D-01
 33821.88281250000      0.9831773D-02
 33827.84375000000      0.1016268D-01
 33877.84375000000      0.1002934D-01
 33927.84375000000      0.1018263D-01
 33977.84375000000      0.1023424D-01
 34027.84375000000      0.1031428D-01
 34067.21093750000      0.1038939D-01
 34067.41015624999      0.8624732D-02
 34070.65625000000      0.9166581D-02
 34079.95703124999      0.8921270D-02
 34129.95703124999      0.9017109D-02
 34179.95703124999      0.9058545D-02
 34202.28906250000      0.9117691D-02
 34202.52343750000      0.7506413D-02
 34205.03906250000      0.7922550D-02
 34210.07031250000      0.7746052D-02
 34260.07031250000      0.7803782D-02
 34310.07031250000      0.7834870D-02
 34352.75000000000      0.7873882D-02
 34352.93359374999      0.6869606D-02
 34356.17968750000      0.7111934D-02
 34364.65234374999      0.7014253D-02
 34414.65234374999      0.7046353D-02
 34464.65234374999      0.7076775D-02
 34514.65234374999      0.7104806D-02
 34517.96875000000      0.7132824D-02
 34518.17187500000      0.8408127D-02
 34521.41406250000      0.7926609D-02
 34530.32812500000      0.8092267D-02
 34580.32812500000      0.8042716D-02
 34630.32812500000      0.8106569D-02
 34667.21093750000      0.8141998D-02
 34667.24218750000      0.8176479D-02
 34670.44140624999      0.8395968D-02
 34676.83984374999      0.8318452D-02
 34726.83984374999      0.8349853D-02
 34776.83984374999      0.8401310D-02
 34814.08984374999      0.8444203D-02
 34814.10546874999      0.8478065D-02
 34817.35156250000      0.8592709D-02
 34824.04296874999      0.8552709D-02
 34874.04296874999      0.8569969D-02
 34924.04296874999      0.8631595D-02
 34959.80078124999      0.8674948D-02
 35009.80078124999      0.8704399D-02
 35059.80078124999      0.8762191D-02
 35109.80078124999      0.8808842D-02
 35159.80078124999      0.8861255D-02
 35209.80078124999      0.8910660D-02
 35251.23046874999      0.8964019D-02
 35251.37890624999      0.8963841D-02
 35253.16406250000      0.7876052D-02
 35256.73046874999      0.8188470D-02
 35306.73046874999      0.8078068D-02
 35356.73046874999      0.8167006D-02
 35406.73046874999      0.8194310D-02
 35408.05078124999      0.8239731D-02
 35408.10156250000      0.8213497D-02
 35411.25781250000      0.7887030D-02
 35417.57421874999      0.7989643D-02
 35467.57421874999      0.7960504D-02
 35517.57421874999      0.8018842D-02
 35567.57421874999      0.8052333D-02
 35568.96875000000      0.8093384D-02
 35569.20312500000      0.1014954D-01
 35571.84375000000      0.9273473D-02
 35577.12500000000      0.9584443D-02
 35627.12500000000      0.9468728D-02
 35677.12500000000      0.9592698D-02
 35712.42968750000      0.9636323D-02
 35712.44531250000      0.9672318D-02
 35715.24218750000      0.9494400D-02
 35720.83593750000      0.9559212D-02
 35770.83593750000      0.9551587D-02
 35820.83593750000      0.9638419D-02
 35870.83593750000      0.9692132D-02
 35920.83593750000      0.9757663D-02
 35970.83593750000      0.9821110D-02
 36001.57812500000      0.9887192D-02
 36051.57812500000      0.9914336D-02
 36101.57812500000      0.9994810D-02
 36146.14843750000      0.1006040D-01
 36146.39843750000      0.7990594D-02
 36148.93750000000      0.8511428D-02
 36154.01171874999      0.8303632D-02
 36204.01171874999      0.8367801D-02
 36254.01171874999      0.8404607D-02
 36304.01171874999      0.8450413D-02
 36354.01171874999      0.8493223D-02
 36404.01171874999      0.8536656D-02
 36454.01171874999      0.8581330D-02
 36473.69140624999      0.8626569D-02
 36473.75781250000      0.8651846D-02
 36476.90625000000      0.9205041D-02
 36483.20312500000      0.8997947D-02
 36533.20312500000      0.9073430D-02
 36583.20312500000      0.9125974D-02
 36631.85937500000      0.9178224D-02
 36632.01171874999      0.9267148D-02
 36633.83203124999      0.1083863D-01
 36637.48046874999      0.1016526D-01
 36687.48046874999      0.1041186D-01
 36737.48046874999      0.1042010D-01
 36787.48046874999      0.1050698D-01
 36837.48046874999      0.1057754D-01
 36887.48046874999      0.1065496D-01
 36925.58984374999      0.1073096D-01
 36925.70703124999      0.1075069D-01
 36928.84765624999      0.9490225D-02
 36935.13671874999      0.9888986D-02
 36985.13671874999      0.9747049D-02
 37035.13671874999      0.9876294D-02
 37081.10937500000      0.9924206D-02
 37081.14453124999      0.9993111D-02
 37084.39062500000      0.1032732D-01
 37091.12500000000      0.1020518D-01
 37141.12500000000      0.1025580D-01
 37191.12500000000      0.1033898D-01
 37234.03906250000      0.1040862D-01
 37234.07421874999      0.1045561D-01
 37237.06250000000      0.1006411D-01
 37243.03515624999      0.1020176D-01
 37293.03515624999      0.1016418D-01
 37343.03515624999      0.1026515D-01
 37389.55078124999      0.1032865D-01
 37389.71484374999      0.1279241D-01
 37392.96093750000      0.1172366D-01
 37402.97656250000      0.1213484D-01
 37452.97656250000      0.1199258D-01
 37502.97656250000      0.1218999D-01
 37552.97656250000      0.1226663D-01
 37602.97656250000      0.1238333D-01
 37652.97656250000      0.1248916D-01
 37676.46093750000      0.1260125D-01
 37676.55859374999      0.1259242D-01
 37679.75000000000      0.1110907D-01
 37686.13671874999      0.1161553D-01
 37736.13671874999      0.1142635D-01
 37786.13671874999      0.1161549D-01
 37826.92187500000      0.1168090D-01
 37827.00390624999      0.1178269D-01
 37830.25000000000      0.1312617D-01
 37836.73828124999      0.1254638D-01
 37886.73828124999      0.1278397D-01
 37936.73828124999      0.1285740D-01
 37971.48828124999      0.1298529D-01
 37971.52343750000      0.1305897D-01
 37974.76953124999      0.1365754D-01
 37981.50781250000      0.1341395D-01
 38031.50781250000      0.1352127D-01
 38081.50781250000      0.1368169D-01
 38113.85156250000      0.1381125D-01
 38113.88281250000      0.1386864D-01
 38116.98437500000      0.1318852D-01
 38123.18359374999      0.1345625D-01
 38173.18359374999      0.1337379D-01
 38223.18359374999      0.1358223D-01
 38258.42187500000      0.1369391D-01
 38258.53515624999      0.1381615D-01
 38261.78125000000      0.1665963D-01
 38268.28125000000      0.1527641D-01
 38318.28125000000      0.1586006D-01
 38368.28125000000      0.1586594D-01
 38395.50000000000      0.1612562D-01
 38445.50000000000      0.1617432D-01
 38495.50000000000      0.1643200D-01
 38532.57812500000      0.1661779D-01
 38582.57812500000      0.1676418D-01
 38632.57812500000      0.1703436D-01
 38669.66015624999      0.1724165D-01
 38669.67578124999      0.1739340D-01
 38672.92187500000      0.1786915D-01
 38680.35937500000      0.1769554D-01
 38730.35937500000      0.1780003D-01
 38780.35937500000      0.1811750D-01
 38805.73046874999      0.1835654D-01
 38805.74609374999      0.1841848D-01
 38808.77343750000      0.1778618D-01
 38814.82421874999      0.1805559D-01
 38864.82421874999      0.1800798D-01
 38914.82421874999      0.1838569D-01
 38942.80859374999      0.1862093D-01
 38992.80859374999      0.1872048D-01
 39042.80859374999      0.1907320D-01
 39079.89062500000      0.1933633D-01
 39129.89062500000      0.1952533D-01
 39179.89062500000      0.1986848D-01
 39229.89062500000      0.2016635D-01
 39279.89062500000      0.2049276D-01
 39329.89062500000      0.2083450D-01
 39354.05078124999      0.2117284D-01
 39354.16796874999      0.2120660D-01
 39357.41406250000      0.1674400D-01
 39364.00000000000      0.1834536D-01
 39414.00000000000      0.1765530D-01
 39464.00000000000      0.1825426D-01
 39498.62890624999      0.1840384D-01
 39498.67968750000      0.1860671D-01
 39501.92578124999      0.2058413D-01
 39508.78906250000      0.1967303D-01
 39558.78906250000      0.2008319D-01
 39608.78906250000      0.2040241D-01
 39658.78906250000      0.2072965D-01
 39708.78906250000      0.2105659D-01
 39758.78906250000      0.2141140D-01
 39781.14843750000      0.2176230D-01
 39781.18359374999      0.2185921D-01
 39784.42968750000      0.2365793D-01
 39791.21484374999      0.2285982D-01
 39841.21484374999      0.2324311D-01
 39891.21484374999      0.2374617D-01
 39920.30078124999      0.2417221D-01
 39920.35156250000      0.2437801D-01
 39923.59375000000      0.2709588D-01
 39930.43750000000      0.2656743D-01
 39980.43750000000      0.2685502D-01
 40030.43750000000      0.2706639D-01
 40056.37109374999      0.2704439D-01
 40056.43750000000      0.2706838D-01
 40059.68359374999      0.2392279D-01
 40066.31640624999      0.2525344D-01
 40116.31640624999      0.2474601D-01
 40166.31640624999      0.2563192D-01
 40196.57031250000      0.2603585D-01
 40196.58593750000      0.2630294D-01
 40199.58593750000      0.2495659D-01
 40205.58593750000      0.2551659D-01
 40255.58593750000      0.2543348D-01
 40305.58593750000      0.2620585D-01
 40337.82812500000      0.2666458D-01
 40337.91406250000      0.2705372D-01
 40341.16015624999      0.2705936D-01
 40347.95312500000      0.2705661D-01
 40397.95312500000      0.2704818D-01
 40447.95312500000      0.2704284D-01
 40473.89843750000      0.2703622D-01
 40473.96484374999      0.2689097D-01
 40477.21093750000      0.2688003D-01
 40483.86328124999      0.2686107D-01
 40533.86328124999      0.2685924D-01
 40583.86328124999      0.2685605D-01
 40614.10156250000      0.2685312D-01
 40614.16796874999      0.2698404D-01
 40617.41406250000      0.2698894D-01
 40624.28906250000      0.2698678D-01
 40674.28906250000      0.2698004D-01
 40724.28906250000      0.2697187D-01
 40774.28906250000      0.2696285D-01
 40824.28906250000      0.2695394D-01
 40874.28906250000      0.2694502D-01
 40886.23828124999      0.2693616D-01
 40936.23828124999      0.2693321D-01
 40986.23828124999      0.2692382D-01
 41022.30859374999      0.2691464D-01
 41022.32812500000      0.2691739D-01
 41025.57031250000      0.2693623D-01
 41032.57421874999      0.2693521D-01
 41082.57421874999      0.2693291D-01
 41132.57421874999      0.2692291D-01
 41157.39062500000      0.2691289D-01
 41157.42187500000      0.2689163D-01
 41160.66796874999      0.2685351D-01
 41167.32812500000      0.2684379D-01
 41217.32812500000      0.2684168D-01
 41267.32812500000      0.2683116D-01
 41294.46875000000      0.2682143D-01
 41294.76953124999      0.2666203D-01
 41297.66796874999      0.2343263D-01
 41303.46875000000      0.2442762D-01
 41353.46875000000      0.2408778D-01
 41403.46875000000      0.2480144D-01
 41452.62890624999      0.2518472D-01
 41453.14843750000      0.2693014D-01
 41455.14843750000      0.2695494D-01
 41459.15625000000      0.2694867D-01
 41509.15625000000      0.2694108D-01
 41559.15625000000      0.2692073D-01
 41577.67187500000      0.2690253D-01
 41577.68750000000      0.2688857D-01
 41580.75390624999      0.2687325D-01
 41586.88281250000      0.2686740D-01
 41636.88281250000      0.2686421D-01
 41686.88281250000      0.2684594D-01
 41736.88281250000      0.2682826D-01
 41786.88281250000      0.2680969D-01
 41829.44921874999      0.2679189D-01
 41829.48437500000      0.2676154D-01
 41832.65234374999      0.2673041D-01
 41838.99609374999      0.2671992D-01
 41888.99609374999      0.2671685D-01
 41938.99609374999      0.2669869D-01
 41957.07031250000      0.2668211D-01
 41957.13671874999      0.2658323D-01
 41960.38281250000      0.2656763D-01
 41967.14843750000      0.2654853D-01
 42017.14843750000      0.2654506D-01
 42067.14843750000      0.2652685D-01
 42088.32031250000      0.2651115D-01
 42088.48828124999      0.2673146D-01
 42090.46484374999      0.2673958D-01
 42094.42578124999      0.2673968D-01
 42144.42578124999      0.2673346D-01
 42194.42578124999      0.2671451D-01
 42244.42578124999      0.2669523D-01
 42294.42578124999      0.2667672D-01
 42333.42968750000      0.2665819D-01
 42333.44531250000      0.2663827D-01
 42336.50000000000      0.2662477D-01
 42342.60546874999      0.2661896D-01
 42392.60546874999      0.2661581D-01
 42442.60546874999      0.2659725D-01
 42492.60546874999      0.2657906D-01
 42542.60546874999      0.2656105D-01
 42580.17187500000      0.2654331D-01
 42580.30468750000      0.2635617D-01
 42583.55078124999      0.2632220D-01
 42590.24218750000      0.2628400D-01
 42640.24218750000      0.2628065D-01
 42690.24218750000      0.2626252D-01
 42710.48828124999      0.2624612D-01
 42760.48828124999      0.2623870D-01
 42810.48828124999      0.2622205D-01
 42860.48828124999      0.2620563D-01
 42910.48828124999      0.2618961D-01
 42960.48828124999      0.2617353D-01
 42971.12890624999      0.2615795D-01
 43021.12890624999      0.2615409D-01
 43071.12890624999      0.2613731D-01
 43101.44921874999      0.2612108D-01
 43101.46484374999      0.2612092D-01
 43104.71093750000      0.2613451D-01
 43111.51562500000      0.2613337D-01
 43161.51562500000      0.2613025D-01
 43211.51562500000      0.2611377D-01
 43261.51562500000      0.2609587D-01
 43311.51562500000      0.2607927D-01
 43360.26953124999      0.2606253D-01
 43360.37109374999      0.2592086D-01
 43363.61718750000      0.2589270D-01
 43370.33984374999      0.2586536D-01
 43420.33984374999      0.2586241D-01
 43470.33984374999      0.2584567D-01
 43520.33984374999      0.2583005D-01
 43570.33984374999      0.2581399D-01
 43620.33984374999      0.2579814D-01
 43630.42968750000      0.2578273D-01
 43630.87890624999      0.2633215D-01
 43634.01953124999      0.2634536D-01
 43640.29296874999      0.2634944D-01
 43690.29296874999      0.2634531D-01
 43740.29296874999      0.2632267D-01
 43743.26953124999      0.2630164D-01
 43743.35156250000      0.2620182D-01
 43746.54687500000      0.2617331D-01
 43752.93359374999      0.2614614D-01
 43802.93359374999      0.2614243D-01
 43852.93359374999      0.2612069D-01
 43859.66015624999      0.2610024D-01
 43909.66015624999      0.2609671D-01
 43959.66015624999      0.2607610D-01
 43976.03906250000      0.2605686D-01
 43976.55859374999      0.2541521D-01
 43979.70312500000      0.2527367D-01
 43985.99218750000      0.2515568D-01
 44035.99218750000      0.2515206D-01
 44085.99218750000      0.2513306D-01
 44120.62109374999      0.2511405D-01
 44170.62109374999      0.2510104D-01
 44220.62109374999      0.2508376D-01
 44265.19921874999      0.2506635D-01
 44265.33203124999      0.2522041D-01
 44268.57812500000      0.2522422D-01
 44275.44921874999      0.2522204D-01
 44325.44921874999      0.2521739D-01
 44375.44921874999      0.2519758D-01
 44401.26953124999      0.2517801D-01
 44401.40234374999      0.2533370D-01
 44404.64843750000      0.2533756D-01
 44411.39062500000      0.2533552D-01
 44461.39062500000      0.2533177D-01
 44511.39062500000      0.2531041D-01
 44561.39062500000      0.2528947D-01
 44611.39062500000      0.2526866D-01
 44661.39062500000      0.2524805D-01
 44711.39062500000      0.2522802D-01
 44761.39062500000      0.2520789D-01
 44786.80078124999      0.2518823D-01
 44787.05078124999      0.2487691D-01
 44790.29687500000      0.2481860D-01
 44796.99609374999      0.2476294D-01
 44846.99609374999      0.2475973D-01
 44896.99609374999      0.2474091D-01
 44930.26171874999      0.2472265D-01
 44930.44921874999      0.2375932D-01
 44930.64062500000      0.2259645D-01
 44930.83203124999      0.2167031D-01
 44931.01953124999      0.1109177D-01
 44931.21093750000      0.8190685D-02
 44931.40234374999      0.6403439D-02
 44931.59375000000      0.5128392D-02
 44931.78125000000      0.4162726D-02
 44931.97265624999      0.3401102D-02
 44932.16406250000      0.2779199D-02
 44932.35546874999      0.2253250D-02
 44932.41015624999      0.2192574D-02
 44932.43750000000      0.2266411D-02
 44932.46875000000      0.2562266D-02
 44932.50000000000      0.2860517D-02
 44932.52734374999      0.3177929D-02
 44932.55859374999      0.3548125D-02
 44932.58593750000      0.3912361D-02
 44932.61718750000      0.4304199D-02
 44932.64453124999      0.4724415D-02
 44932.67578124999      0.5175793D-02
 44932.70312500000      0.5663919D-02
 44932.72656250000      0.6139605D-02
 44932.78515624999      0.6376364D-02
 44933.32421874999      0.6303952D-02
 44933.76171874999      0.6310196D-02
 44934.22656250000      0.1459497D-01
 44934.44140624999      0.1119217D-01
 44934.47656250000      0.2300033D-01
 44934.49218750000      0.2363582D-01
 44934.52734374999      0.2414255D-01
 44934.68750000000      0.2437542D-01
 44935.07812500000      0.2490478D-01
 44935.24218750000      0.2490813D-01
 44935.39453124999      0.2511107D-01
 44935.42578124999      0.2511113D-01
 44935.67578124999      0.2548628D-01
 44935.92578124999      0.2582789D-01
 44935.96093750000      0.2599888D-01
 44936.16015624999      0.2626133D-01
 44936.17578124999      0.2628372D-01
 44936.42578124999      0.2663338D-01
 44936.54296874999      0.2680458D-01
 44937.60156250000      0.2679212D-01
 44939.72265624999      0.2675303D-01
 44942.52734374999      0.2670541D-01
 44942.55859374999      0.2670690D-01
 44942.67578124999      0.2670622D-01
 44942.71093750000      0.2701556D-01
 44942.80859374999      0.2805594D-01
 44942.84375000000      0.2823850D-01
 44942.87500000000      0.2823316D-01
 44942.96875000000      0.2827856D-01
 44943.16406250000      0.2812801D-01
 44943.55859374999      0.2803085D-01
 44946.92578124999      0.2789932D-01
 44946.94140624999      0.2761162D-01
 44946.96093750000      0.2613419D-01
 44946.97656250000      0.2432472D-01
 44946.99609374999      0.1483832D-01
 44947.01171874999      0.5051216D-02
 44947.03906250000      0.4083491D-02
 44947.09765624999      0.2786848D-02
 44947.12890624999      0.2255511D-02
 44947.14062500000      0.2212686D-02
 44947.14843750000      0.2017742D-02
 44947.16015624999      0.1859762D-02
 44947.16796874999      0.1709378D-02
 44947.17968750000      0.1568089D-02
 44947.18750000000      0.1434573D-02
 44947.19921874999      0.1307668D-02
 44947.20703124999      0.1186594D-02
 44947.21875000000      0.1069155D-02
 44947.22656250000      0.9216772D-03
 44947.23437500000      0.8669092D-03
