 0.000000000000000      0.0000000D+00
0.1000000014901161      0.6162000D+00
0.3000000119209288      0.1848600D+01
0.6006559729576110      0.3701242D+01
0.9013119935989378      0.5553884D+01
 1.201967954635620      0.7406527D+01
 1.502623915672302      0.9259169D+01
 1.803279876708984      0.1111181D+02
 2.103935956954956      0.1296445D+02
 2.404591798782348      0.1481709D+02
 2.705247640609741      0.1666974D+02
 3.005903959274291      0.1852238D+02
 3.299999952316284      0.2033460D+02
 3.901312112808227      0.2033460D+02
 6.178729057312010      0.2033460D+02
 56.17873001098632      0.2033460D+02
 93.45999908447265      0.2033460D+02
 94.64333343505858      0.2762630D+02
 96.44585418701171      0.2762630D+02
 100.0509109497070      0.2762630D+02
 150.0509033203125      0.2762630D+02
 200.0509033203125      0.2762630D+02
 250.0509033203125      0.2762630D+02
 299.8500061035155      0.2762630D+02
 300.2333374023437      0.2526420D+02
 302.0991210937499      0.2526420D+02
 305.8307495117187      0.2526420D+02
 355.8307495117187      0.2526420D+02
 405.8307495117187      0.2526420D+02
 455.8307495117187      0.2526420D+02
 505.8307495117187      0.2526420D+02
 555.8307495117187      0.2526420D+02
 605.8307495117186      0.2526420D+02
 655.8307495117186      0.2526420D+02
 675.9799804687499      0.2526420D+02
 676.4633178710936      0.2824250D+02
 678.3085327148436      0.2824250D+02
 681.9989624023436      0.2824250D+02
 731.9989624023436      0.2824250D+02
 781.9989624023436      0.2824250D+02
 831.9989624023436      0.2824250D+02
 881.9989624023436      0.2824250D+02
 931.9989624023436      0.2824250D+02
 945.1500244140623      0.2824250D+02
 946.0499877929685      0.2269670D+02
 947.8235473632810      0.2269670D+02
 951.3707885742186      0.2269670D+02
 1001.370788574219      0.2269670D+02
 1051.370849609375      0.2269670D+02
 1101.370849609375      0.2269670D+02
 1151.370849609375      0.2269670D+02
 1196.359985351562      0.2269670D+02
 1197.493286132812      0.2968030D+02
 1199.242797851562      0.2968030D+02
 1202.741577148437      0.2968030D+02
 1252.741577148437      0.2968030D+02
 1302.741577148437      0.2968030D+02
 1324.420043945312      0.2968030D+02
 1324.520019531250      0.2906410D+02
 1326.805664062500      0.2906410D+02
 1331.377197265625      0.2906410D+02
 1381.377197265625      0.2906410D+02
 1431.377197265625      0.2906410D+02
 1481.377197265625      0.2906410D+02
 1531.377197265625      0.2906410D+02
 1581.377197265625      0.2906410D+02
 1585.989990234375      0.2906410D+02
 1586.606689453125      0.2526420D+02
 1588.367797851562      0.2526420D+02
 1591.889892578125      0.2526420D+02
 1641.889892578125      0.2526420D+02
 1691.889892578125      0.2526420D+02
 1741.889892578125      0.2526420D+02
 1791.889892578125      0.2526420D+02
 1811.660034179687      0.2526420D+02
 1811.693359375000      0.2546960D+02
 1814.099731445312      0.2546960D+02
 1818.912475585937      0.2546960D+02
 1868.912475585937      0.2546960D+02
 1886.280029296875      0.2546960D+02
 1886.313354492187      0.2526420D+02
 1888.792236328125      0.2526420D+02
 1893.750000000000      0.2526420D+02
 1943.750000000000      0.2526420D+02
 1993.750000000000      0.2526420D+02
 2036.739990234375      0.2526420D+02
 2086.739990234375      0.2526420D+02
 2136.739990234375      0.2526420D+02
 2186.739990234375      0.2526420D+02
 2236.739990234375      0.2526420D+02
 2262.409912109375      0.2526420D+02
 2262.459960937500      0.2557230D+02
 2265.011474609375      0.2557230D+02
 2270.113769531250      0.2557230D+02
 2320.113769531250      0.2557230D+02
 2370.113769531250      0.2557230D+02
 2420.113769531250      0.2557230D+02
 2470.113769531250      0.2557230D+02
 2520.113769531250      0.2557230D+02
 2559.689941406250      0.2557230D+02
 2559.739990234375      0.2588040D+02
 2562.404785156250      0.2588040D+02
 2567.734130859375      0.2588040D+02
 2617.734130859375      0.2588040D+02
 2667.734130859375      0.2588040D+02
 2717.734130859375      0.2588040D+02
 2767.734130859375      0.2588040D+02
 2780.000000000000      0.2588040D+02
 2780.033447265625      0.2567500D+02
 2782.469238281250      0.2567500D+02
 2787.340576171875      0.2567500D+02
 2837.340576171875      0.2567500D+02
 2887.340576171874      0.2567500D+02
 2937.340576171874      0.2567500D+02
 2987.340576171874      0.2567500D+02
 3002.070068359374      0.2567500D+02
 3002.086669921874      0.2557230D+02
 3004.456298828124      0.2557230D+02
 3009.195556640624      0.2557230D+02
 3059.195556640624      0.2557230D+02
 3109.195556640624      0.2557230D+02
 3159.195556640624      0.2557230D+02
 3209.195556640624      0.2557230D+02
 3225.030029296874      0.2557230D+02
 3225.046630859374      0.2546960D+02
 3227.384765624999      0.2546960D+02
 3232.060546874999      0.2546960D+02
 3282.060546874999      0.2546960D+02
 3332.060546874999      0.2546960D+02
 3382.060546874999      0.2546960D+02
 3432.060546874999      0.2546960D+02
 3482.060546874999      0.2546960D+02
 3523.500000000000      0.2546960D+02
 3573.500000000000      0.2546960D+02
 3598.120117187499      0.2546960D+02
 3598.136718750000      0.2536690D+02
 3600.370117187499      0.2536690D+02
 3604.836914062499      0.2536690D+02
 3654.836914062499      0.2536690D+02
 3704.836914062499      0.2536690D+02
 3754.836914062499      0.2536690D+02
 3804.836914062499      0.2536690D+02
 3854.836914062499      0.2536690D+02
 3897.810058593749      0.2536690D+02
 3898.026611328124      0.2403180D+02
 3899.932128906249      0.2403180D+02
 3903.743164062499      0.2403180D+02
 3953.743164062499      0.2403180D+02
 4003.743164062499      0.2403180D+02
 4053.743164062499      0.2403180D+02
 4103.743164062499      0.2403180D+02
 4135.060058593749      0.2403180D+02
 4135.160156250000      0.2464800D+02
 4137.779785156249      0.2464800D+02
 4143.019042968749      0.2464800D+02
 4193.019042968749      0.2464800D+02
 4212.169921874999      0.2464800D+02
 4212.653320312499      0.2166970D+02
 4214.573730468749      0.2166970D+02
 4218.414550781249      0.2166970D+02
 4268.414550781249      0.2166970D+02
 4318.414550781249      0.2166970D+02
 4368.414550781249      0.2166970D+02
 4387.580078124999      0.2166970D+02
 4387.613281250000      0.2146430D+02
 4390.296875000000      0.2146430D+02
 4395.663574218749      0.2146430D+02
 4445.663574218749      0.2146430D+02
 4476.120117187499      0.2146430D+02
 4476.169921874999      0.2177240D+02
 4478.911621093749      0.2177240D+02
 4484.394042968749      0.2177240D+02
 4534.394042968749      0.2177240D+02
 4563.410156250000      0.2177240D+02
 4563.426757812499      0.2166970D+02
 4566.104980468749      0.2166970D+02
 4571.461425781249      0.2166970D+02
 4621.461425781249      0.2166970D+02
 4651.109863281249      0.2166970D+02
 4651.160156250000      0.2136160D+02
 4653.834960937499      0.2136160D+02
 4659.184570312499      0.2136160D+02
 4709.184570312499      0.2136160D+02
 4740.080078124999      0.2136160D+02
 4740.129882812499      0.2105350D+02
 4742.846191406249      0.2105350D+02
 4748.279296874999      0.2105350D+02
 4798.279296874999      0.2105350D+02
 4848.279296874999      0.2105350D+02
 4898.279296874999      0.2105350D+02
 4920.629882812499      0.2105350D+02
 4920.663574218749      0.2125890D+02
 4923.454101562499      0.2125890D+02
 4929.035156250000      0.2125890D+02
 4979.035156250000      0.2125890D+02
 5029.035156250000      0.2125890D+02
 5079.035156250000      0.2125890D+02
 5099.430175781249      0.2125890D+02
 5099.546875000000      0.2054000D+02
 5102.293945312499      0.2054000D+02
 5107.789062500000      0.2054000D+02
 5157.789062500000      0.2054000D+02
 5207.789062500000      0.2054000D+02
 5257.789062500000      0.2054000D+02
 5307.789062500000      0.2054000D+02
 5357.789062500000      0.2054000D+02
 5407.789062500000      0.2054000D+02
 5457.789062500000      0.2054000D+02
 5469.540039062499      0.2054000D+02
 5469.589843750000      0.2084810D+02
 5472.353027343749      0.2084810D+02
 5477.879394531249      0.2084810D+02
 5527.879394531249      0.2084810D+02
 5560.700195312499      0.2084810D+02
 5610.700195312499      0.2084810D+02
 5660.700195312499      0.2084810D+02
 5710.700195312499      0.2084810D+02
 5743.020019531249      0.2084810D+02
 5743.053222656249      0.2064270D+02
 5745.747070312499      0.2064270D+02
 5751.134765624999      0.2064270D+02
 5801.134765624999      0.2064270D+02
 5835.089843749999      0.2064270D+02
 5835.106445312499      0.2054000D+02
 5837.744628906248      0.2054000D+02
 5843.020507812499      0.2054000D+02
 5893.020507812499      0.2054000D+02
 5927.620117187499      0.2054000D+02
 5927.753417968748      0.1971840D+02
 5930.538574218749      0.1971840D+02
 5936.108398437498      0.1971840D+02
 5986.108398437498      0.1971840D+02
 6024.000000000000      0.1971840D+02
 6024.966796874999      0.2567500D+02
 6026.852050781249      0.2567500D+02
 6030.623535156249      0.2567500D+02
 6080.623535156249      0.2567500D+02
 6098.020019531248      0.2567500D+02
 6099.186523437498      0.1848600D+02
 6101.077148437498      0.1848600D+02
 6104.857421874999      0.1848600D+02
 6154.857421874999      0.1848600D+02
 6200.830078124999      0.1848600D+02
 6201.263183593748      0.1581580D+02
 6203.228027343749      0.1581580D+02
 6207.156250000000      0.1581580D+02
 6257.156250000000      0.1581580D+02
 6307.156250000000      0.1581580D+02
 6321.000000000000      0.1581580D+02
 6321.850097656249      0.2105350D+02
 6323.772949218749      0.2105350D+02
 6327.618652343749      0.2105350D+02
 6377.618652343749      0.2105350D+02
 6411.270019531248      0.2105350D+02
 6411.286621093748      0.2095080D+02
 6413.924316406248      0.2095080D+02
 6419.200195312499      0.2095080D+02
 6469.200195312499      0.2095080D+02
 6501.979980468748      0.2095080D+02
 6502.029785156249      0.2064270D+02
 6504.718750000000      0.2064270D+02
 6510.095703124999      0.2064270D+02
 6560.095703124999      0.2064270D+02
 6610.095703124999      0.2064270D+02
 6660.095703124999      0.2064270D+02
 6686.120117187499      0.2064270D+02
 6686.203125000000      0.2012920D+02
 6688.920898437498      0.2012920D+02
 6694.356933593748      0.2012920D+02
 6744.356933593748      0.2012920D+02
 6780.540039062499      0.2012920D+02
 6780.556640624999      0.2002650D+02
 6783.204589843749      0.2002650D+02
 6788.500488281249      0.2002650D+02
 6838.500488281249      0.2002650D+02
 6888.500488281249      0.2002650D+02
 6938.500488281249      0.2002650D+02
 6970.339843749999      0.2002650D+02
 6970.373535156249      0.1982110D+02
 6973.093261718749      0.1982110D+02
 6978.533203124999      0.1982110D+02
 7028.533203124999      0.1982110D+02
 7078.533203124999      0.1982110D+02
 7128.533203124999      0.1982110D+02
 7178.533203124999      0.1982110D+02
 7228.533203124999      0.1982110D+02
 7278.533203124999      0.1982110D+02
 7328.533203124999      0.1982110D+02
 7353.870117187498      0.1982110D+02
 7353.886718749999      0.1971840D+02
 7356.544433593748      0.1971840D+02
 7361.860351562498      0.1971840D+02
 7411.860351562498      0.1971840D+02
 7461.860351562498      0.1971840D+02
 7511.860351562498      0.1971840D+02
 7546.640136718748      0.1971840D+02
 7546.939941406248      0.2156700D+02
 7548.910156249999      0.2156700D+02
 7552.850097656249      0.2156700D+02
 7602.850097656249      0.2156700D+02
 7634.759765624999      0.2156700D+02
 7634.810058593748      0.2125890D+02
 7637.444335937498      0.2125890D+02
 7642.713378906248      0.2125890D+02
 7692.713378906248      0.2125890D+02
 7742.713378906248      0.2125890D+02
 7792.713378906248      0.2125890D+02
 7813.560058593748      0.2125890D+02
 7814.143554687498      0.1766440D+02
 7816.086425781249      0.1766440D+02
 7819.974121093748      0.1766440D+02
 7869.974121093748      0.1766440D+02
 7919.974121093748      0.1766440D+02
 7969.974121093748      0.1766440D+02
 8019.974121093748      0.1766440D+02
 8028.740234374999      0.1766440D+02
 8029.206542968748      0.2054000D+02
 8031.178222656249      0.2054000D+02
 8035.122070312499      0.2054000D+02
 8085.122070312499      0.2054000D+02
 8135.122070312499      0.2054000D+02
 8185.122070312499      0.2054000D+02
 8213.799804687498      0.2054000D+02
 8213.916992187498      0.1982110D+02
 8216.624023437498      0.1982110D+02
 8222.041015624999      0.1982110D+02
 8272.041015624999      0.1982110D+02
 8309.679687500000      0.1982110D+02
 8309.730468749999      0.1951300D+02
 8312.425781249999      0.1951300D+02
 8317.816406249999      0.1951300D+02
 8367.816406249999      0.1951300D+02
 8407.080078124999      0.1951300D+02
 8407.113281249999      0.1971840D+02
 8409.892578124999      0.1971840D+02
 8415.452148437498      0.1971840D+02
 8465.452148437498      0.1971840D+02
 8515.452148437498      0.1971840D+02
 8565.452148437498      0.1971840D+02
 8615.452148437498      0.1971840D+02
 8665.452148437498      0.1971840D+02
 8696.230468749999      0.1971840D+02
 8696.346679687498      0.1899950D+02
 8699.093750000000      0.1899950D+02
 8704.588867187498      0.1899950D+02
 8754.588867187498      0.1899950D+02
 8804.588867187498      0.1899950D+02
 8854.588867187498      0.1899950D+02
 8896.290039062498      0.1899950D+02
 8896.356445312499      0.1858870D+02
 8899.095703124999      0.1858870D+02
 8904.572265624999      0.1858870D+02
 8954.572265624999      0.1858870D+02
 9004.572265624999      0.1858870D+02
 9054.572265624999      0.1858870D+02
 9100.769531249999      0.1858870D+02
 9100.836914062498      0.1817790D+02
 9103.588867187498      0.1817790D+02
 9109.092773437498      0.1817790D+02
 9159.092773437498      0.1817790D+02
 9209.092773437498      0.1817790D+02
 9259.092773437498      0.1817790D+02
 9309.092773437498      0.1817790D+02
 9309.879882812499      0.1817790D+02
 9309.962890624999      0.1766440D+02
 9312.777343749999      0.1766440D+02
 9318.406250000000      0.1766440D+02
 9368.406250000000      0.1766440D+02
 9418.406250000000      0.1766440D+02
 9468.406250000000      0.1766440D+02
 9518.406250000000      0.1766440D+02
 9525.059570312499      0.1766440D+02
 9525.193359374999      0.1684280D+02
 9528.041992187498      0.1684280D+02
 9533.740234374999      0.1684280D+02
 9583.740234374999      0.1684280D+02
 9633.740234374999      0.1684280D+02
 9683.740234374999      0.1684280D+02
 9733.740234374999      0.1684280D+02
 9750.740234374999      0.1684280D+02
 9750.773437500000      0.1663740D+02
 9753.644531249999      0.1663740D+02
 9759.385742187498      0.1663740D+02
 9809.385742187498      0.1663740D+02
 9859.385742187498      0.1663740D+02
 9909.385742187498      0.1663740D+02
 9959.385742187498      0.1663740D+02
 9979.200195312499      0.1663740D+02
 9979.316406249999      0.1591850D+02
 9982.200195312499      0.1591850D+02
 9987.966796874999      0.1591850D+02
 10037.96679687500      0.1591850D+02
 10087.96679687500      0.1591850D+02
 10137.96679687500      0.1591850D+02
 10187.96679687500      0.1591850D+02
 10217.98046875000      0.1591850D+02
 10218.03027343750      0.1561040D+02
 10220.88671875000      0.1561040D+02
 10226.60156250000      0.1561040D+02
 10276.60156250000      0.1561040D+02
 10326.60156250000      0.1561040D+02
 10376.60156250000      0.1561040D+02
 10426.60156250000      0.1561040D+02
 10461.48046875000      0.1561040D+02
 10461.61328125000      0.1478880D+02
 10464.54687500000      0.1478880D+02
 10470.41601562500      0.1478880D+02
 10520.41601562500      0.1478880D+02
 10570.41601562500      0.1478880D+02
 10589.99023437500      0.1478880D+02
 10590.05664062500      0.1437800D+02
 10592.98730468750      0.1437800D+02
 10598.84960937500      0.1437800D+02
 10648.84960937500      0.1437800D+02
 10698.84960937500      0.1437800D+02
 10748.84960937500      0.1437800D+02
 10798.84960937500      0.1437800D+02
 10848.84960937500      0.1437800D+02
 10854.34960937500      0.1437800D+02
 10854.43359375000      0.1386450D+02
 10857.42089843750      0.1386450D+02
 10863.39550781250      0.1386450D+02
 10913.39550781250      0.1386450D+02
 10963.39550781250      0.1386450D+02
 10991.42968750000      0.1386450D+02
 10991.53027343750      0.1324830D+02
 10994.52832031250      0.1324830D+02
 11000.52441406250      0.1324830D+02
 11050.52441406250      0.1324830D+02
 11100.52441406250      0.1324830D+02
 11150.52441406250      0.1324830D+02
 11200.52441406250      0.1324830D+02
 11250.52441406250      0.1324830D+02
 11278.33984375000      0.1324830D+02
 11278.42285156250      0.1273480D+02
 11281.45214843750      0.1273480D+02
 11287.50976562500      0.1273480D+02
 11337.50976562500      0.1273480D+02
 11387.50976562500      0.1273480D+02
 11437.50976562500      0.1273480D+02
 11487.50976562500      0.1273480D+02
 11537.50976562500      0.1273480D+02
 11576.82031250000      0.1273480D+02
 11576.88671875000      0.1232400D+02
 11579.91601562500      0.1232400D+02
 11585.97460937500      0.1232400D+02
 11635.97460937500      0.1232400D+02
 11685.97460937500      0.1232400D+02
 11731.03027343750      0.1232400D+02
 11731.78027343750      0.1694550D+02
 11733.80078125000      0.1694550D+02
 11737.84277343750      0.1694550D+02
 11787.84277343750      0.1694550D+02
 11837.84277343750      0.1694550D+02
 11843.19042968750      0.1694550D+02
 11843.50683593750      0.1889680D+02
 11845.50488281250      0.1889680D+02
 11849.50292968750      0.1889680D+02
 11899.50292968750      0.1889680D+02
 11949.50292968750      0.1889680D+02
 11999.50292968750      0.1889680D+02
 12044.33984375000      0.1889680D+02
 12044.37304687500      0.1910220D+02
 12047.23242187500      0.1910220D+02
 12052.95019531250      0.1910220D+02
 12102.95019531250      0.1910220D+02
 12152.95019531250      0.1910220D+02
 12202.95019531250      0.1910220D+02
 12243.32031250000      0.1910220D+02
 12293.32031250000      0.1910220D+02
 12343.32031250000      0.1910220D+02
 12393.32031250000      0.1910220D+02
 12442.30957031250      0.1910220D+02
 12442.36035156250      0.1941030D+02
 12445.16406250000      0.1941030D+02
 12450.77050781250      0.1941030D+02
 12500.77050781250      0.1941030D+02
 12550.77050781250      0.1941030D+02
 12600.77050781250      0.1941030D+02
 12650.77050781250      0.1941030D+02
 12700.77050781250      0.1941030D+02
 12736.04980468750      0.1941030D+02
 12736.06640625000      0.1951300D+02
 12739.02832031250      0.1951300D+02
 12744.95312500000      0.1951300D+02
 12794.95312500000      0.1951300D+02
 12844.95312500000      0.1951300D+02
 12894.95312500000      0.1951300D+02
 12930.83984375000      0.1951300D+02
 12980.83984375000      0.1951300D+02
 13030.83984375000      0.1951300D+02
 13080.83984375000      0.1951300D+02
 13125.63964843750      0.1951300D+02
 13125.72363281250      0.2002650D+02
 13128.51074218750      0.2002650D+02
 13134.08496093750      0.2002650D+02
 13184.08496093750      0.2002650D+02
 13220.54003906250      0.2002650D+02
 13220.55664062500      0.1992380D+02
 13223.12695312500      0.1992380D+02
 13228.26660156250      0.1992380D+02
 13278.26660156250      0.1992380D+02
 13328.26660156250      0.1992380D+02
 13378.26660156250      0.1992380D+02
 13411.32031250000      0.1992380D+02
 13461.32031250000      0.1992380D+02
 13511.32031250000      0.1992380D+02
 13561.32031250000      0.1992380D+02
 13602.09960937500      0.1992380D+02
 13602.16699218750      0.2033460D+02
 13604.95410156250      0.2033460D+02
 13610.53027343750      0.2033460D+02
 13660.53027343750      0.2033460D+02
 13710.53027343750      0.2033460D+02
 13760.53027343750      0.2033460D+02
 13810.53027343750      0.2033460D+02
 13860.53027343750      0.2033460D+02
 13910.53027343750      0.2033460D+02
 13960.53027343750      0.2033460D+02
 14010.53027343750      0.2033460D+02
 14060.53027343750      0.2033460D+02
 14069.41015625000      0.2033460D+02
 14119.41015625000      0.2033460D+02
 14162.87988281250      0.2033460D+02
 14162.91308593750      0.2012920D+02
 14165.52636718750      0.2012920D+02
 14170.75292968750      0.2012920D+02
 14220.75292968750      0.2012920D+02
 14270.75292968750      0.2012920D+02
 14320.75292968750      0.2012920D+02
 14351.70996093750      0.2012920D+02
 14351.72656250000      0.2002650D+02
 14354.35449218750      0.2002650D+02
 14359.61035156250      0.2002650D+02
 14409.61035156250      0.2002650D+02
 14459.61035156250      0.2002650D+02
 14509.61035156250      0.2002650D+02
 14541.50976562500      0.2002650D+02
 14541.55957031250      0.2033460D+02
 14544.35253906250      0.2033460D+02
 14549.93750000000      0.2033460D+02
 14599.93750000000      0.2033460D+02
 14649.93750000000      0.2033460D+02
 14699.93750000000      0.2033460D+02
 14749.93750000000      0.2033460D+02
 14799.93750000000      0.2033460D+02
 14821.90039062500      0.2033460D+02
 14822.13378906250      0.2177240D+02
 14824.19042968750      0.2177240D+02
 14828.30371093750      0.2177240D+02
 14878.30371093750      0.2177240D+02
 14928.30371093750      0.2177240D+02
 14978.30371093750      0.2177240D+02
 15028.30371093750      0.2177240D+02
 15078.30371093750      0.2177240D+02
 15083.76953125000      0.2177240D+02
 15083.78710937500      0.2166970D+02
 15086.47558593750      0.2166970D+02
 15091.85253906250      0.2166970D+02
 15141.85253906250      0.2166970D+02
 15191.85253906250      0.2166970D+02
 15241.85253906250      0.2166970D+02
 15291.85253906250      0.2166970D+02
 15341.85253906250      0.2166970D+02
 15346.87988281250      0.2166970D+02
 15396.87988281250      0.2166970D+02
 15434.58984375000      0.2166970D+02
 15434.94042968750      0.1951300D+02
 15436.94726562500      0.1951300D+02
 15440.96289062500      0.1951300D+02
 15490.96289062500      0.1951300D+02
 15540.96289062500      0.1951300D+02
 15590.96289062500      0.1951300D+02
 15629.37988281250      0.1951300D+02
 15679.37988281250      0.1951300D+02
 15729.37988281250      0.1951300D+02
 15779.37988281250      0.1951300D+02
 15824.17968750000      0.1951300D+02
 15824.64648437500      0.1663740D+02
 15826.64453125000      0.1663740D+02
 15830.64160156250      0.1663740D+02
 15880.64160156250      0.1663740D+02
 15930.64160156250      0.1663740D+02
 15980.64160156250      0.1663740D+02
 16030.64160156250      0.1663740D+02
 16052.63964843750      0.1663740D+02
 16052.69042968750      0.1694550D+02
 16055.48632812500      0.1694550D+02
 16061.07812500000      0.1694550D+02
 16111.07812500000      0.1694550D+02
 16161.07812500000      0.1694550D+02
 16211.07812500000      0.1694550D+02
 16261.07812500000      0.1694550D+02
 16276.95996093750      0.1694550D+02
 16277.69335937500      0.2146430D+02
 16279.65234375000      0.2146430D+02
 16283.56933593750      0.2146430D+02
 16333.56933593750      0.2146430D+02
 16365.50000000000      0.2146430D+02
 16365.70019531250      0.2269670D+02
 16367.82031250000      0.2269670D+02
 16372.06152343750      0.2269670D+02
 16422.06250000000      0.2269670D+02
 16472.06250000000      0.2269670D+02
 16522.06250000000      0.2269670D+02
 16572.06250000000      0.2269670D+02
 16622.06250000000      0.2269670D+02
 16672.06250000000      0.2269670D+02
 16700.43945312500      0.2269670D+02
 16700.45703125000      0.2259400D+02
 16702.90039062500      0.2259400D+02
 16707.78906250000      0.2259400D+02
 16757.78906250000      0.2259400D+02
 16807.78906250000      0.2259400D+02
 16857.78906250000      0.2259400D+02
 16868.67968750000      0.2259400D+02
 16918.67968750000      0.2259400D+02
 16968.67968750000      0.2259400D+02
 17018.67968750000      0.2259400D+02
 17036.91015625000      0.2259400D+02
 17037.02734375000      0.2187510D+02
 17039.64453125000      0.2187510D+02
 17044.88085937500      0.2187510D+02
 17094.88085937500      0.2187510D+02
 17144.88085937500      0.2187510D+02
 17194.88085937500      0.2187510D+02
 17244.88085937500      0.2187510D+02
 17294.88085937500      0.2187510D+02
 17344.88085937500      0.2187510D+02
 17384.42968750000      0.2187510D+02
 17434.42968750000      0.2187510D+02
 17484.42968750000      0.2187510D+02
 17534.42968750000      0.2187510D+02
 17558.19921875000      0.2187510D+02
 17558.21679687500      0.2177240D+02
 17560.73046875000      0.2177240D+02
 17565.75976562500      0.2177240D+02
 17615.75976562500      0.2177240D+02
 17665.75976562500      0.2177240D+02
 17715.75976562500      0.2177240D+02
 17732.77929687500      0.2177240D+02
 17733.34570312500      0.1828060D+02
 17735.40625000000      0.1828060D+02
 17739.52929687500      0.1828060D+02
 17789.52929687500      0.1828060D+02
 17839.52929687500      0.1828060D+02
 17889.52929687500      0.1828060D+02
 17939.52929687500      0.1828060D+02
 17940.71093750000      0.1828060D+02
 17940.72656250000      0.1817790D+02
 17943.45703125000      0.1817790D+02
 17948.91796875000      0.1817790D+02
 17998.91796875000      0.1817790D+02
 18048.91796875000      0.1817790D+02
 18098.91796875000      0.1817790D+02
 18148.91796875000      0.1817790D+02
 18198.91796875000      0.1817790D+02
 18248.91796875000      0.1817790D+02
 18254.35937500000      0.1817790D+02
 18254.39257812500      0.1797250D+02
 18257.10742187500      0.1797250D+02
 18262.53710937500      0.1797250D+02
 18312.53710937500      0.1797250D+02
 18362.53710937500      0.1797250D+02
 18412.53710937500      0.1797250D+02
 18462.53710937500      0.1797250D+02
 18465.84960937500      0.1797250D+02
 18515.84960937500      0.1797250D+02
 18565.84960937500      0.1797250D+02
 18615.84960937500      0.1797250D+02
 18665.84960937500      0.1797250D+02
 18677.34960937500      0.1797250D+02
 18677.48242187500      0.1879410D+02
 18679.06640625000      0.1879410D+02
 18682.23046875000      0.1879410D+02
 18732.23046875000      0.1879410D+02
 18778.47070312500      0.1879410D+02
 18778.48632812500      0.1869140D+02
 18780.93945312500      0.1869140D+02
 18785.84570312500      0.1869140D+02
 18835.84570312500      0.1869140D+02
 18885.84570312500      0.1869140D+02
 18935.84570312500      0.1869140D+02
 18985.84570312500      0.1869140D+02
 19035.84570312500      0.1869140D+02
 19083.50976562500      0.1869140D+02
 19083.59375000000      0.1817790D+02
 19086.24804687500      0.1817790D+02
 19091.55468750000      0.1817790D+02
 19141.55468750000      0.1817790D+02
 19191.55468750000      0.1817790D+02
 19241.55468750000      0.1817790D+02
 19291.55468750000      0.1817790D+02
 19292.60937500000      0.1817790D+02
 19292.66015625000      0.1786980D+02
 19295.38671875000      0.1786980D+02
 19300.84179687500      0.1786980D+02
 19350.84179687500      0.1786980D+02
 19400.84179687500      0.1786980D+02
 19450.84179687500      0.1786980D+02
 19500.84179687500      0.1786980D+02
 19505.32031250000      0.1786980D+02
 19505.36914062500      0.1756170D+02
 19508.11914062500      0.1756170D+02
 19513.61523437500      0.1756170D+02
 19563.61523437500      0.1756170D+02
 19613.61523437500      0.1756170D+02
 19663.61523437500      0.1756170D+02
 19713.61523437500      0.1756170D+02
 19721.75976562500      0.1756170D+02
 19771.75976562500      0.1756170D+02
 19821.75976562500      0.1756170D+02
 19871.75976562500      0.1756170D+02
 19921.75976562500      0.1756170D+02
 19971.75976562500      0.1756170D+02
 20021.75976562500      0.1756170D+02
 20046.41992187500      0.1756170D+02
 20046.47070312500      0.1786980D+02
 20049.24414062500      0.1786980D+02
 20054.79101562500      0.1786980D+02
 20104.79101562500      0.1786980D+02
 20154.79101562500      0.1786980D+02
 20204.79101562500      0.1786980D+02
 20254.79101562500      0.1786980D+02
 20259.13085937500      0.1786980D+02
 20259.16406250000      0.1766440D+02
 20261.93164062500      0.1766440D+02
 20267.46875000000      0.1766440D+02
 20317.46875000000      0.1766440D+02
 20366.72070312500      0.1766440D+02
 20367.00390625000      0.1591850D+02
 20369.07421875000      0.1591850D+02
 20373.21875000000      0.1591850D+02
 20423.21875000000      0.1591850D+02
 20473.21875000000      0.1591850D+02
 20486.10937500000      0.1591850D+02
 20486.71093750000      0.1961570D+02
 20488.73242187500      0.1961570D+02
 20492.77539062500      0.1961570D+02
 20542.77539062500      0.1961570D+02
 20583.00000000000      0.1961570D+02
 20583.43359375000      0.1694550D+02
 20585.55664062500      0.1694550D+02
 20589.80468750000      0.1694550D+02
 20639.80468750000      0.1694550D+02
 20689.80468750000      0.1694550D+02
 20739.80468750000      0.1694550D+02
 20789.80468750000      0.1694550D+02
 20807.31054687500      0.1694550D+02
 20807.41015625000      0.1632930D+02
 20810.14257812500      0.1632930D+02
 20815.60742187500      0.1632930D+02
 20865.60742187500      0.1632930D+02
 20915.60742187500      0.1632930D+02
 20965.60742187500      0.1632930D+02
 21015.60742187500      0.1632930D+02
 21040.08007812500      0.1632930D+02
 21040.11328125000      0.1612390D+02
 21042.82226562500      0.1612390D+02
 21048.24218750000      0.1612390D+02
 21098.24218750000      0.1612390D+02
 21148.24218750000      0.1612390D+02
 21198.24218750000      0.1612390D+02
 21248.24218750000      0.1612390D+02
 21275.82031250000      0.1612390D+02
 21275.93750000000      0.1540500D+02
 21278.69921875000      0.1540500D+02
 21284.22460937500      0.1540500D+02
 21334.22460937500      0.1540500D+02
 21384.22460937500      0.1540500D+02
 21434.22460937500      0.1540500D+02
 21484.22460937500      0.1540500D+02
 21522.56054687500      0.1540500D+02
 21522.66015625000      0.1478880D+02
 21525.42187500000      0.1478880D+02
 21530.94335937500      0.1478880D+02
 21580.94335937500      0.1478880D+02
 21630.94335937500      0.1478880D+02
 21680.94335937500      0.1478880D+02
 21730.94335937500      0.1478880D+02
 21779.58984375000      0.1478880D+02
 21779.64062500000      0.1448070D+02
 21782.36718750000      0.1448070D+02
 21787.82031250000      0.1448070D+02
 21837.82031250000      0.1448070D+02
 21887.82031250000      0.1448070D+02
 21937.82031250000      0.1448070D+02
 21987.82031250000      0.1448070D+02
 22037.82031250000      0.1448070D+02
 22042.08007812500      0.1448070D+02
 22042.17968750000      0.1386450D+02
 22045.00976562500      0.1386450D+02
 22050.66992187500      0.1386450D+02
 22100.66992187500      0.1386450D+02
 22150.66992187500      0.1386450D+02
 22179.16015625000      0.1386450D+02
 22179.25976562500      0.1324830D+02
 22182.08398437500      0.1324830D+02
 22187.73242187500      0.1324830D+02
 22237.73242187500      0.1324830D+02
 22287.73242187500      0.1324830D+02
 22337.73242187500      0.1324830D+02
 22387.73242187500      0.1324830D+02
 22437.73242187500      0.1324830D+02
 22487.73242187500      0.1324830D+02
 22537.73242187500      0.1324830D+02
 22587.73242187500      0.1324830D+02
 22609.51953125000      0.1324830D+02
 22609.63671875000      0.1252940D+02
 22612.49218750000      0.1252940D+02
 22618.20703125000      0.1252940D+02
 22668.20703125000      0.1252940D+02
 22718.20703125000      0.1252940D+02
 22768.20703125000      0.1252940D+02
 22818.20703125000      0.1252940D+02
 22868.20703125000      0.1252940D+02
 22912.89062500000      0.1252940D+02
 22913.03906250000      0.1160510D+02
 22914.80273437500      0.1160510D+02
 22918.32812500000      0.1160510D+02
 22968.32812500000      0.1160510D+02
 23018.32812500000      0.1160510D+02
 23068.32812500000      0.1160510D+02
 23118.32812500000      0.1160510D+02
 23168.32812500000      0.1160510D+02
 23218.32812500000      0.1160510D+02
 23240.42968750000      0.1160510D+02
 23240.51367187500      0.1109160D+02
 23243.41796875000      0.1109160D+02
 23249.22851562500      0.1109160D+02
 23299.22851562500      0.1109160D+02
 23349.22851562500      0.1109160D+02
 23399.22851562500      0.1109160D+02
 23449.22851562500      0.1109160D+02
 23499.22851562500      0.1109160D+02
 23549.22851562500      0.1109160D+02
 23583.11914062500      0.1109160D+02
 23583.25390625000      0.1027000D+02
 23586.17773437500      0.1027000D+02
 23592.02734375000      0.1027000D+02
 23642.02734375000      0.1027000D+02
 23692.02734375000      0.1027000D+02
 23742.02734375000      0.1027000D+02
 23792.02734375000      0.1027000D+02
 23842.02734375000      0.1027000D+02
 23892.02734375000      0.1027000D+02
 23942.02734375000      0.1027000D+02
 23953.24023437500      0.1027000D+02
 23953.33984375000      0.9653800D+01
 23956.29687500000      0.9653800D+01
 23962.21289062500      0.9653800D+01
 24012.21289062500      0.9653800D+01
 24062.21289062500      0.9653800D+01
 24112.21289062500      0.9653800D+01
 24150.10937500000      0.9653800D+01
 24150.17578125000      0.9243000D+01
 24153.11718750000      0.9243000D+01
 24158.99804687500      0.9243000D+01
 24208.99804687500      0.9243000D+01
 24258.99804687500      0.9243000D+01
 24308.99804687500      0.9243000D+01
 24358.99804687500      0.9243000D+01
 24408.99804687500      0.9243000D+01
 24458.99804687500      0.9243000D+01
 24508.99804687500      0.9243000D+01
 24558.99804687500      0.9243000D+01
 24561.33984375000      0.9243000D+01
 24561.49023437500      0.8318700D+01
 24563.24609375000      0.8318700D+01
 24566.75976562500      0.8318700D+01
 24616.75976562500      0.8318700D+01
 24666.75976562500      0.8318700D+01
 24716.75976562500      0.8318700D+01
 24766.75976562500      0.8318700D+01
 24816.75976562500      0.8318700D+01
 24866.75976562500      0.8318700D+01
 24916.75976562500      0.8318700D+01
 24966.75976562500      0.8318700D+01
 25016.75976562500      0.8318700D+01
 25018.26953125000      0.8318700D+01
 25019.76953125000      0.1756170D+02
 25021.80468750000      0.1756170D+02
 25025.87304687500      0.1756170D+02
 25075.87304687500      0.1756170D+02
 25125.87304687500      0.1756170D+02
 25175.87304687500      0.1756170D+02
 25225.87304687500      0.1756170D+02
 25275.87304687500      0.1756170D+02
 25325.87304687500      0.1756170D+02
 25342.92968750000      0.1756170D+02
 25392.92968750000      0.1756170D+02
 25442.92968750000      0.1756170D+02
 25492.92968750000      0.1756170D+02
 25542.92968750000      0.1756170D+02
 25559.36914062500      0.1756170D+02
 25559.38671875000      0.1766440D+02
 25562.21679687500      0.1766440D+02
 25567.87695312500      0.1766440D+02
 25617.87695312500      0.1766440D+02
 25667.87695312500      0.1766440D+02
 25717.87695312500      0.1766440D+02
 25767.87695312500      0.1766440D+02
 25817.87695312500      0.1766440D+02
 25867.87695312500      0.1766440D+02
 25882.14062500000      0.1766440D+02
 25882.15625000000      0.1776710D+02
 25884.94140625000      0.1776710D+02
 25890.51171875000      0.1776710D+02
 25940.51171875000      0.1776710D+02
 25990.51171875000      0.1776710D+02
 26040.51171875000      0.1776710D+02
 26090.51171875000      0.1776710D+02
 26140.51171875000      0.1776710D+02
 26190.51171875000      0.1776710D+02
 26203.05078125000      0.1776710D+02
 26203.25000000000      0.1653470D+02
 26205.56250000000      0.1653470D+02
 26210.18945312500      0.1653470D+02
 26260.18945312500      0.1653470D+02
 26310.18945312500      0.1653470D+02
 26360.18945312500      0.1653470D+02
 26410.18945312500      0.1653470D+02
 26432.93945312500      0.1653470D+02
 26433.27343750000      0.1858870D+02
 26435.72460937500      0.1858870D+02
 26440.62695312500      0.1858870D+02
 26490.62695312500      0.1858870D+02
 26540.62695312500      0.1858870D+02
 26590.62695312500      0.1858870D+02
 26640.62695312500      0.1858870D+02
 26690.62695312500      0.1858870D+02
 26739.66015625000      0.1858870D+02
 26739.69335937500      0.1838330D+02
 26742.25781250000      0.1838330D+02
 26747.38867187500      0.1838330D+02
 26797.38867187500      0.1838330D+02
 26847.38867187500      0.1838330D+02
 26897.38867187500      0.1838330D+02
 26947.38867187500      0.1838330D+02
 26997.38867187500      0.1838330D+02
 27047.38867187500      0.1838330D+02
 27049.81054687500      0.1838330D+02
 27099.81054687500      0.1838330D+02
 27149.81054687500      0.1838330D+02
 27153.18945312500      0.1838330D+02
 27153.42382812500      0.1694550D+02
 27155.81445312500      0.1694550D+02
 27160.59570312500      0.1694550D+02
 27210.59570312500      0.1694550D+02
 27260.59570312500      0.1694550D+02
 27310.59570312500      0.1694550D+02
 27360.59570312500      0.1694550D+02
 27377.50000000000      0.1694550D+02
 27427.50000000000      0.1694550D+02
 27477.50000000000      0.1694550D+02
 27527.50000000000      0.1694550D+02
 27577.50000000000      0.1694550D+02
 27601.81054687500      0.1694550D+02
 27601.84375000000      0.1715090D+02
 27604.76171875000      0.1715090D+02
 27610.59960937500      0.1715090D+02
 27660.59960937500      0.1715090D+02
 27710.59960937500      0.1715090D+02
 27760.59960937500      0.1715090D+02
 27810.59960937500      0.1715090D+02
 27823.43945312500      0.1715090D+02
 27823.62304687500      0.1602120D+02
 27826.86914062500      0.1602120D+02
 27835.12890625000      0.1602120D+02
 27885.12890625000      0.1602120D+02
 27935.12890625000      0.1602120D+02
 27985.12890625000      0.1602120D+02
 28035.12890625000      0.1602120D+02
 28060.68945312500      0.1602120D+02
 28060.77343750000      0.1653470D+02
 28063.64062500000      0.1653470D+02
 28069.37500000000      0.1653470D+02
 28119.37500000000      0.1653470D+02
 28169.37500000000      0.1653470D+02
 28219.37500000000      0.1653470D+02
 28269.37500000000      0.1653470D+02
 28290.57031250000      0.1653470D+02
 28290.58593750000      0.1663740D+02
 28293.48632812500      0.1663740D+02
 28299.28906250000      0.1663740D+02
 28349.28906250000      0.1663740D+02
 28399.28906250000      0.1663740D+02
 28449.28906250000      0.1663740D+02
 28499.28906250000      0.1663740D+02
 28519.03906250000      0.1663740D+02
 28519.07421875000      0.1643200D+02
 28521.89257812500      0.1643200D+02
 28527.52929687500      0.1643200D+02
 28577.52929687500      0.1643200D+02
 28627.52929687500      0.1643200D+02
 28677.52929687500      0.1643200D+02
 28727.52929687500      0.1643200D+02
 28750.34960937500      0.1643200D+02
 28750.44921875000      0.1581580D+02
 28753.31640625000      0.1581580D+02
 28759.05078125000      0.1581580D+02
 28809.05078125000      0.1581580D+02
 28859.05078124999      0.1581580D+02
 28909.05078124999      0.1581580D+02
 28959.05078124999      0.1581580D+02
 28990.68945312499      0.1581580D+02
 28990.80664062499      0.1653470D+02
 28993.69726562499      0.1653470D+02
 28999.47656250000      0.1653470D+02
 29049.47656250000      0.1653470D+02
 29099.47656250000      0.1653470D+02
 29149.47656250000      0.1653470D+02
 29199.47656250000      0.1653470D+02
 29220.57031250000      0.1653470D+02
 29220.58593750000      0.1643200D+02
 29223.34960937499      0.1643200D+02
 29228.87500000000      0.1643200D+02
 29278.87500000000      0.1643200D+02
 29328.87500000000      0.1643200D+02
 29378.87500000000      0.1643200D+02
 29428.87500000000      0.1643200D+02
 29451.89062500000      0.1643200D+02
 29452.95703124999      0.9859200D+01
 29455.09960937499      0.9859200D+01
 29459.38281250000      0.9859200D+01
 29509.38281250000      0.9859200D+01
 29559.38281250000      0.9859200D+01
 29609.38281250000      0.9859200D+01
 29644.66015624999      0.9859200D+01
 29645.09375000000      0.1252940D+02
 29647.33984374999      0.1252940D+02
 29651.83203124999      0.1252940D+02
 29701.83203124999      0.1252940D+02
 29751.83203124999      0.1252940D+02
 29801.83203124999      0.1252940D+02
 29851.83203124999      0.1252940D+02
 29901.83203124999      0.1252940D+02
 29951.83203124999      0.1252940D+02
 30001.83203124999      0.1252940D+02
 30051.83203124999      0.1252940D+02
 30099.71093750000      0.1252940D+02
 30100.24414062499      0.1581580D+02
 30102.45703124999      0.1581580D+02
 30106.88281250000      0.1581580D+02
 30156.88281250000      0.1581580D+02
 30206.88281250000      0.1581580D+02
 30219.88085937499      0.1581580D+02
 30221.16406250000      0.7907900D+01
 30223.28710937499      0.7907900D+01
 30227.53515624999      0.7907900D+01
 30277.53515624999      0.7907900D+01
 30327.53515624999      0.7907900D+01
 30377.53515624999      0.7907900D+01
 30427.53515624999      0.7907900D+01
 30460.21093750000      0.7907900D+01
 30461.69335937499      0.1704820D+02
 30463.84765624999      0.1704820D+02
 30468.15820312499      0.1704820D+02
 30518.15820312499      0.1704820D+02
 30568.15820312499      0.1704820D+02
 30571.68945312499      0.1704820D+02
 30571.72265624999      0.1684280D+02
 30574.64843750000      0.1684280D+02
 30580.49804687499      0.1684280D+02
 30630.49804687499      0.1684280D+02
 30680.49804687499      0.1684280D+02
 30730.49804687499      0.1684280D+02
 30780.49804687499      0.1684280D+02
 30797.36914062499      0.1684280D+02
 30797.40429687499      0.1663740D+02
 30800.27343750000      0.1663740D+02
 30806.01562500000      0.1663740D+02
 30856.01562500000      0.1663740D+02
 30906.01562500000      0.1663740D+02
 30956.01562500000      0.1663740D+02
 31006.01562500000      0.1663740D+02
 31025.83984374999      0.1663740D+02
 31026.12304687499      0.1489150D+02
 31028.62304687499      0.1489150D+02
 31033.62500000000      0.1489150D+02
 31083.62500000000      0.1489150D+02
 31133.62500000000      0.1489150D+02
 31153.46093750000      0.1489150D+02
 31153.67578124999      0.1622660D+02
 31156.30273437499      0.1622660D+02
 31161.55664062499      0.1622660D+02
 31211.55664062499      0.1622660D+02
 31261.55664062499      0.1622660D+02
 31270.58007812499      0.1622660D+02
 31270.77929687499      0.1499420D+02
 31274.02539062499      0.1499420D+02
 31282.92187500000      0.1499420D+02
 31332.92187500000      0.1499420D+02
 31382.92187500000      0.1499420D+02
 31432.92187500000      0.1499420D+02
 31482.92187500000      0.1499420D+02
 31524.08984374999      0.1499420D+02
 31524.42382812499      0.1704820D+02
 31526.77343750000      0.1704820D+02
 31531.47460937499      0.1704820D+02
 31581.47460937499      0.1704820D+02
 31631.47460937499      0.1704820D+02
 31635.57031250000      0.1704820D+02
 31635.58593750000      0.1694550D+02
 31638.58593750000      0.1694550D+02
 31644.58789062499      0.1694550D+02
 31694.58789062499      0.1694550D+02
 31744.58789062499      0.1694550D+02
 31794.58789062499      0.1694550D+02
 31844.58789062499      0.1694550D+02
 31859.88085937499      0.1694550D+02
 31859.89648437499      0.1684280D+02
 31862.75000000000      0.1684280D+02
 31868.45703124999      0.1684280D+02
 31918.45703124999      0.1684280D+02
 31968.45703124999      0.1684280D+02
 31972.71093750000      0.1684280D+02
 31972.72656250000      0.1674010D+02
 31975.76562500000      0.1674010D+02
 31981.84375000000      0.1674010D+02
 32031.84375000000      0.1674010D+02
 32081.84375000000      0.1674010D+02
 32131.84375000000      0.1674010D+02
 32181.84375000000      0.1674010D+02
 32199.77929687499      0.1674010D+02
 32199.81250000000      0.1653470D+02
 32202.71484374999      0.1653470D+02
 32208.51562500000      0.1653470D+02
 32258.51562500000      0.1653470D+02
 32308.51562500000      0.1653470D+02
 32314.72070312499      0.1653470D+02
 32364.72070312499      0.1653470D+02
 32414.72070312499      0.1653470D+02
 32429.66015624999      0.1653470D+02
 32429.67578124999      0.1643200D+02
 32432.56445312499      0.1643200D+02
 32438.34179687499      0.1643200D+02
 32488.34179687499      0.1643200D+02
 32538.34179687499      0.1643200D+02
 32588.34179687499      0.1643200D+02
 32638.34179687499      0.1643200D+02
 32660.98046874999      0.1643200D+02
 32661.06250000000      0.1694550D+02
 32664.02343750000      0.1694550D+02
 32669.94140624999      0.1694550D+02
 32719.94140624999      0.1694550D+02
 32769.94140624999      0.1694550D+02
 32773.14062500000      0.1694550D+02
 32773.19140624999      0.1663740D+02
 32776.22656250000      0.1663740D+02
 32782.29296874999      0.1663740D+02
 32832.29296874999      0.1663740D+02
 32882.29296874999      0.1663740D+02
 32932.29296874999      0.1663740D+02
 32982.29296874999      0.1663740D+02
 33032.29296874999      0.1663740D+02
 33082.29296874999      0.1663740D+02
 33115.82812500000      0.1663740D+02
 33115.86328124999      0.1643200D+02
 33118.68750000000      0.1643200D+02
 33124.33593750000      0.1643200D+02
 33174.33593750000      0.1643200D+02
 33224.33593750000      0.1643200D+02
 33274.33593750000      0.1643200D+02
 33324.33593750000      0.1643200D+02
 33347.14843750000      0.1643200D+02
 33347.16796874999      0.1632930D+02
 33349.99609374999      0.1632930D+02
 33355.65625000000      0.1632930D+02
 33405.65625000000      0.1632930D+02
 33455.65625000000      0.1632930D+02
 33463.53906250000      0.1632930D+02
 33463.57421874999      0.1653470D+02
 33466.56250000000      0.1653470D+02
 33472.53515624999      0.1653470D+02
 33522.53515624999      0.1653470D+02
 33572.53515624999      0.1653470D+02
 33578.48046874999      0.1653470D+02
 33578.59765624999      0.1581580D+02
 33581.65625000000      0.1581580D+02
 33587.77734374999      0.1581580D+02
 33637.77734374999      0.1581580D+02
 33687.77734374999      0.1581580D+02
 33737.77734374999      0.1581580D+02
 33787.77734374999      0.1581580D+02
 33818.82031250000      0.1581580D+02
 33818.90234374999      0.1530230D+02
 33821.88281250000      0.1530230D+02
 33827.84375000000      0.1530230D+02
 33877.84375000000      0.1530230D+02
 33927.84375000000      0.1530230D+02
 33977.84375000000      0.1530230D+02
 34027.84375000000      0.1530230D+02
 34067.21093750000      0.1530230D+02
 34067.41015624999      0.1406990D+02
 34070.65625000000      0.1406990D+02
 34079.95703124999      0.1406990D+02
 34129.95703124999      0.1406990D+02
 34179.95703124999      0.1406990D+02
 34202.28906250000      0.1406990D+02
 34202.52343750000      0.1263210D+02
 34205.03906250000      0.1263210D+02
 34210.07031250000      0.1263210D+02
 34260.07031250000      0.1263210D+02
 34310.07031250000      0.1263210D+02
 34352.75000000000      0.1263210D+02
 34352.93359374999      0.1150240D+02
 34356.17968750000      0.1150240D+02
 34364.65234374999      0.1150240D+02
 34414.65234374999      0.1150240D+02
 34464.65234374999      0.1150240D+02
 34514.65234374999      0.1150240D+02
 34517.96875000000      0.1150240D+02
 34518.17187500000      0.1273480D+02
 34521.41406250000      0.1273480D+02
 34530.32812500000      0.1273480D+02
 34580.32812500000      0.1273480D+02
 34630.32812500000      0.1273480D+02
 34667.21093750000      0.1273480D+02
 34667.24218750000      0.1294020D+02
 34670.44140624999      0.1294020D+02
 34676.83984374999      0.1294020D+02
 34726.83984374999      0.1294020D+02
 34776.83984374999      0.1294020D+02
 34814.08984374999      0.1294020D+02
 34814.10546874999      0.1304290D+02
 34817.35156250000      0.1304290D+02
 34824.04296874999      0.1304290D+02
 34874.04296874999      0.1304290D+02
 34924.04296874999      0.1304290D+02
 34959.80078124999      0.1304290D+02
 35009.80078124999      0.1304290D+02
 35059.80078124999      0.1304290D+02
 35109.80078124999      0.1304290D+02
 35159.80078124999      0.1304290D+02
 35209.80078124999      0.1304290D+02
 35251.23046874999      0.1304290D+02
 35251.37890624999      0.1211860D+02
 35253.16406250000      0.1211860D+02
 35256.73046874999      0.1211860D+02
 35306.73046874999      0.1211860D+02
 35356.73046874999      0.1211860D+02
 35406.73046874999      0.1211860D+02
 35408.05078124999      0.1211860D+02
 35408.10156250000      0.1181050D+02
 35411.25781250000      0.1181050D+02
 35417.57421874999      0.1181050D+02
 35467.57421874999      0.1181050D+02
 35517.57421874999      0.1181050D+02
 35567.57421874999      0.1181050D+02
 35568.96875000000      0.1181050D+02
 35569.20312500000      0.1324830D+02
 35571.84375000000      0.1324830D+02
 35577.12500000000      0.1324830D+02
 35627.12500000000      0.1324830D+02
 35677.12500000000      0.1324830D+02
 35712.42968750000      0.1324830D+02
 35712.44531250000      0.1314560D+02
 35715.24218750000      0.1314560D+02
 35720.83593750000      0.1314560D+02
 35770.83593750000      0.1314560D+02
 35820.83593750000      0.1314560D+02
 35870.83593750000      0.1314560D+02
 35920.83593750000      0.1314560D+02
 35970.83593750000      0.1314560D+02
 36001.57812500000      0.1314560D+02
 36051.57812500000      0.1314560D+02
 36101.57812500000      0.1314560D+02
 36146.14843750000      0.1314560D+02
 36146.39843750000      0.1160510D+02
 36148.93750000000      0.1160510D+02
 36154.01171874999      0.1160510D+02
 36204.01171874999      0.1160510D+02
 36254.01171874999      0.1160510D+02
 36304.01171874999      0.1160510D+02
 36354.01171874999      0.1160510D+02
 36404.01171874999      0.1160510D+02
 36454.01171874999      0.1160510D+02
 36473.69140624999      0.1160510D+02
 36473.75781250000      0.1201590D+02
 36476.90625000000      0.1201590D+02
 36483.20312500000      0.1201590D+02
 36533.20312500000      0.1201590D+02
 36583.20312500000      0.1201590D+02
 36631.85937500000      0.1201590D+02
 36632.01171874999      0.1294020D+02
 36633.83203124999      0.1294020D+02
 36637.48046874999      0.1294020D+02
 36687.48046874999      0.1294020D+02
 36737.48046874999      0.1294020D+02
 36787.48046874999      0.1294020D+02
 36837.48046874999      0.1294020D+02
 36887.48046874999      0.1294020D+02
 36925.58984374999      0.1294020D+02
 36925.70703124999      0.1222130D+02
 36928.84765624999      0.1222130D+02
 36935.13671874999      0.1222130D+02
 36985.13671874999      0.1222130D+02
 37035.13671874999      0.1222130D+02
 37081.10937500000      0.1222130D+02
 37081.14453124999      0.1242670D+02
 37084.39062500000      0.1242670D+02
 37091.12500000000      0.1242670D+02
 37141.12500000000      0.1242670D+02
 37191.12500000000      0.1242670D+02
 37234.03906250000      0.1242670D+02
 37234.07421874999      0.1222130D+02
 37237.06250000000      0.1222130D+02
 37243.03515624999      0.1222130D+02
 37293.03515624999      0.1222130D+02
 37343.03515624999      0.1222130D+02
 37389.55078124999      0.1222130D+02
 37389.71484374999      0.1324830D+02
 37392.96093750000      0.1324830D+02
 37402.97656250000      0.1324830D+02
 37452.97656250000      0.1324830D+02
 37502.97656250000      0.1324830D+02
 37552.97656250000      0.1324830D+02
 37602.97656250000      0.1324830D+02
 37652.97656250000      0.1324830D+02
 37676.46093750000      0.1324830D+02
 37676.55859374999      0.1263210D+02
 37679.75000000000      0.1263210D+02
 37686.13671874999      0.1263210D+02
 37736.13671874999      0.1263210D+02
 37786.13671874999      0.1263210D+02
 37826.92187500000      0.1263210D+02
 37827.00390624999      0.1314560D+02
 37830.25000000000      0.1314560D+02
 37836.73828124999      0.1314560D+02
 37886.73828124999      0.1314560D+02
 37936.73828124999      0.1314560D+02
 37971.48828124999      0.1314560D+02
 37971.52343750000      0.1335100D+02
 37974.76953124999      0.1335100D+02
 37981.50781250000      0.1335100D+02
 38031.50781250000      0.1335100D+02
 38081.50781250000      0.1335100D+02
 38113.85156250000      0.1335100D+02
 38113.88281250000      0.1314560D+02
 38116.98437500000      0.1314560D+02
 38123.18359374999      0.1314560D+02
 38173.18359374999      0.1314560D+02
 38223.18359374999      0.1314560D+02
 38258.42187500000      0.1314560D+02
 38258.53515624999      0.1386450D+02
 38261.78125000000      0.1386450D+02
 38268.28125000000      0.1386450D+02
 38318.28125000000      0.1386450D+02
 38368.28125000000      0.1386450D+02
 38395.50000000000      0.1386450D+02
 38445.50000000000      0.1386450D+02
 38495.50000000000      0.1386450D+02
 38532.57812500000      0.1386450D+02
 38582.57812500000      0.1386450D+02
 38632.57812500000      0.1386450D+02
 38669.66015624999      0.1386450D+02
 38669.67578124999      0.1396720D+02
 38672.92187500000      0.1396720D+02
 38680.35937500000      0.1396720D+02
 38730.35937500000      0.1396720D+02
 38780.35937500000      0.1396720D+02
 38805.73046874999      0.1396720D+02
 38805.74609374999      0.1386450D+02
 38808.77343750000      0.1386450D+02
 38814.82421874999      0.1386450D+02
 38864.82421874999      0.1386450D+02
 38914.82421874999      0.1386450D+02
 38942.80859374999      0.1386450D+02
 38992.80859374999      0.1386450D+02
 39042.80859374999      0.1386450D+02
 39079.89062500000      0.1386450D+02
 39129.89062500000      0.1386450D+02
 39179.89062500000      0.1386450D+02
 39229.89062500000      0.1386450D+02
 39279.89062500000      0.1386450D+02
 39329.89062500000      0.1386450D+02
 39354.05078124999      0.1386450D+02
 39354.16796874999      0.1314560D+02
 39357.41406250000      0.1314560D+02
 39364.00000000000      0.1314560D+02
 39414.00000000000      0.1314560D+02
 39464.00000000000      0.1314560D+02
 39498.62890624999      0.1314560D+02
 39498.67968750000      0.1345370D+02
 39501.92578124999      0.1345370D+02
 39508.78906250000      0.1345370D+02
 39558.78906250000      0.1345370D+02
 39608.78906250000      0.1345370D+02
 39658.78906250000      0.1345370D+02
 39708.78906250000      0.1345370D+02
 39758.78906250000      0.1345370D+02
 39781.14843750000      0.1345370D+02
 39781.18359374999      0.1365910D+02
 39784.42968750000      0.1365910D+02
 39791.21484374999      0.1365910D+02
 39841.21484374999      0.1365910D+02
 39891.21484374999      0.1365910D+02
 39920.30078124999      0.1365910D+02
 39920.35156250000      0.1396720D+02
 39923.59375000000      0.1396720D+02
 39930.43750000000      0.1396720D+02
 39980.43750000000      0.1396720D+02
 40030.43750000000      0.1396720D+02
 40056.37109374999      0.1396720D+02
 40056.43750000000      0.1355640D+02
 40059.68359374999      0.1355640D+02
 40066.31640624999      0.1355640D+02
 40116.31640624999      0.1355640D+02
 40166.31640624999      0.1355640D+02
 40196.57031250000      0.1355640D+02
 40196.58593750000      0.1345370D+02
 40199.58593750000      0.1345370D+02
 40205.58593750000      0.1345370D+02
 40255.58593750000      0.1345370D+02
 40305.58593750000      0.1345370D+02
 40337.82812500000      0.1345370D+02
 40337.91406250000      0.1396720D+02
 40341.16015624999      0.1396720D+02
 40347.95312500000      0.1396720D+02
 40397.95312500000      0.1396720D+02
 40447.95312500000      0.1396720D+02
 40473.89843750000      0.1396720D+02
 40473.96484374999      0.1355640D+02
 40477.21093750000      0.1355640D+02
 40483.86328124999      0.1355640D+02
 40533.86328124999      0.1355640D+02
 40583.86328124999      0.1355640D+02
 40614.10156250000      0.1355640D+02
 40614.16796874999      0.1396720D+02
 40617.41406250000      0.1396720D+02
 40624.28906250000      0.1396720D+02
 40674.28906250000      0.1396720D+02
 40724.28906250000      0.1396720D+02
 40774.28906250000      0.1396720D+02
 40824.28906250000      0.1396720D+02
 40874.28906250000      0.1396720D+02
 40886.23828124999      0.1396720D+02
 40936.23828124999      0.1396720D+02
 40986.23828124999      0.1396720D+02
 41022.30859374999      0.1396720D+02
 41022.32812500000      0.1406990D+02
 41025.57031250000      0.1406990D+02
 41032.57421874999      0.1406990D+02
 41082.57421874999      0.1406990D+02
 41132.57421874999      0.1406990D+02
 41157.39062500000      0.1406990D+02
 41157.42187500000      0.1386450D+02
 41160.66796874999      0.1386450D+02
 41167.32812500000      0.1386450D+02
 41217.32812500000      0.1386450D+02
 41267.32812500000      0.1386450D+02
 41294.46875000000      0.1386450D+02
 41294.76953124999      0.1201590D+02
 41297.66796874999      0.1201590D+02
 41303.46875000000      0.1201590D+02
 41353.46875000000      0.1201590D+02
 41403.46875000000      0.1201590D+02
 41452.62890624999      0.1201590D+02
 41453.14843750000      0.1519960D+02
 41455.14843750000      0.1519960D+02
 41459.15625000000      0.1519960D+02
 41509.15625000000      0.1519960D+02
 41559.15625000000      0.1519960D+02
 41577.67187500000      0.1519960D+02
 41577.68750000000      0.1509690D+02
 41580.75390624999      0.1509690D+02
 41586.88281250000      0.1509690D+02
 41636.88281250000      0.1509690D+02
 41686.88281250000      0.1509690D+02
 41736.88281250000      0.1509690D+02
 41786.88281250000      0.1509690D+02
 41829.44921874999      0.1509690D+02
 41829.48437500000      0.1489150D+02
 41832.65234374999      0.1489150D+02
 41838.99609374999      0.1489150D+02
 41888.99609374999      0.1489150D+02
 41938.99609374999      0.1489150D+02
 41957.07031250000      0.1489150D+02
 41957.13671874999      0.1448070D+02
 41960.38281250000      0.1448070D+02
 41967.14843750000      0.1448070D+02
 42017.14843750000      0.1448070D+02
 42067.14843750000      0.1448070D+02
 42088.32031250000      0.1448070D+02
 42088.48828124999      0.1550770D+02
 42090.46484374999      0.1550770D+02
 42094.42578124999      0.1550770D+02
 42144.42578124999      0.1550770D+02
 42194.42578124999      0.1550770D+02
 42244.42578124999      0.1550770D+02
 42294.42578124999      0.1550770D+02
 42333.42968750000      0.1550770D+02
 42333.44531250000      0.1540500D+02
 42336.50000000000      0.1540500D+02
 42342.60546874999      0.1540500D+02
 42392.60546874999      0.1540500D+02
 42442.60546874999      0.1540500D+02
 42492.60546874999      0.1540500D+02
 42542.60546874999      0.1540500D+02
 42580.17187500000      0.1540500D+02
 42580.30468750000      0.1458340D+02
 42583.55078124999      0.1458340D+02
 42590.24218750000      0.1458340D+02
 42640.24218750000      0.1458340D+02
 42690.24218750000      0.1458340D+02
 42710.48828124999      0.1458340D+02
 42760.48828124999      0.1458340D+02
 42810.48828124999      0.1458340D+02
 42860.48828124999      0.1458340D+02
 42910.48828124999      0.1458340D+02
 42960.48828124999      0.1458340D+02
 42971.12890624999      0.1458340D+02
 43021.12890624999      0.1458340D+02
 43071.12890624999      0.1458340D+02
 43101.44921874999      0.1458340D+02
 43101.46484374999      0.1468610D+02
 43104.71093750000      0.1468610D+02
 43111.51562500000      0.1468610D+02
 43161.51562500000      0.1468610D+02
 43211.51562500000      0.1468610D+02
 43261.51562500000      0.1468610D+02
 43311.51562500000      0.1468610D+02
 43360.26953124999      0.1468610D+02
 43360.37109374999      0.1406990D+02
 43363.61718750000      0.1406990D+02
 43370.33984374999      0.1406990D+02
 43420.33984374999      0.1406990D+02
 43470.33984374999      0.1406990D+02
 43520.33984374999      0.1406990D+02
 43570.33984374999      0.1406990D+02
 43620.33984374999      0.1406990D+02
 43630.42968750000      0.1406990D+02
 43630.87890624999      0.1684280D+02
 43634.01953124999      0.1684280D+02
 43640.29296874999      0.1684280D+02
 43690.29296874999      0.1684280D+02
 43740.29296874999      0.1684280D+02
 43743.26953124999      0.1684280D+02
 43743.35156250000      0.1632930D+02
 43746.54687500000      0.1632930D+02
 43752.93359374999      0.1632930D+02
 43802.93359374999      0.1632930D+02
 43852.93359374999      0.1632930D+02
 43859.66015624999      0.1632930D+02
 43909.66015624999      0.1632930D+02
 43959.66015624999      0.1632930D+02
 43976.03906250000      0.1632930D+02
 43976.55859374999      0.1314560D+02
 43979.70312500000      0.1314560D+02
 43985.99218750000      0.1314560D+02
 44035.99218750000      0.1314560D+02
 44085.99218750000      0.1314560D+02
 44120.62109374999      0.1314560D+02
 44170.62109374999      0.1314560D+02
 44220.62109374999      0.1314560D+02
 44265.19921874999      0.1314560D+02
 44265.33203124999      0.1396720D+02
 44268.57812500000      0.1396720D+02
 44275.44921874999      0.1396720D+02
 44325.44921874999      0.1396720D+02
 44375.44921874999      0.1396720D+02
 44401.26953124999      0.1396720D+02
 44401.40234374999      0.1478880D+02
 44404.64843750000      0.1478880D+02
 44411.39062500000      0.1478880D+02
 44461.39062500000      0.1478880D+02
 44511.39062500000      0.1478880D+02
 44561.39062500000      0.1478880D+02
 44611.39062500000      0.1478880D+02
 44661.39062500000      0.1478880D+02
 44711.39062500000      0.1478880D+02
 44761.39062500000      0.1478880D+02
 44786.80078124999      0.1478880D+02
 44787.05078124999      0.1324830D+02
 44790.29687500000      0.1324830D+02
 44796.99609374999      0.1324830D+02
 44846.99609374999      0.1324830D+02
 44896.99609374999      0.1324830D+02
 44930.26171874999      0.1324830D+02
 44930.44921874999      0.1207547D+02
 44930.64062500000      0.1090264D+02
 44930.83203124999      0.9729807D+01
 44931.01953124999      0.8556975D+01
 44931.21093750000      0.7384145D+01
 44931.40234374999      0.6211313D+01
 44931.59375000000      0.5038482D+01
 44931.78125000000      0.3865651D+01
 44931.97265624999      0.2692820D+01
 44932.16406250000      0.1519989D+01
 44932.35546874999      0.3471580D+00
 44932.41015624999      0.0000000D+00
 44932.43750000000      0.2509201D+00
 44932.46875000000      0.5018402D+00
 44932.50000000000      0.7527602D+00
 44932.52734374999      0.1003680D+01
 44932.55859374999      0.1254600D+01
 44932.58593750000      0.1505520D+01
 44932.61718750000      0.1756441D+01
 44932.64453124999      0.2007361D+01
 44932.67578124999      0.2258281D+01
 44932.70312500000      0.2509201D+01
 44932.72656250000      0.2699900D+01
 44932.78515624999      0.2699900D+01
 44933.32421874999      0.2699900D+01
 44933.76171874999      0.2699900D+01
 44934.22656250000      0.6678700D+01
 44934.44140624999      0.6678700D+01
 44934.47656250000      0.9378600D+01
 44934.49218750000      0.1307320D+02
 44934.52734374999      0.1591520D+02
 44934.68750000000      0.1730279D+02
 44935.07812500000      0.2060450D+02
 44935.24218750000      0.2060450D+02
 44935.39453124999      0.2188340D+02
 44935.42578124999      0.2188340D+02
 44935.67578124999      0.2429910D+02
 44935.92578124999      0.2643060D+02
 44935.96093750000      0.2742530D+02
 44936.16015624999      0.2913050D+02
 44936.17578124999      0.2913050D+02
 44936.42578124999      0.3154620D+02
 44936.54296874999      0.3254090D+02
 44937.60156250000      0.3254090D+02
 44939.72265624999      0.3254090D+02
 44942.52734374999      0.3254090D+02
 44942.55859374999      0.3282510D+02
 44942.67578124999      0.3282510D+02
 44942.71093750000      0.3495660D+02
 44942.80859374999      0.4248790D+02
 44942.84375000000      0.4575620D+02
 44942.87500000000      0.4760350D+02
 44942.96875000000      0.5044550D+02
 44943.16406250000      0.5044550D+02
 44943.55859374999      0.5044550D+02
 44946.92578124999      0.5044550D+02
 44946.94140624999      0.4973500D+02
 44946.96093750000      0.3977705D+02
 44946.97656250000      0.3012520D+02
 44946.99609374999      0.2016725D+02
 44947.01171874999      0.1250480D+02
 44947.03906250000      0.1024853D+02
 44947.09765624999      0.5735978D+01
 44947.12890624999      0.3268300D+01
 44947.14062500000      0.2964555D+01
 44947.14843750000      0.2660809D+01
 44947.16015624999      0.2357064D+01
 44947.16796874999      0.2053319D+01
 44947.17968750000      0.1749573D+01
 44947.18750000000      0.1445828D+01
 44947.19921874999      0.1142083D+01
 44947.20703124999      0.8383372D+00
 44947.21875000000      0.5345918D+00
 44947.22656250000      0.2308465D+00
 44947.23437500000      0.0000000D+00
