 0.000000000000000      0.1146301D+01
0.1000000014901161      0.2108908D+00
0.3000000119209288      0.2682382D+01
0.6006559729576110      0.6449997D+01
0.9013119935989378      0.1015923D+02
 1.201967954635620      0.1387023D+02
 1.502623915672302      0.1758146D+02
 1.803279876708984      0.2129211D+02
 2.103935956954956      0.2500162D+02
 2.404591798782348      0.2870948D+02
 2.705247640609741      0.3241543D+02
 3.005903959274291      0.3611909D+02
 3.299999952316284      0.3973548D+02
 3.901312112808227      0.3955402D+02
 6.178729057312010      0.3955646D+02
 56.17873001098632      0.3961235D+02
 93.45999908447265      0.3965066D+02
 94.64333343505858      0.3965644D+02
 96.44585418701171      0.3955088D+02
 100.0509109497070      0.3955416D+02
 150.0509033203125      0.3959838D+02
 200.0509033203125      0.3963408D+02
 250.0509033203125      0.3965977D+02
 299.8500061035155      0.3967922D+02
 300.2333374023437      0.3967773D+02
 302.0991210937499      0.3970942D+02
 305.8307495117187      0.3971183D+02
 355.8307495117187      0.3972271D+02
 405.8307495117187      0.3973514D+02
 455.8307495117187      0.3974482D+02
 505.8307495117187      0.3975316D+02
 555.8307495117187      0.3976105D+02
 605.8307495117186      0.3976831D+02
 655.8307495117186      0.3977506D+02
 675.9799804687499      0.3977881D+02
 676.4633178710936      0.3977910D+02
 678.3085327148436      0.3973780D+02
 681.9989624023436      0.3973382D+02
 731.9989624023436      0.3974138D+02
 781.9989624023436      0.3974751D+02
 831.9989624023436      0.3975376D+02
 881.9989624023436      0.3975980D+02
 931.9989624023436      0.3976558D+02
 945.1500244140623      0.3976807D+02
 946.0499877929685      0.3978814D+02
 947.8235473632810      0.3986722D+02
 951.3707885742186      0.3986514D+02
 1001.370788574219      0.3986824D+02
 1051.370849609375      0.3987265D+02
 1101.370849609375      0.3987656D+02
 1151.370849609375      0.3988037D+02
 1196.359985351562      0.3988377D+02
 1197.493286132812      0.3985802D+02
 1199.242797851562      0.3975488D+02
 1202.741577148437      0.3975624D+02
 1252.741577148437      0.3975945D+02
 1302.741577148437      0.3976412D+02
 1324.420043945312      0.3976643D+02
 1324.520019531250      0.3976717D+02
 1326.805664062500      0.3977800D+02
 1331.377197265625      0.3977463D+02
 1381.377197265625      0.3977934D+02
 1431.377197265625      0.3978372D+02
 1481.377197265625      0.3978770D+02
 1531.377197265625      0.3979201D+02
 1581.377197265625      0.3979601D+02
 1585.989990234375      0.3979658D+02
 1586.606689453125      0.3981669D+02
 1588.367797851562      0.3986702D+02
 1591.889892578125      0.3986487D+02
 1641.889892578125      0.3986761D+02
 1691.889892578125      0.3987079D+02
 1741.889892578125      0.3987350D+02
 1791.889892578125      0.3987630D+02
 1811.660034179687      0.3987714D+02
 1811.693359375000      0.3987513D+02
 1814.099731445312      0.3987095D+02
 1818.912475585937      0.3987199D+02
 1868.912475585937      0.3987503D+02
 1886.280029296875      0.3987581D+02
 1886.313354492187      0.3987726D+02
 1888.792236328125      0.3988101D+02
 1893.750000000000      0.3988024D+02
 1943.750000000000      0.3988290D+02
 1993.750000000000      0.3988527D+02
 2036.739990234375      0.3988764D+02
 2086.739990234375      0.3988982D+02
 2136.739990234375      0.3989203D+02
 2186.739990234375      0.3989421D+02
 2236.739990234375      0.3989638D+02
 2262.409912109375      0.3989750D+02
 2262.459960937500      0.3989417D+02
 2265.011474609375      0.3988842D+02
 2270.113769531250      0.3988959D+02
 2320.113769531250      0.3989199D+02
 2370.113769531250      0.3989385D+02
 2420.113769531250      0.3989608D+02
 2470.113769531250      0.3989820D+02
 2520.113769531250      0.3990027D+02
 2559.689941406250      0.3990180D+02
 2559.739990234375      0.3989823D+02
 2562.404785156250      0.3989266D+02
 2567.734130859375      0.3989371D+02
 2617.734130859375      0.3989606D+02
 2667.734130859375      0.3989767D+02
 2717.734130859375      0.3989962D+02
 2767.734130859375      0.3990144D+02
 2780.000000000000      0.3990163D+02
 2780.033447265625      0.3990408D+02
 2782.469238281250      0.3990729D+02
 2787.340576171875      0.3990608D+02
 2837.340576171875      0.3990826D+02
 2887.340576171874      0.3990973D+02
 2937.340576171874      0.3991129D+02
 2987.340576171874      0.3991294D+02
 3002.070068359374      0.3991306D+02
 3002.086669921874      0.3991434D+02
 3004.456298828124      0.3991575D+02
 3009.195556640624      0.3991521D+02
 3059.195556640624      0.3991716D+02
 3109.195556640624      0.3991821D+02
 3159.195556640624      0.3991968D+02
 3209.195556640624      0.3992113D+02
 3225.030029296874      0.3992118D+02
 3225.046630859374      0.3992250D+02
 3227.384765624999      0.3992386D+02
 3232.060546874999      0.3992329D+02
 3282.060546874999      0.3992512D+02
 3332.060546874999      0.3992598D+02
 3382.060546874999      0.3992719D+02
 3432.060546874999      0.3992841D+02
 3482.060546874999      0.3992947D+02
 3523.500000000000      0.3993025D+02
 3573.500000000000      0.3993155D+02
 3598.120117187499      0.3993168D+02
 3598.136718750000      0.3993277D+02
 3600.370117187499      0.3993421D+02
 3604.836914062499      0.3993353D+02
 3654.836914062499      0.3993557D+02
 3704.836914062499      0.3993608D+02
 3754.836914062499      0.3993705D+02
 3804.836914062499      0.3993785D+02
 3854.836914062499      0.3993869D+02
 3897.810058593749      0.3993919D+02
 3898.026611328124      0.3995921D+02
 3899.932128906249      0.3997285D+02
 3903.743164062499      0.3996835D+02
 3953.743164062499      0.3996937D+02
 4003.743164062499      0.3996932D+02
 4053.743164062499      0.3996943D+02
 4103.743164062499      0.3996949D+02
 4135.060058593749      0.3996902D+02
 4135.160156250000      0.3995778D+02
 4137.779785156249      0.3994645D+02
 4143.019042968749      0.3994891D+02
 4193.019042968749      0.3994949D+02
 4212.169921874999      0.3994835D+02
 4212.653320312499      0.4000163D+02
 4214.573730468749      0.4003440D+02
 4218.414550781249      0.4002500D+02
 4268.414550781249      0.4002454D+02
 4318.414550781249      0.4002368D+02
 4368.414550781249      0.4002283D+02
 4387.580078124999      0.4002164D+02
 4387.613281250000      0.4002529D+02
 4390.296875000000      0.4002894D+02
 4395.663574218749      0.4002745D+02
 4445.663574218749      0.4002781D+02
 4476.120117187499      0.4002666D+02
 4476.169921874999      0.4001975D+02
 4478.911621093749      0.4001441D+02
 4484.394042968749      0.4001535D+02
 4534.394042968749      0.4001552D+02
 4563.410156250000      0.4001434D+02
 4563.426757812499      0.4001558D+02
 4566.104980468749      0.4001684D+02
 4571.461425781249      0.4001601D+02
 4621.461425781249      0.4001647D+02
 4651.109863281249      0.4001534D+02
 4651.160156250000      0.4002087D+02
 4653.834960937499      0.4002703D+02
 4659.184570312499      0.4002462D+02
 4709.184570312499      0.4002490D+02
 4740.080078124999      0.4002371D+02
 4740.129882812499      0.4002928D+02
 4742.846191406249      0.4003418D+02
 4748.279296874999      0.4003182D+02
 4798.279296874999      0.4003202D+02
 4848.279296874999      0.4003095D+02
 4898.279296874999      0.4003004D+02
 4920.629882812499      0.4002889D+02
 4920.663574218749      0.4002403D+02
 4923.454101562499      0.4002051D+02
 4929.035156250000      0.4002108D+02
 4979.035156250000      0.4002121D+02
 5029.035156250000      0.4002015D+02
 5079.035156250000      0.4001927D+02
 5099.430175781249      0.4001809D+02
 5099.546875000000      0.4003301D+02
 5102.293945312499      0.4004568D+02
 5107.789062500000      0.4004008D+02
 5157.789062500000      0.4004018D+02
 5207.789062500000      0.4003892D+02
 5257.789062500000      0.4003789D+02
 5307.789062500000      0.4003680D+02
 5357.789062500000      0.4003580D+02
 5407.789062500000      0.4003465D+02
 5457.789062500000      0.4003363D+02
 5469.540039062499      0.4003238D+02
 5469.589843750000      0.4002542D+02
 5472.353027343749      0.4001936D+02
 5477.879394531249      0.4002017D+02
 5527.879394531249      0.4002010D+02
 5560.700195312499      0.4001885D+02
 5610.700195312499      0.4001839D+02
 5660.700195312499      0.4001712D+02
 5710.700195312499      0.4001596D+02
 5743.020019531249      0.4001472D+02
 5743.053222656249      0.4001836D+02
 5745.747070312499      0.4002212D+02
 5751.134765624999      0.4002026D+02
 5801.134765624999      0.4002035D+02
 5835.089843749999      0.4001912D+02
 5835.106445312499      0.4002062D+02
 5837.744628906248      0.4002254D+02
 5843.020507812499      0.4002155D+02
 5893.020507812499      0.4002160D+02
 5927.620117187499      0.4002036D+02
 5927.753417968748      0.4003846D+02
 5930.538574218749      0.4005368D+02
 5936.108398437498      0.4004667D+02
 5986.108398437498      0.4004647D+02
 6024.000000000000      0.4004504D+02
 6024.966796874999      0.3992119D+02
 6026.852050781249      0.3982650D+02
 6030.623535156249      0.3982519D+02
 6080.623535156249      0.3982766D+02
 6098.020019531248      0.3982476D+02
 6099.186523437498      0.3997721D+02
 6101.077148437498      0.4006062D+02
 6104.857421874999      0.4002791D+02
 6154.857421874999      0.4002522D+02
 6200.830078124999      0.4002321D+02
 6201.263183593748      0.4009114D+02
 6203.228027343749      0.4012587D+02
 6207.156250000000      0.4011654D+02
 6257.156250000000      0.4011457D+02
 6307.156250000000      0.4020311D+02
 6321.000000000000      0.4020105D+02
 6321.850097656249      0.4007059D+02
 6323.772949218749      0.3998230D+02
 6327.618652343749      0.3998090D+02
 6377.618652343749      0.3998131D+02
 6411.270019531248      0.3997892D+02
 6411.286621093748      0.3997958D+02
 6413.924316406248      0.3998156D+02
 6419.200195312499      0.3998046D+02
 6469.200195312499      0.3998061D+02
 6501.979980468748      0.3997840D+02
 6502.029785156249      0.3998383D+02
 6504.718750000000      0.3998964D+02
 6510.095703124999      0.3998656D+02
 6560.095703124999      0.3998647D+02
 6610.095703124999      0.3998444D+02
 6660.095703124999      0.3998245D+02
 6686.120117187499      0.3998043D+02
 6686.203125000000      0.3999126D+02
 6688.920898437498      0.4000074D+02
 6694.356933593748      0.3999553D+02
 6744.356933593748      0.3999549D+02
 6780.540039062499      0.3999331D+02
 6780.556640624999      0.3999431D+02
 6783.204589843749      0.3999635D+02
 6788.500488281249      0.3999511D+02
 6838.500488281249      0.3999494D+02
 6888.500488281249      0.3999288D+02
 6938.500488281249      0.3999097D+02
 6970.339843749999      0.3998909D+02
 6970.373535156249      0.3999272D+02
 6973.093261718749      0.3999597D+02
 6978.533203124999      0.3999378D+02
 7028.533203124999      0.3999352D+02
 7078.533203124999      0.3999152D+02
 7128.533203124999      0.3998967D+02
 7178.533203124999      0.3998780D+02
 7228.533203124999      0.3998596D+02
 7278.533203124999      0.3998412D+02
 7328.533203124999      0.3998236D+02
 7353.870117187498      0.3998058D+02
 7353.886718749999      0.3998221D+02
 7356.544433593748      0.3998418D+02
 7361.860351562498      0.3998294D+02
 7411.860351562498      0.3998269D+02
 7461.860351562498      0.3998087D+02
 7511.860351562498      0.3997912D+02
 7546.640136718748      0.3997738D+02
 7546.939941406248      0.3993261D+02
 7548.910156249999      0.3990226D+02
 7552.850097656249      0.3990077D+02
 7602.850097656249      0.3990154D+02
 7634.759765624999      0.3989956D+02
 7634.810058593748      0.3990527D+02
 7637.444335937498      0.3991121D+02
 7642.713378906248      0.3990709D+02
 7692.713378906248      0.3990733D+02
 7742.713378906248      0.3990572D+02
 7792.713378906248      0.3990429D+02
 7813.560058593748      0.3990240D+02
 7814.143554687498      0.3999114D+02
 7816.086425781249      0.4002716D+02
 7819.974121093748      0.4000544D+02
 7869.974121093748      0.4000303D+02
 7919.974121093748      0.4000048D+02
 7969.974121093748      0.3999790D+02
 8019.974121093748      0.3999541D+02
 8028.740234374999      0.3999351D+02
 8029.206542968748      0.3992051D+02
 8031.178222656249      0.3987094D+02
 8035.122070312499      0.3986875D+02
 8085.122070312499      0.3986928D+02
 8135.122070312499      0.3986694D+02
 8185.122070312499      0.3986492D+02
 8213.799804687498      0.3986276D+02
 8213.916992187498      0.3987903D+02
 8216.624023437498      0.3989422D+02
 8222.041015624999      0.3988493D+02
 8272.041015624999      0.3988466D+02
 8309.679687500000      0.3988242D+02
 8309.730468749999      0.3988847D+02
 8312.425781249999      0.3989448D+02
 8317.816406249999      0.3989047D+02
 8367.816406249999      0.3989014D+02
 8407.080078124999      0.3988795D+02
 8407.113281249999      0.3988112D+02
 8409.892578124999      0.3987656D+02
 8415.452148437498      0.3987709D+02
 8465.452148437498      0.3987661D+02
 8515.452148437498      0.3987442D+02
 8565.452148437498      0.3987238D+02
 8615.452148437498      0.3987035D+02
 8665.452148437498      0.3986835D+02
 8696.230468749999      0.3986641D+02
 8696.346679687498      0.3988334D+02
 8699.093750000000      0.3989800D+02
 8704.588867187498      0.3988851D+02
 8754.588867187498      0.3988796D+02
 8804.588867187498      0.3988568D+02
 8854.588867187498      0.3988364D+02
 8896.290039062498      0.3988152D+02
 8896.356445312499      0.3989060D+02
 8899.095703124999      0.3989861D+02
 8904.572265624999      0.3989309D+02
 8954.572265624999      0.3989253D+02
 9004.572265624999      0.3989024D+02
 9054.572265624999      0.3988812D+02
 9100.769531249999      0.3988602D+02
 9100.836914062498      0.3989516D+02
 9103.588867187498      0.3990327D+02
 9109.092773437498      0.3989772D+02
 9159.092773437498      0.3989698D+02
 9209.092773437498      0.3989469D+02
 9259.092773437498      0.3989258D+02
 9309.092773437498      0.3989040D+02
 9309.879882812499      0.3988868D+02
 9309.962890624999      0.3990258D+02
 9312.777343749999      0.3991315D+02
 9318.406250000000      0.3990649D+02
 9368.406250000000      0.3990561D+02
 9418.406250000000      0.3990322D+02
 9468.406250000000      0.3990096D+02
 9518.406250000000      0.3989877D+02
 9525.059570312499      0.3989707D+02
 9525.193359374999      0.3991949D+02
 9528.041992187498      0.3993603D+02
 9533.740234374999      0.3992585D+02
 9583.740234374999      0.3992479D+02
 9633.740234374999      0.3992226D+02
 9683.740234374999      0.3991992D+02
 9733.740234374999      0.3991754D+02
 9750.740234374999      0.3991579D+02
 9750.773437500000      0.3992103D+02
 9753.644531249999      0.3992501D+02
 9759.385742187498      0.3992234D+02
 9809.385742187498      0.3992122D+02
 9859.385742187498      0.3991883D+02
 9909.385742187498      0.3991647D+02
 9959.385742187498      0.3991418D+02
 9979.200195312499      0.3991238D+02
 9979.316406249999      0.3993225D+02
 9982.200195312499      0.3994699D+02
 9987.966796874999      0.3993821D+02
 10037.96679687500      0.3993689D+02
 10087.96679687500      0.3993430D+02
 10137.96679687500      0.3993192D+02
 10187.96679687500      0.3992958D+02
 10217.98046875000      0.3992752D+02
 10218.03027343750      0.3993567D+02
 10220.88671875000      0.3994244D+02
 10226.60156250000      0.3993847D+02
 10276.60156250000      0.3993721D+02
 10326.60156250000      0.3993469D+02
 10376.60156250000      0.3993225D+02
 10426.60156250000      0.3992989D+02
 10461.48046875000      0.3992784D+02
 10461.61328125000      0.3995099D+02
 10464.54687500000      0.3996785D+02
 10470.41601562500      0.3995820D+02
 10520.41601562500      0.3995673D+02
 10570.41601562500      0.3995413D+02
 10589.99023437500      0.3995240D+02
 10590.05664062500      0.3996422D+02
 10592.98730468750      0.3997302D+02
 10598.84960937500      0.3996815D+02
 10648.84960937500      0.3996660D+02
 10698.84960937500      0.3996403D+02
 10748.84960937500      0.3996148D+02
 10798.84960937500      0.3995900D+02
 10848.84960937500      0.3995644D+02
 10854.34960937500      0.3995504D+02
 10854.43359375000      0.3997055D+02
 10857.42089843750      0.3998134D+02
 10863.39550781250      0.3997554D+02
 10913.39550781250      0.3997391D+02
 10963.39550781250      0.3997132D+02
 10991.42968750000      0.3996933D+02
 10991.53027343750      0.3998766D+02
 10994.52832031250      0.4000064D+02
 11000.52441406250      0.3999380D+02
 11050.52441406250      0.3999215D+02
 11100.52441406250      0.3998942D+02
 11150.52441406250      0.3998682D+02
 11200.52441406250      0.3998429D+02
 11250.52441406250      0.3998174D+02
 11278.33984375000      0.3997979D+02
 11278.42285156250      0.3999524D+02
 11281.45214843750      0.4000618D+02
 11287.50976562500      0.4000055D+02
 11337.50976562500      0.3999887D+02
 11387.50976562500      0.3999620D+02
 11437.50976562500      0.3999367D+02
 11487.50976562500      0.3999107D+02
 11537.50976562500      0.3998858D+02
 11576.82031250000      0.3998633D+02
 11576.88671875000      0.3999854D+02
 11579.91601562500      0.4000745D+02
 11585.97460937500      0.4000289D+02
 11635.97460937500      0.4000120D+02
 11685.97460937500      0.3999859D+02
 11731.03027343750      0.3999621D+02
 11731.78027343750      0.3985859D+02
 11733.80078125000      0.3977059D+02
 11737.84277343750      0.3976811D+02
 11787.84277343750      0.3976811D+02
 11837.84277343750      0.3976592D+02
 11843.19042968750      0.3976431D+02
 11843.50683593750      0.3971259D+02
 11845.50488281250      0.3967661D+02
 11849.50292968750      0.3967516D+02
 11899.50292968750      0.3967574D+02
 11949.50292968750      0.3967397D+02
 11999.50292968750      0.3967255D+02
 12044.33984375000      0.3967100D+02
 12044.37304687500      0.3966397D+02
 12047.23242187500      0.3965937D+02
 12052.95019531250      0.3966000D+02
 12102.95019531250      0.3965987D+02
 12152.95019531250      0.3965830D+02
 12202.95019531250      0.3965691D+02
 12243.32031250000      0.3965532D+02
 12293.32031250000      0.3965432D+02
 12343.32031250000      0.3965283D+02
 12393.32031250000      0.3974308D+02
 12442.30957031250      0.3974152D+02
 12442.36035156250      0.3973175D+02
 12445.16406250000      0.3972423D+02
 12450.77050781250      0.3972537D+02
 12500.77050781250      0.3972492D+02
 12550.77050781250      0.3972335D+02
 12600.77050781250      0.3972202D+02
 12650.77050781250      0.3972060D+02
 12700.77050781250      0.3971919D+02
 12736.04980468750      0.3971748D+02
 12736.06640625000      0.3971348D+02
 12739.02832031250      0.3971085D+02
 12744.95312500000      0.3971110D+02
 12794.95312500000      0.3971128D+02
 12844.95312500000      0.3970978D+02
 12894.95312500000      0.3970838D+02
 12930.83984375000      0.3970673D+02
 12980.83984375000      0.3970592D+02
 13030.83984375000      0.3970437D+02
 13080.83984375000      0.3970296D+02
 13125.63964843750      0.3970145D+02
 13125.72363281250      0.3968679D+02
 13128.51074218750      0.3967504D+02
 13134.08496093750      0.3967722D+02
 13184.08496093750      0.3967581D+02
 13220.54003906250      0.3967391D+02
 13220.55664062500      0.3967482D+02
 13223.12695312500      0.3967702D+02
 13228.26660156250      0.3967451D+02
 13278.26660156250      0.3967491D+02
 13328.26660156250      0.3967329D+02
 13378.26660156250      0.3967180D+02
 13411.32031250000      0.3966997D+02
 13461.32031250000      0.3966918D+02
 13511.32031250000      0.3966727D+02
 13561.32031250000      0.3966554D+02
 13602.09960937500      0.3966354D+02
 13602.16699218750      0.3965137D+02
 13604.95410156250      0.3964175D+02
 13610.53027343750      0.3964352D+02
 13660.53027343750      0.3964238D+02
 13710.53027343750      0.3964051D+02
 13760.53027343750      0.3963892D+02
 13810.53027343750      0.3963719D+02
 13860.53027343750      0.3963544D+02
 13910.53027343750      0.3963374D+02
 13960.53027343750      0.3963193D+02
 14010.53027343750      0.3963021D+02
 14060.53027343750      0.3962841D+02
 14069.41015625000      0.3962592D+02
 14119.41015625000      0.3962638D+02
 14162.87988281250      0.3962366D+02
 14162.91308593750      0.3962622D+02
 14165.52636718750      0.3963069D+02
 14170.75292968750      0.3962484D+02
 14220.75292968750      0.3962517D+02
 14270.75292968750      0.3962313D+02
 14320.75292968750      0.3962127D+02
 14351.70996093750      0.3961906D+02
 14351.72656250000      0.3962006D+02
 14354.35449218750      0.3962222D+02
 14359.61035156250      0.3961926D+02
 14409.61035156250      0.3961951D+02
 14459.61035156250      0.3961739D+02
 14509.61035156250      0.3961554D+02
 14541.50976562500      0.3961325D+02
 14541.55957031250      0.3960397D+02
 14544.35253906250      0.3959620D+02
 14549.93750000000      0.3959754D+02
 14599.93750000000      0.3959644D+02
 14649.93750000000      0.3959416D+02
 14699.93750000000      0.3959211D+02
 14749.93750000000      0.3958999D+02
 14799.93750000000      0.3958785D+02
 14821.90039062500      0.3958534D+02
 14822.13378906250      0.3954937D+02
 14824.19042968750      0.3952321D+02
 14828.30371093750      0.3952092D+02
 14878.30371093750      0.3952251D+02
 14928.30371093750      0.3951864D+02
 14978.30371093750      0.3951546D+02
 15028.30371093750      0.3951225D+02
 15078.30371093750      0.3950891D+02
 15083.76953125000      0.3950448D+02
 15083.78710937500      0.3950658D+02
 15086.47558593750      0.3950853D+02
 15091.85253906250      0.3950498D+02
 15141.85253906250      0.3950562D+02
 15191.85253906250      0.3950227D+02
 15241.85253906250      0.3949901D+02
 15291.85253906250      0.3949566D+02
 15341.85253906250      0.3949234D+02
 15346.87988281250      0.3948784D+02
 15396.87988281250      0.3948866D+02
 15434.58984375000      0.3948414D+02
 15434.94042968750      0.3953411D+02
 15436.94726562500      0.3952090D+02
 15440.96289062500      0.3947636D+02
 15490.96289062500      0.3947392D+02
 15540.96289062500      0.3947054D+02
 15590.96289062500      0.3946650D+02
 15629.37988281250      0.3946286D+02
 15679.37988281250      0.3946022D+02
 15729.37988281250      0.3945655D+02
 15779.37988281250      0.3945300D+02
 15824.17968750000      0.3944944D+02
 15824.64648437500      0.3952490D+02
 15826.64453125000      0.3952559D+02
 15830.64160156250      0.3947742D+02
 15880.64160156250      0.3947387D+02
 15930.64160156250      0.3946960D+02
 15980.64160156250      0.3946481D+02
 16030.64160156250      0.3946042D+02
 16052.63964843750      0.3945650D+02
 16052.69042968750      0.3944617D+02
 16055.48632812500      0.3943761D+02
 16061.07812500000      0.3943876D+02
 16111.07812500000      0.3943628D+02
 16161.07812500000      0.3943187D+02
 16211.07812500000      0.3942771D+02
 16261.07812500000      0.3942344D+02
 16276.95996093750      0.3941986D+02
 16277.69335937500      0.3930029D+02
 16279.65234375000      0.3920648D+02
 16283.56933593750      0.3920598D+02
 16333.56933593750      0.3920655D+02
 16365.50000000000      0.3919992D+02
 16365.70019531250      0.3916638D+02
 16367.82031250000      0.3914272D+02
 16372.06152343750      0.3913939D+02
 16422.06250000000      0.3914064D+02
 16472.06250000000      0.3913045D+02
 16522.06250000000      0.3912121D+02
 16572.06250000000      0.3911197D+02
 16622.06250000000      0.3910277D+02
 16672.06250000000      0.3909365D+02
 16700.43945312500      0.3908391D+02
 16700.45703125000      0.3908037D+02
 16702.90039062500      0.3908287D+02
 16707.78906250000      0.3907815D+02
 16757.78906250000      0.3907859D+02
 16807.78906250000      0.3906987D+02
 16857.78906250000      0.3906134D+02
 16868.67968750000      0.3905160D+02
 16918.67968750000      0.3905101D+02
 16968.67968750000      0.3904205D+02
 17018.67968750000      0.3903341D+02
 17036.91015625000      0.3902389D+02
 17037.02734375000      0.3903739D+02
 17039.64453125000      0.3905589D+02
 17044.88085937500      0.3902488D+02
 17094.88085937500      0.3902518D+02
 17144.88085937500      0.3901796D+02
 17194.88085937500      0.3901137D+02
 17244.88085937500      0.3900449D+02
 17294.88085937500      0.3899789D+02
 17344.88085937500      0.3899123D+02
 17384.42968750000      0.3898438D+02
 17434.42968750000      0.3897936D+02
 17484.42968750000      0.3897237D+02
 17534.42968750000      0.3896556D+02
 17558.19921875000      0.3895821D+02
 17558.21679687500      0.3895710D+02
 17560.73046875000      0.3895952D+02
 17565.75976562500      0.3895452D+02
 17615.75976562500      0.3895453D+02
 17665.75976562500      0.3894799D+02
 17715.75976562500      0.3894170D+02
 17732.77929687500      0.3893472D+02
 17733.34570312500      0.3902378D+02
 17735.40625000000      0.3900031D+02
 17739.52929687500      0.3892562D+02
 17789.52929687500      0.3892073D+02
 17839.52929687500      0.3891516D+02
 17889.52929687500      0.3899747D+02
 17939.52929687500      0.3899133D+02
 17940.71093750000      0.3898585D+02
 17940.72656250000      0.3898870D+02
 17943.45703125000      0.3899101D+02
 17948.91796875000      0.3898718D+02
 17998.91796875000      0.3898589D+02
 18048.91796875000      0.3897980D+02
 18098.91796875000      0.3897409D+02
 18148.91796875000      0.3896830D+02
 18198.91796875000      0.3896261D+02
 18248.91796875000      0.3895699D+02
 18254.35937500000      0.3895205D+02
 18254.39257812500      0.3895732D+02
 18257.10742187500      0.3896231D+02
 18262.53710937500      0.3895479D+02
 18312.53710937500      0.3895357D+02
 18362.53710937500      0.3894791D+02
 18412.53710937500      0.3894262D+02
 18462.53710937500      0.3893725D+02
 18465.84960937500      0.3893258D+02
 18515.84960937500      0.3893174D+02
 18565.84960937500      0.3892584D+02
 18615.84960937500      0.3892060D+02
 18665.84960937500      0.3891525D+02
 18677.34960937500      0.3891047D+02
 18677.48242187500      0.3888688D+02
 18679.06640625000      0.3886266D+02
 18682.23046875000      0.3886854D+02
 18732.23046875000      0.3886036D+02
 18778.47070312500      0.3885499D+02
 18778.48632812500      0.3885337D+02
 18780.93945312500      0.3885608D+02
 18785.84570312500      0.3885148D+02
 18835.84570312500      0.3885069D+02
 18885.84570312500      0.3884534D+02
 18935.84570312500      0.3884036D+02
 18985.84570312500      0.3883520D+02
 19035.84570312500      0.3883015D+02
 19083.50976562500      0.3882509D+02
 19083.59375000000      0.3883477D+02
 19086.24804687500      0.3884901D+02
 19091.55468750000      0.3882854D+02
 19141.55468750000      0.3882783D+02
 19191.55468750000      0.3882246D+02
 19241.55468750000      0.3881769D+02
 19291.55468750000      0.3881264D+02
 19292.60937500000      0.3880813D+02
 19292.66015625000      0.3881683D+02
 19295.38671875000      0.3882539D+02
 19300.84179687500      0.3881321D+02
 19350.84179687500      0.3881223D+02
 19400.84179687500      0.3880705D+02
 19450.84179687500      0.3880237D+02
 19500.84179687500      0.3879741D+02
 19505.32031250000      0.3879304D+02
 19505.36914062500      0.3880144D+02
 19508.11914062500      0.3880907D+02
 19513.61523437500      0.3879720D+02
 19563.61523437500      0.3879617D+02
 19613.61523437500      0.3879108D+02
 19663.61523437500      0.3878644D+02
 19713.61523437500      0.3878158D+02
 19721.75976562500      0.3877732D+02
 19771.75976562500      0.3877607D+02
 19821.75976562500      0.3877081D+02
 19871.75976562500      0.3876614D+02
 19921.75976562500      0.3876138D+02
 19971.75976562500      0.3875656D+02
 20021.75976562500      0.3875178D+02
 20046.41992187500      0.3874733D+02
 20046.47070312500      0.3873673D+02
 20049.24414062500      0.3872753D+02
 20054.79101562500      0.3872943D+02
 20104.79101562500      0.3872575D+02
 20154.79101562500      0.3872099D+02
 20204.79101562500      0.3871656D+02
 20254.79101562500      0.3871193D+02
 20259.13085937500      0.3870774D+02
 20259.16406250000      0.3871318D+02
 20261.93164062500      0.3871822D+02
 20267.46875000000      0.3870982D+02
 20317.46875000000      0.3870888D+02
 20366.72070312500      0.3870407D+02
 20367.00390625000      0.3875095D+02
 20369.07421875000      0.3874282D+02
 20373.21875000000      0.3870366D+02
 20423.21875000000      0.3870039D+02
 20473.21875000000      0.3869513D+02
 20486.10937500000      0.3869041D+02
 20486.71093750000      0.3858572D+02
 20488.73242187500      0.3849372D+02
 20492.77539062500      0.3849351D+02
 20542.77539062500      0.3849314D+02
 20583.00000000000      0.3848634D+02
 20583.43359375000      0.3855468D+02
 20585.55664062500      0.3853880D+02
 20589.80468750000      0.3848047D+02
 20639.80468750000      0.3847517D+02
 20689.80468750000      0.3846851D+02
 20739.80468750000      0.3846097D+02
 20789.80468750000      0.3845404D+02
 20807.31054687500      0.3844759D+02
 20807.41015625000      0.3846350D+02
 20810.14257812500      0.3848257D+02
 20815.60742187500      0.3845971D+02
 20865.60742187500      0.3845864D+02
 20915.60742187500      0.3845131D+02
 20965.60742187500      0.3844474D+02
 21015.60742187500      0.3843806D+02
 21040.08007812500      0.3843198D+02
 21040.11328125000      0.3843525D+02
 21042.82226562500      0.3844096D+02
 21048.24218750000      0.3843308D+02
 21098.24218750000      0.3843171D+02
 21148.24218750000      0.3842502D+02
 21198.24218750000      0.3841887D+02
 21248.24218750000      0.3841251D+02
 21275.82031250000      0.3840672D+02
 21275.93750000000      0.3842525D+02
 21278.69921875000      0.3844767D+02
 21284.22460937500      0.3842200D+02
 21334.22460937500      0.3842083D+02
 21384.22460937500      0.3841410D+02
 21434.22460937500      0.3840820D+02
 21484.22460937500      0.3840213D+02
 21522.56054687500      0.3839643D+02
 21522.66015625000      0.3841146D+02
 21525.42187500000      0.3843122D+02
 21530.94335937500      0.3840963D+02
 21580.94335937500      0.3840833D+02
 21630.94335937500      0.3840191D+02
 21680.94335937500      0.3839625D+02
 21730.94335937500      0.3839039D+02
 21779.58984375000      0.3838465D+02
 21779.64062500000      0.3838973D+02
 21782.36718750000      0.3839983D+02
 21787.82031250000      0.3838865D+02
 21837.82031250000      0.3838710D+02
 21887.82031250000      0.3838121D+02
 21937.82031250000      0.3837576D+02
 21987.82031250000      0.3837014D+02
 22037.82031250000      0.3836464D+02
 22042.08007812500      0.3836021D+02
 22042.17968750000      0.3837907D+02
 22045.00976562500      0.3839895D+02
 22050.66992187500      0.3837840D+02
 22100.66992187500      0.3837703D+02
 22150.66992187500      0.3837113D+02
 22179.16015625000      0.3836646D+02
 22179.25976562500      0.3838360D+02
 22182.08398437500      0.3840380D+02
 22187.73242187500      0.3838392D+02
 22237.73242187500      0.3838234D+02
 22287.73242187500      0.3837656D+02
 22337.73242187500      0.3837138D+02
 22387.73242187500      0.3836603D+02
 22437.73242187500      0.3836075D+02
 22487.73242187500      0.3835546D+02
 22537.73242187500      0.3835024D+02
 22587.73242187500      0.3834511D+02
 22609.51953125000      0.3834066D+02
 22609.63671875000      0.3836222D+02
 22612.49218750000      0.3838669D+02
 22618.20703125000      0.3836430D+02
 22668.20703125000      0.3836272D+02
 22718.20703125000      0.3835727D+02
 22768.20703125000      0.3835234D+02
 22818.20703125000      0.3834722D+02
 22868.20703125000      0.3834223D+02
 22912.89062500000      0.3833739D+02
 22913.03906250000      0.3836462D+02
 22914.80273437500      0.3837532D+02
 22918.32812500000      0.3835612D+02
 22968.32812500000      0.3835378D+02
 23018.32812500000      0.3834856D+02
 23068.32812500000      0.3834363D+02
 23118.32812500000      0.3833866D+02
 23168.32812500000      0.3833362D+02
 23218.32812500000      0.3832870D+02
 23240.42968750000      0.3832467D+02
 23240.51367187500      0.3834034D+02
 23243.41796875000      0.3835716D+02
 23249.22851562500      0.3834240D+02
 23299.22851562500      0.3834055D+02
 23349.22851562500      0.3842239D+02
 23399.22851562500      0.3841748D+02
 23449.22851562500      0.3841267D+02
 23499.22851562500      0.3840788D+02
 23549.22851562500      0.3840318D+02
 23583.11914062500      0.3839890D+02
 23583.25390625000      0.3842451D+02
 23586.17773437500      0.3845429D+02
 23592.02734375000      0.3843188D+02
 23642.02734375000      0.3843016D+02
 23692.02734375000      0.3842530D+02
 23742.02734375000      0.3842079D+02
 23792.02734375000      0.3841617D+02
 23842.02734375000      0.3841163D+02
 23892.02734375000      0.3840711D+02
 23942.02734375000      0.3840258D+02
 23953.24023437500      0.3839938D+02
 23953.33984375000      0.3841989D+02
 23956.29687500000      0.3844137D+02
 23962.21289062500      0.3842512D+02
 24012.21289062500      0.3842331D+02
 24062.21289062500      0.3841877D+02
 24112.21289062500      0.3841444D+02
 24150.10937500000      0.3841043D+02
 24150.17578125000      0.3842265D+02
 24153.11718750000      0.3843786D+02
 24158.99804687500      0.3842707D+02
 24208.99804687500      0.3842522D+02
 24258.99804687500      0.3842081D+02
 24308.99804687500      0.3841663D+02
 24358.99804687500      0.3841233D+02
 24408.99804687500      0.3840810D+02
 24458.99804687500      0.3840393D+02
 24508.99804687500      0.3839970D+02
 24558.99804687500      0.3839550D+02
 24561.33984375000      0.3839283D+02
 24561.49023437500      0.3842531D+02
 24563.24609375000      0.3845923D+02
 24566.75976562500      0.3843724D+02
 24616.75976562500      0.3843557D+02
 24666.75976562500      0.3843143D+02
 24716.75976562500      0.3842743D+02
 24766.75976562500      0.3842339D+02
 24816.75976562500      0.3841946D+02
 24866.75976562500      0.3841547D+02
 24916.75976562500      0.3841156D+02
 24966.75976562500      0.3840761D+02
 25016.75976562500      0.3840371D+02
 25018.26953125000      0.3840134D+02
 25019.76953125000      0.3811722D+02
 25021.80468750000      0.3783327D+02
 25025.87304687500      0.3783390D+02
 25075.87304687500      0.3783346D+02
 25125.87304687500      0.3782756D+02
 25175.87304687500      0.3782210D+02
 25225.87304687500      0.3781638D+02
 25275.87304687500      0.3781078D+02
 25325.87304687500      0.3780519D+02
 25342.92968750000      0.3779911D+02
 25392.92968750000      0.3779774D+02
 25442.92968750000      0.3779145D+02
 25492.92968750000      0.3778594D+02
 25542.92968750000      0.3778012D+02
 25559.36914062500      0.3777393D+02
 25559.38671875000      0.3776930D+02
 25562.21679687500      0.3776476D+02
 25567.87695312500      0.3776543D+02
 25617.87695312500      0.3776432D+02
 25667.87695312500      0.3775860D+02
 25717.87695312500      0.3775339D+02
 25767.87695312500      0.3774781D+02
 25817.87695312500      0.3774230D+02
 25867.87695312500      0.3773677D+02
 25882.14062500000      0.3773081D+02
 25882.15625000000      0.3772652D+02
 25884.94140625000      0.3772187D+02
 25890.51171875000      0.3772259D+02
 25940.51171875000      0.3772141D+02
 25990.51171875000      0.3771574D+02
 26040.51171875000      0.3771050D+02
 26090.51171875000      0.3770491D+02
 26140.51171875000      0.3769932D+02
 26190.51171875000      0.3769372D+02
 26203.05078125000      0.3768763D+02
 26203.25000000000      0.3771886D+02
 26205.56250000000      0.3770687D+02
 26210.18945312500      0.3767765D+02
 26260.18945312500      0.3767367D+02
 26310.18945312500      0.3766751D+02
 26360.18945312500      0.3766138D+02
 26410.18945312500      0.3765516D+02
 26432.93945312500      0.3764889D+02
 26433.27343750000      0.3759241D+02
 26435.72460937500      0.3753923D+02
 26440.62695312500      0.3752989D+02
 26490.62695312500      0.3753304D+02
 26540.62695312500      0.3752144D+02
 26590.62695312500      0.3751493D+02
 26640.62695312500      0.3750742D+02
 26690.62695312500      0.3750031D+02
 26739.66015625000      0.3749310D+02
 26739.69335937500      0.3749040D+02
 26742.25781250000      0.3749826D+02
 26747.38867187500      0.3748613D+02
 26797.38867187500      0.3748680D+02
 26847.38867187500      0.3747877D+02
 26897.38867187500      0.3747218D+02
 26947.38867187500      0.3746490D+02
 26997.38867187500      0.3745789D+02
 27047.38867187500      0.3745087D+02
 27049.81054687500      0.3744313D+02
 27099.81054687500      0.3744367D+02
 27149.81054687500      0.3743523D+02
 27153.18945312500      0.3742743D+02
 27153.42382812500      0.3746453D+02
 27155.81445312500      0.3744934D+02
 27160.59570312500      0.3741547D+02
 27210.59570312500      0.3740931D+02
 27260.59570312500      0.3740197D+02
 27310.59570312500      0.3739418D+02
 27360.59570312500      0.3738665D+02
 27377.50000000000      0.3737893D+02
 27427.50000000000      0.3737664D+02
 27477.50000000000      0.3736832D+02
 27527.50000000000      0.3736101D+02
 27577.50000000000      0.3735328D+02
 27601.81054687500      0.3734561D+02
 27601.84375000000      0.3733654D+02
 27604.76171875000      0.3732842D+02
 27610.59960937500      0.3733031D+02
 27660.59960937500      0.3732666D+02
 27710.59960937500      0.3731919D+02
 27760.59960937500      0.3731210D+02
 27810.59960937500      0.3730458D+02
 27823.43945312500      0.3729702D+02
 27823.62304687500      0.3732594D+02
 27826.86914062500      0.3731666D+02
 27835.12890625000      0.3729081D+02
 27885.12890625000      0.3728536D+02
 27935.12890625000      0.3727765D+02
 27985.12890625000      0.3727006D+02
 28035.12890625000      0.3726226D+02
 28060.68945312500      0.3725473D+02
 28060.77343750000      0.3723692D+02
 28063.64062500000      0.3721581D+02
 28069.37500000000      0.3722148D+02
 28119.37500000000      0.3721277D+02
 28169.37500000000      0.3720517D+02
 28219.37500000000      0.3719733D+02
 28269.37500000000      0.3718950D+02
 28290.57031250000      0.3718174D+02
 28290.58593750000      0.3717573D+02
 28293.48632812500      0.3716958D+02
 28299.28906250000      0.3717023D+02
 28349.28906250000      0.3716804D+02
 28399.28906250000      0.3716021D+02
 28449.28906250000      0.3715287D+02
 28499.28906250000      0.3714511D+02
 28519.03906250000      0.3713742D+02
 28519.07421875000      0.3714006D+02
 28521.89257812500      0.3714788D+02
 28527.52929687500      0.3713705D+02
 28577.52929687500      0.3713687D+02
 28627.52929687500      0.3721442D+02
 28677.52929687500      0.3720714D+02
 28727.52929687500      0.3719944D+02
 28750.34960937500      0.3719186D+02
 28750.44921875000      0.3720541D+02
 28753.31640625000      0.3722979D+02
 28759.05078125000      0.3719957D+02
 28809.05078125000      0.3720026D+02
 28859.05078124999      0.3719054D+02
 28909.05078124999      0.3718342D+02
 28959.05078124999      0.3717574D+02
 28990.68945312499      0.3716842D+02
 28990.80664062499      0.3714417D+02
 28993.69726562499      0.3711304D+02
 28999.47656250000      0.3712169D+02
 29049.47656250000      0.3710900D+02
 29099.47656250000      0.3710176D+02
 29149.47656250000      0.3709354D+02
 29199.47656250000      0.3708582D+02
 29220.57031250000      0.3707806D+02
 29220.58593750000      0.3707764D+02
 29223.34960937499      0.3708086D+02
 29228.87500000000      0.3707517D+02
 29278.87500000000      0.3707456D+02
 29328.87500000000      0.3706643D+02
 29378.87500000000      0.3705919D+02
 29428.87500000000      0.3705140D+02
 29451.89062500000      0.3704372D+02
 29452.95703124999      0.3724022D+02
 29455.09960937499      0.3734005D+02
 29459.38281250000      0.3721503D+02
 29509.38281250000      0.3721103D+02
 29559.38281250000      0.3720360D+02
 29609.38281250000      0.3719601D+02
 29644.66015624999      0.3718901D+02
 29645.09375000000      0.3709847D+02
 29647.33984374999      0.3700300D+02
 29651.83203124999      0.3699539D+02
 29701.83203124999      0.3699533D+02
 29751.83203124999      0.3698484D+02
 29801.83203124999      0.3697643D+02
 29851.83203124999      0.3696776D+02
 29901.83203124999      0.3695920D+02
 29951.83203124999      0.3695075D+02
 30001.83203124999      0.3694228D+02
 30051.83203124999      0.3693398D+02
 30099.71093750000      0.3692573D+02
 30100.24414062499      0.3682319D+02
 30102.45703124999      0.3670895D+02
 30106.88281250000      0.3670879D+02
 30156.88281250000      0.3670770D+02
 30206.88281250000      0.3669769D+02
 30219.88085937499      0.3668839D+02
 30221.16406250000      0.3693519D+02
 30223.28710937499      0.3709961D+02
 30227.53515624999      0.3697194D+02
 30277.53515624999      0.3696809D+02
 30327.53515624999      0.3696069D+02
 30377.53515624999      0.3695313D+02
 30427.53515624999      0.3694561D+02
 30460.21093750000      0.3693884D+02
 30461.69335937499      0.3665377D+02
 30463.84765624999      0.3630380D+02
 30468.15820312499      0.3630471D+02
 30518.15820312499      0.3630276D+02
 30568.15820312499      0.3628859D+02
 30571.68945312499      0.3627459D+02
 30571.72265624999      0.3627918D+02
 30574.64843750000      0.3628771D+02
 30580.49804687499      0.3627678D+02
 30630.49804687499      0.3627644D+02
 30680.49804687499      0.3626148D+02
 30730.49804687499      0.3624852D+02
 30780.49804687499      0.3623510D+02
 30797.36914062499      0.3622191D+02
 30797.40429687499      0.3622286D+02
 30800.27343750000      0.3623045D+02
 30806.01562500000      0.3621941D+02
 30856.01562500000      0.3621918D+02
 30906.01562500000      0.3620501D+02
 30956.01562500000      0.3619282D+02
 31006.01562500000      0.3618010D+02
 31025.83984374999      0.3616761D+02
 31026.12304687499      0.3621061D+02
 31028.62304687499      0.3621368D+02
 31033.62500000000      0.3618560D+02
 31083.62500000000      0.3617537D+02
 31133.62500000000      0.3616390D+02
 31153.46093750000      0.3615159D+02
 31153.67578124999      0.3611039D+02
 31156.30273437499      0.3606802D+02
 31161.55664062499      0.3605846D+02
 31211.55664062499      0.3606058D+02
 31261.55664062499      0.3604336D+02
 31270.58007812499      0.3603116D+02
 31270.77929687499      0.3606244D+02
 31274.02539062499      0.3606362D+02
 31282.92187500000      0.3604453D+02
 31332.92187500000      0.3603535D+02
 31382.92187500000      0.3602321D+02
 31432.92187500000      0.3601040D+02
 31482.92187500000      0.3599800D+02
 31524.08984374999      0.3598569D+02
 31524.42382812499      0.3592038D+02
 31526.77343750000      0.3585255D+02
 31531.47460937499      0.3584429D+02
 31581.47460937499      0.3584646D+02
 31631.47460937499      0.3582843D+02
 31635.57031250000      0.3581540D+02
 31635.58593750000      0.3581651D+02
 31638.58593750000      0.3582006D+02
 31644.58789062499      0.3581420D+02
 31694.58789062499      0.3581334D+02
 31744.58789062499      0.3579910D+02
 31794.58789062499      0.3578634D+02
 31844.58789062499      0.3577279D+02
 31859.88085937499      0.3575937D+02
 31859.89648437499      0.3575813D+02
 31862.75000000000      0.3576182D+02
 31868.45703124999      0.3575580D+02
 31918.45703124999      0.3575504D+02
 31968.45703124999      0.3574127D+02
 31972.71093750000      0.3572873D+02
 31972.72656250000      0.3573040D+02
 31975.76562500000      0.3573384D+02
 31981.84375000000      0.3572805D+02
 32031.84375000000      0.3572721D+02
 32081.84375000000      0.3571371D+02
 32131.84375000000      0.3570184D+02
 32181.84375000000      0.3568907D+02
 32199.77929687499      0.3567644D+02
 32199.81250000000      0.3567762D+02
 32202.71484374999      0.3568701D+02
 32208.51562500000      0.3567534D+02
 32258.51562500000      0.3567537D+02
 32308.51562500000      0.3566142D+02
 32314.72070312499      0.3564975D+02
 32364.72070312499      0.3564841D+02
 32414.72070312499      0.3563541D+02
 32429.66015624999      0.3562396D+02
 32429.67578124999      0.3562300D+02
 32432.56445312499      0.3562676D+02
 32438.34179687499      0.3562077D+02
 32488.34179687499      0.3562001D+02
 32538.34179687499      0.3560741D+02
 32588.34179687499      0.3559623D+02
 32638.34179687499      0.3558425D+02
 32660.98046874999      0.3557256D+02
 32661.06250000000      0.3555377D+02
 32664.02343750000      0.3552626D+02
 32669.94140624999      0.3553563D+02
 32719.94140624999      0.3552211D+02
 32769.94140624999      0.3551130D+02
 32773.14062500000      0.3549791D+02
 32773.19140624999      0.3550587D+02
 32776.22656250000      0.3551902D+02
 32782.29296874999      0.3550200D+02
 32832.29296874999      0.3550301D+02
 32882.29296874999      0.3548825D+02
 32932.29296874999      0.3547723D+02
 32982.29296874999      0.3546484D+02
 33032.29296874999      0.3545323D+02
 33082.29296874999      0.3544138D+02
 33115.82812500000      0.3542960D+02
 33115.86328124999      0.3542722D+02
 33118.68750000000      0.3543721D+02
 33124.33593750000      0.3542488D+02
 33174.33593750000      0.3542519D+02
 33224.33593750000      0.3541162D+02
 33274.33593750000      0.3540085D+02
 33324.33593750000      0.3538891D+02
 33347.14843750000      0.3537749D+02
 33347.16796874999      0.3537510D+02
 33349.99609374999      0.3537907D+02
 33355.65625000000      0.3537283D+02
 33405.65625000000      0.3537213D+02
 33455.65625000000      0.3535983D+02
 33463.53906250000      0.3534912D+02
 33463.57421874999      0.3534193D+02
 33466.56250000000      0.3533117D+02
 33472.53515624999      0.3533448D+02
 33522.53515624999      0.3532854D+02
 33572.53515624999      0.3539872D+02
 33578.48046874999      0.3538725D+02
 33578.59765624999      0.3540534D+02
 33581.65625000000      0.3543909D+02
 33587.77734374999      0.3540102D+02
 33637.77734374999      0.3540475D+02
 33687.77734374999      0.3538698D+02
 33737.77734374999      0.3537687D+02
 33787.77734374999      0.3536449D+02
 33818.82031250000      0.3535344D+02
 33818.90234374999      0.3536063D+02
 33821.88281250000      0.3538704D+02
 33827.84375000000      0.3535935D+02
 33877.84375000000      0.3536147D+02
 33927.84375000000      0.3534592D+02
 33977.84375000000      0.3533571D+02
 34027.84375000000      0.3532394D+02
 34067.21093750000      0.3531310D+02
 34067.41015624999      0.3533948D+02
 34070.65625000000      0.3534491D+02
 34079.95703124999      0.3532749D+02
 34129.95703124999      0.3531715D+02
 34179.95703124999      0.3530657D+02
 34202.28906250000      0.3529534D+02
 34202.52343750000      0.3533365D+02
 34205.03906250000      0.3534879D+02
 34210.07031250000      0.3532813D+02
 34260.07031250000      0.3531973D+02
 34310.07031250000      0.3530896D+02
 34352.75000000000      0.3529795D+02
 34352.93359374999      0.3532447D+02
 34356.17968750000      0.3533951D+02
 34364.65234374999      0.3532241D+02
 34414.65234374999      0.3531583D+02
 34464.65234374999      0.3530507D+02
 34514.65234374999      0.3529443D+02
 34517.96875000000      0.3528479D+02
 34518.17187500000      0.3524629D+02
 34521.41406250000      0.3519680D+02
 34530.32812500000      0.3518909D+02
 34580.32812500000      0.3518846D+02
 34630.32812500000      0.3517491D+02
 34667.21093750000      0.3516415D+02
 34667.24218750000      0.3515017D+02
 34670.44140624999      0.3513937D+02
 34676.83984374999      0.3514183D+02
 34726.83984374999      0.3513669D+02
 34776.83984374999      0.3512514D+02
 34814.08984374999      0.3511430D+02
 34814.10546874999      0.3510332D+02
 34817.35156250000      0.3509724D+02
 34824.04296874999      0.3509794D+02
 34874.04296874999      0.3509442D+02
 34924.04296874999      0.3508287D+02
 34959.80078124999      0.3507221D+02
 35009.80078124999      0.3506387D+02
 35059.80078124999      0.3505213D+02
 35109.80078124999      0.3504093D+02
 35159.80078124999      0.3502954D+02
 35209.80078124999      0.3501828D+02
 35251.23046874999      0.3500722D+02
 35251.37890624999      0.3502660D+02
 35253.16406250000      0.3507856D+02
 35256.73046874999      0.3503815D+02
 35306.73046874999      0.3504107D+02
 35356.73046874999      0.3502626D+02
 35406.73046874999      0.3501650D+02
 35408.05078124999      0.3500649D+02
 35408.10156250000      0.3501613D+02
 35411.25781250000      0.3503143D+02
 35417.57421874999      0.3501792D+02
 35467.57421874999      0.3501704D+02
 35517.57421874999      0.3500540D+02
 35567.57421874999      0.3499548D+02
 35568.96875000000      0.3498612D+02
 35569.20312500000      0.3494274D+02
 35571.84375000000      0.3488644D+02
 35577.12500000000      0.3487636D+02
 35627.12500000000      0.3487804D+02
 35677.12500000000      0.3486322D+02
 35712.42968750000      0.3485301D+02
 35712.44531250000      0.3484825D+02
 35715.24218750000      0.3485319D+02
 35720.83593750000      0.3484751D+02
 35770.83593750000      0.3484612D+02
 35820.83593750000      0.3483436D+02
 35870.83593750000      0.3482383D+02
 35920.83593750000      0.3481273D+02
 35970.83593750000      0.3480182D+02
 36001.57812500000      0.3479120D+02
 36051.57812500000      0.3478440D+02
 36101.57812500000      0.3477315D+02
 36146.14843750000      0.3476269D+02
 36146.39843750000      0.3480016D+02
 36148.93750000000      0.3482256D+02
 36154.01171874999      0.3480219D+02
 36204.01171874999      0.3479403D+02
 36254.01171874999      0.3478367D+02
 36304.01171874999      0.3477293D+02
 36354.01171874999      0.3476252D+02
 36404.01171874999      0.3475200D+02
 36454.01171874999      0.3474157D+02
 36473.69140624999      0.3473173D+02
 36473.75781250000      0.3471560D+02
 36476.90625000000      0.3469077D+02
 36483.20312500000      0.3469701D+02
 36533.20312500000      0.3468892D+02
 36583.20312500000      0.3467848D+02
 36631.85937500000      0.3466785D+02
 36632.01171874999      0.3463061D+02
 36633.83203124999      0.3457683D+02
 36637.48046874999      0.3459344D+02
 36687.48046874999      0.3457602D+02
 36737.48046874999      0.3456642D+02
 36787.48046874999      0.3455387D+02
 36837.48046874999      0.3454293D+02
 36887.48046874999      0.3453160D+02
 36925.58984374999      0.3452057D+02
 36925.70703124999      0.3453395D+02
 36928.84765624999      0.3457461D+02
 36935.13671874999      0.3454194D+02
 36985.13671874999      0.3454415D+02
 37035.13671874999      0.3452929D+02
 37081.10937500000      0.3451924D+02
 37081.14453124999      0.3450345D+02
 37084.39062500000      0.3449238D+02
 37091.12500000000      0.3449509D+02
 37141.12500000000      0.3449002D+02
 37191.12500000000      0.3447893D+02
 37234.03906250000      0.3446838D+02
 37234.07421874999      0.3446568D+02
 37237.06250000000      0.3447741D+02
 37243.03515624999      0.3446710D+02
 37293.03515624999      0.3446639D+02
 37343.03515624999      0.3445432D+02
 37389.55078124999      0.3444402D+02
 37389.71484374999      0.3440430D+02
 37392.96093750000      0.3436178D+02
 37402.97656250000      0.3435329D+02
 37452.97656250000      0.3435344D+02
 37502.97656250000      0.3433920D+02
 37552.97656250000      0.3432853D+02
 37602.97656250000      0.3431677D+02
 37652.97656250000      0.3430552D+02
 37676.46093750000      0.3429446D+02
 37676.55859374999      0.3430751D+02
 37679.75000000000      0.3434332D+02
 37686.13671874999      0.3431429D+02
 37736.13671874999      0.3431640D+02
 37786.13671874999      0.3430136D+02
 37826.92187500000      0.3429116D+02
 37827.00390624999      0.3426724D+02
 37830.25000000000      0.3423602D+02
 37836.73828124999      0.3424525D+02
 37886.73828124999      0.3423394D+02
 37936.73828124999      0.3422340D+02
 37971.48828124999      0.3421153D+02
 37971.52343750000      0.3419830D+02
 37974.76953124999      0.3418685D+02
 37981.50781250000      0.3418991D+02
 38031.50781250000      0.3418448D+02
 38081.50781250000      0.3417288D+02
 38113.85156250000      0.3416187D+02
 38113.88281250000      0.3416059D+02
 38116.98437500000      0.3417211D+02
 38123.18359374999      0.3416132D+02
 38173.18359374999      0.3416093D+02
 38223.18359374999      0.3414794D+02
 38258.42187500000      0.3413721D+02
 38258.53515624999      0.3410891D+02
 38261.78125000000      0.3406593D+02
 38268.28125000000      0.3408023D+02
 38318.28125000000      0.3406339D+02
 38368.28125000000      0.3405340D+02
 38395.50000000000      0.3403988D+02
 38445.50000000000      0.3403396D+02
 38495.50000000000      0.3402120D+02
 38532.57812500000      0.3400974D+02
 38582.57812500000      0.3407969D+02
 38632.57812500000      0.3406671D+02
 38669.66015624999      0.3405450D+02
 38669.67578124999      0.3404258D+02
 38672.92187500000      0.3403623D+02
 38680.35937500000      0.3403713D+02
 38730.35937500000      0.3403369D+02
 38780.35937500000      0.3402145D+02
 38805.73046874999      0.3401013D+02
 38805.74609374999      0.3400702D+02
 38808.77343750000      0.3401359D+02
 38814.82421874999      0.3400743D+02
 38864.82421874999      0.3400658D+02
 38914.82421874999      0.3399356D+02
 38942.80859374999      0.3398240D+02
 38992.80859374999      0.3397557D+02
 39042.80859374999      0.3396252D+02
 39079.89062500000      0.3395053D+02
 39129.89062500000      0.3394130D+02
 39179.89062500000      0.3392915D+02
 39229.89062500000      0.3391764D+02
 39279.89062500000      0.3390572D+02
 39329.89062500000      0.3389399D+02
 39354.05078124999      0.3388218D+02
 39354.16796874999      0.3389709D+02
 39357.41406250000      0.3394014D+02
 39364.00000000000      0.3390466D+02
 39414.00000000000      0.3390872D+02
 39464.00000000000      0.3389114D+02
 39498.62890624999      0.3388069D+02
 39498.67968750000      0.3386345D+02
 39501.92578124999      0.3384344D+02
 39508.78906250000      0.3384893D+02
 39558.78906250000      0.3384113D+02
 39608.78906250000      0.3382937D+02
 39658.78906250000      0.3381746D+02
 39708.78906250000      0.3380540D+02
 39758.78906250000      0.3379342D+02
 39781.14843750000      0.3378161D+02
 39781.18359374999      0.3377091D+02
 39784.42968750000      0.3375713D+02
 39791.21484374999      0.3376062D+02
 39841.21484374999      0.3375466D+02
 39891.21484374999      0.3374257D+02
 39920.30078124999      0.3373082D+02
 39920.35156250000      0.3371542D+02
 39923.59375000000      0.3369711D+02
 39930.43750000000      0.3370267D+02
 39980.43750000000      0.3369460D+02
 40030.43750000000      0.3368259D+02
 40056.37109374999      0.3269795D+02
 40056.43750000000      0.3367562D+02
 40059.68359374999      0.3369829D+02
 40066.31640624999      0.3367751D+02
 40116.31640624999      0.3367924D+02
 40166.31640624999      0.3366310D+02
 40196.57031250000      0.3365185D+02
 40196.58593750000      0.3364696D+02
 40199.58593750000      0.3365400D+02
 40205.58593750000      0.3364775D+02
 40255.58593750000      0.3364674D+02
 40305.58593750000      0.3363337D+02
 40337.82812500000      0.3362194D+02
 40337.91406250000      0.3007761D+02
 40341.16015624999      0.3001009D+02
 40347.95312500000      0.2994493D+02
 40397.95312500000      0.2945516D+02
 40447.95312500000      0.2895884D+02
 40473.89843750000      0.2869650D+02
 40473.96484374999      0.3200932D+02
 40477.21093750000      0.3201720D+02
 40483.86328124999      0.3195793D+02
 40533.86328124999      0.3147606D+02
 40583.86328124999      0.3099586D+02
 40614.10156250000      0.3069311D+02
 40614.16796874999      0.2738527D+02
 40617.41406250000      0.2732402D+02
 40624.28906250000      0.2725404D+02
 40674.28906250000      0.2677969D+02
 40724.28906250000      0.2629252D+02
 40774.28906250000      0.2581013D+02
 40824.28906250000      0.2532083D+02
 40874.28906250000      0.2483623D+02
 40886.23828124999      0.2471239D+02
 40936.23828124999      0.2424032D+02
 40986.23828124999      0.2376136D+02
 41022.30859374999      0.2340435D+02
 41022.32812500000      0.2257856D+02
 41025.57031250000      0.2254154D+02
 41032.57421874999      0.2246108D+02
 41082.57421874999      0.2199293D+02
 41132.57421874999      0.2151701D+02
 41157.39062500000      0.2127054D+02
 41157.42187500000      0.2290833D+02
 41160.66796874999      0.2289549D+02
 41167.32812500000      0.2283349D+02
 41217.32812500000      0.2236962D+02
 41267.32812500000      0.2189715D+02
 41294.46875000000      0.2163366D+02
 41294.76953124999      0.3336011D+02
 41297.66796874999      0.3340434D+02
 41303.46875000000      0.3337434D+02
 41353.46875000000      0.3336595D+02
 41403.46875000000      0.3335324D+02
 41452.62890624999      0.3334043D+02
 41453.14843750000      0.1415884D+02
 41455.14843750000      0.1386310D+02
 41459.15625000000      0.1382679D+02
 41509.15625000000      0.1336066D+02
 41559.15625000000      0.1288936D+02
 41577.67187500000      0.1270660D+02
 41577.68750000000      0.1348965D+02
 41580.75390624999      0.1347371D+02
 41586.88281250000      0.1342291D+02
 41636.88281250000      0.1296305D+02
 41686.88281250000      0.1248924D+02
 41736.88281250000      0.1202962D+02
 41786.88281250000      0.1156634D+02
 41829.44921874999      0.1116888D+02
 41829.48437500000      0.1279137D+02
 41832.65234374999      0.1278823D+02
 41838.99609374999      0.1272510D+02
 41888.99609374999      0.1228854D+02
 41938.99609374999      0.1184149D+02
 41957.07031250000      0.1166213D+02
 41957.13671874999      0.1504939D+02
 41960.38281250000      0.1505985D+02
 41967.14843750000      0.1499559D+02
 42017.14843750000      0.1456620D+02
 42067.14843750000      0.1411292D+02
 42088.32031250000      0.1391140D+02
 42088.48828124999      0.5842179D+01
 42090.46484374999      0.5708268D+01
 42094.42578124999      0.5679329D+01
 42144.42578124999      0.5310454D+01
 42194.42578124999      0.4957330D+01
 42244.42578124999      0.4616498D+01
 42294.42578124999      0.4303237D+01
 42333.42968750000      0.4068254D+01
 42333.44531250000      0.4592931D+01
 42336.50000000000      0.4577020D+01
 42342.60546874999      0.4538535D+01
 42392.60546874999      0.4239540D+01
 42442.60546874999      0.3955828D+01
 42492.60546874999      0.3696280D+01
 42542.60546874999      0.3472112D+01
 42580.17187500000      0.3327817D+01
 42580.30468750000      0.8749145D+01
 42583.55078124999      0.8806874D+01
 42590.24218750000      0.8748238D+01
 42640.24218750000      0.8344514D+01
 42690.24218750000      0.7908582D+01
 42710.48828124999      0.7716899D+01
 42760.48828124999      0.7318125D+01
 42810.48828124999      0.6914532D+01
 42860.48828124999      0.6505446D+01
 42910.48828124999      0.6108330D+01
 42960.48828124999      0.5724290D+01
 42971.12890624999      0.5625542D+01
 43021.12890624999      0.5265525D+01
 43071.12890624999      0.4909785D+01
 43101.44921874999      0.4694281D+01
 43101.46484374999      0.4037352D+01
 43104.71093750000      0.4013040D+01
 43111.51562500000      0.3969826D+01
 43161.51562500000      0.3697967D+01
 43211.51562500000      0.3456653D+01
 43261.51562500000      0.3243324D+01
 43311.51562500000      0.3065284D+01
 43360.26953124999      0.2922125D+01
 43360.37109374999      0.6663494D+01
 43363.61718750000      0.6704753D+01
 43370.33984374999      0.6645866D+01
 43420.33984374999      0.6283427D+01
 43470.33984374999      0.5884592D+01
 43520.33984374999      0.5512142D+01
 43570.33984374999      0.5148814D+01
 43620.33984374999      0.4810752D+01
 43630.42968750000      0.4727593D+01
 43630.87890624999      0.1984558D+02
 43634.01953124999      0.2042373D+02
 43640.29296874999      0.2047409D+02
 43690.29296874999      0.2087942D+02
 43740.29296874999      0.2130801D+02
 43743.26953124999      0.2135543D+02
 43743.35156250000      0.1672762D+02
 43746.54687500000      0.1668051D+02
 43752.93359374999      0.1674480D+02
 43802.93359374999      0.1716950D+02
 43852.93359374999      0.1761087D+02
 43859.66015624999      0.1770554D+02
 43909.66015624999      0.1809522D+02
 43959.66015624999      0.1851514D+02
 43976.03906250000      0.1866619D+02
 43976.55859374999      0.9418280D+01
 43979.70312500000      0.9698449D+01
 43985.99218750000      0.9624379D+01
 44035.99218750000      0.9270478D+01
 44085.99218750000      0.8924024D+01
 44120.62109374999      0.8669382D+01
 44170.62109374999      0.8312808D+01
 44220.62109374999      0.7969880D+01
 44265.19921874999      0.7652747D+01
 44265.33203124999      0.2981368D+01
 44268.57812500000      0.2977859D+01
 44275.44921874999      0.2972893D+01
 44325.44921874999      0.2939045D+01
 44375.44921874999      0.2939543D+01
 44401.26953124999      0.2953896D+01
 44401.40234374999      0.7779860D+01
 44404.64843750000      0.7793211D+01
 44411.39062500000      0.7843235D+01
 44461.39062500000      0.8197915D+01
 44511.39062500000      0.8571167D+01
 44561.39062500000      0.8941531D+01
 44611.39062500000      0.9309756D+01
 44661.39062500000      0.9698892D+01
 44711.39062500000      0.1007243D+02
 44761.39062500000      0.1043874D+02
 44786.80078124999      0.1064273D+02
 44787.05078124999      0.4057761D+01
 44790.29687500000      0.4133032D+01
 44796.99609374999      0.4096875D+01
 44846.99609374999      0.3900890D+01
 44896.99609374999      0.3721272D+01
 44930.26171874999      0.3612009D+01
 44930.44921874999      0.1549781D+02
 44930.64062500000      0.2841506D+02
 44930.83203124999      0.3281553D+02
 44931.01953124999      0.3340011D+02
 44931.21093750000      0.3398674D+02
 44931.40234374999      0.3458614D+02
 44931.59375000000      0.3519422D+02
 44931.78125000000      0.3580968D+02
 44931.97265624999      0.3643178D+02
 44932.16406250000      0.3706093D+02
 44932.35546874999      0.3769846D+02
 44932.41015624999      0.3832170D+02
 44932.43750000000      0.3847380D+02
 44932.46875000000      0.3788540D+02
 44932.50000000000      0.3730188D+02
 44932.52734374999      0.3671865D+02
 44932.55859374999      0.3613337D+02
 44932.58593750000      0.3555093D+02
 44932.61718750000      0.3496868D+02
 44932.64453124999      0.3438692D+02
 44932.67578124999      0.3380560D+02
 44932.70312500000      0.3322498D+02
 44932.72656250000      0.3265102D+02
 44932.78515624999      0.3223051D+02
 44933.32421874999      0.3223375D+02
 44933.76171874999      0.3223302D+02
 44934.22656250000      0.3207626D+02
 44934.44140624999      0.3190792D+02
 44934.47656250000      0.3180529D+02
 44934.49218750000      0.1147339D+02
 44934.52734374999      0.1706090D+02
 44934.68750000000      0.2860497D+02
 44935.07812500000      0.5882436D+02
 44935.24218750000      0.5933375D+02
 44935.39453124999      0.7162062D+02
 44935.42578124999      0.7223539D+02
 44935.67578124999      0.9633694D+02
 44935.92578124999      0.1210854D+03
 44935.96093750000      0.1344843D+03
 44936.16015624999      0.1544699D+03
 44936.17578124999      0.1575892D+03
 44936.42578124999      0.1849407D+03
 44936.54296874999      0.2023316D+03
 44937.60156250000      0.2031251D+03
 44939.72265624999      0.2030045D+03
 44942.52734374999      0.2028143D+03
 44942.55859374999      0.2062161D+03
 44942.67578124999      0.2067169D+03
 44942.71093750000      0.2321550D+03
 44942.80859374999      0.3275902D+03
 44942.84375000000      0.3517076D+03
 44942.87500000000      0.3508129D+03
 44942.96875000000      0.3506787D+03
 44943.16406250000      0.3519323D+03
 44943.55859374999      0.3509085D+03
 44946.92578124999      0.3456219D+03
 44946.94140624999      0.3361825D+03
 44946.96093750000      0.2030471D+03
 44946.97656250000      0.8880043D+02
 44946.99609374999      0.2844444D+02
 44947.01171874999      0.2830987D+02
 44947.03906250000      0.2850376D+02
 44947.09765624999      0.2867612D+02
 44947.12890624999      0.2894058D+02
 44947.14062500000      0.2501815D+02
 44947.14843750000      0.2164217D+02
 44947.16015624999      0.1843445D+02
 44947.16796874999      0.1573035D+02
 44947.17968750000      0.1364934D+02
 44947.18750000000      0.1219812D+02
 44947.19921874999      0.1133238D+02
 44947.20703124999      0.1118839D+02
 44947.21875000000      0.1161136D+02
 44947.22656250000      0.1246846D+02
 44947.23437500000      0.1350097D+02
