 0.000000000000000      0.0000000D+00
0.1000000014901161      0.3110930D-07
0.3000000119209288      0.3301398D-07
0.6006559729576110      0.0000000D+00
0.9013119935989378      0.0000000D+00
 1.201967954635620      0.8053318D-07
 1.502623915672302      0.1491691D-07
 1.803279876708984      0.7577115D-08
 2.103935956954956      0.0000000D+00
 2.404591798782348      0.5807533D-07
 2.705247640609741      0.1040486D-06
 3.005903959274291      0.2068787D-07
 3.299999952316284      0.5573267D-07
 3.901312112808227      0.0000000D+00
 6.180442810058593      0.6490485D-07
 56.18044281005859      0.0000000D+00
 93.45999908447265      0.0000000D+00
 94.64333343505858      0.4244958D-07
 96.44628906249999      0.6434803D-07
 100.0521850585937      0.9839586D-07
 150.0521850585937      0.6704125D-05
 200.0521850585937      0.6156199D-05
 250.0521850585937      0.5833755D-05
 299.8500061035155      0.5802501D-05
 300.2333374023437      0.1984936D-03
 302.0973815917968      0.3608887D-03
 305.8254699707031      0.3666918D-03
 355.8254699707031      0.3634808D-03
 405.8254699707031      0.3613572D-03
 455.8254699707031      0.3594113D-03
 505.8254699707031      0.3578951D-03
 555.8254394531249      0.3562145D-03
 605.8254394531248      0.3544666D-03
 655.8254394531248      0.3526126D-03
 675.9799804687499      0.3517925D-03
 676.4633178710936      0.3518266D-03
 678.3071899414062      0.3520770D-03
 681.9948730468748      0.3525483D-03
 731.9948730468748      0.3762291D-03
 781.9948730468748      0.3796822D-03
 831.9948730468748      0.3816687D-03
 881.9948730468748      0.3826010D-03
 931.9948730468748      0.3825625D-03
 945.1500244140623      0.3826965D-03
 946.0499877929685      0.9646050D-03
 947.8235473632810      0.1525101D-02
 951.3707885742186      0.1523995D-02
 1001.370788574219      0.1508022D-02
 1051.370849609375      0.1491805D-02
 1101.370849609375      0.1475657D-02
 1151.370849609375      0.1459641D-02
 1196.359985351562      0.1445297D-02
 1197.493286132812      0.1445875D-02
 1199.242675781250      0.1446974D-02
 1202.741210937500      0.1486977D-02
 1252.741210937500      0.1510806D-02
 1302.741210937500      0.1529846D-02
 1324.420043945312      0.1539378D-02
 1324.520019531250      0.1543099D-02
 1326.813232421875      0.1706103D-02
 1331.399658203125      0.1707269D-02
 1381.399658203125      0.1721187D-02
 1431.399658203125      0.1725134D-02
 1481.399658203125      0.1724305D-02
 1531.399658203125      0.1723695D-02
 1581.399658203125      0.1720250D-02
 1585.989990234375      0.1724070D-02
 1586.606689453125      0.2431983D-02
 1588.367309570312      0.3120118D-02
 1591.888793945312      0.3118894D-02
 1641.888793945312      0.3097060D-02
 1691.888793945312      0.3073276D-02
 1741.888793945312      0.3048382D-02
 1791.888793945312      0.3022393D-02
 1811.660034179687      0.3012074D-02
 1811.693359375000      0.3012153D-02
 1814.108032226562      0.3010896D-02
 1818.937377929687      0.3014819D-02
 1868.937377929687      0.2989682D-02
 1886.280029296875      0.2980804D-02
 1886.313354492187      0.2980736D-02
 1888.796630859375      0.3028233D-02
 1893.763305664062      0.3025647D-02
 1943.763305664062      0.2997641D-02
 1993.763305664062      0.2968997D-02
 2036.739990234375      0.2944986D-02
 2086.739990234375      0.2917676D-02
 2136.739990234375      0.2889904D-02
 2186.739990234375      0.2862380D-02
 2236.739990234375      0.2834197D-02
 2262.409912109375      0.2821801D-02
 2262.459960937500      0.2825582D-02
 2265.020507812500      0.2824061D-02
 2270.141845703125      0.2834253D-02
 2320.141845703125      0.2805823D-02
 2370.141845703125      0.2776132D-02
 2420.141845703125      0.2750002D-02
 2470.141845703125      0.2723862D-02
 2520.141845703125      0.2698765D-02
 2559.689941406250      0.2680363D-02
 2559.739990234375      0.2685053D-02
 2562.415039062500      0.2683632D-02
 2567.764648437500      0.2695170D-02
 2617.764648437500      0.2669283D-02
 2667.764648437500      0.2641470D-02
 2717.764648437500      0.2619006D-02
 2767.764648437500      0.2598070D-02
 2780.000000000000      0.2597015D-02
 2780.033447265625      0.2604534D-02
 2782.460449218750      0.2673857D-02
 2787.314941406250      0.2671418D-02
 2837.314941406250      0.2645897D-02
 2887.314941406249      0.2621066D-02
 2937.314941406249      0.2600341D-02
 2987.314941406249      0.2582903D-02
 3002.070068359374      0.2582595D-02
 3002.086669921874      0.2591030D-02
 3004.472412109374      0.2627062D-02
 3009.244140624999      0.2624979D-02
 3059.244140624999      0.2603295D-02
 3109.244140624999      0.2582633D-02
 3159.244140624999      0.2568050D-02
 3209.244140624999      0.2556159D-02
 3225.030029296874      0.2557659D-02
 3225.046630859374      0.2566426D-02
 3227.392578124999      0.2604783D-02
 3232.084228515624      0.2603227D-02
 3282.084228515624      0.2586368D-02
 3332.084228515624      0.2570760D-02
 3382.084228515624      0.2561977D-02
 3432.084228515624      0.2555618D-02
 3482.084228515624      0.2551153D-02
 3523.500000000000      0.2550191D-02
 3573.500000000000      0.2548806D-02
 3598.120117187499      0.2550608D-02
 3598.136718750000      0.2559653D-02
 3600.363037109374      0.2603563D-02
 3604.815429687499      0.2602812D-02
 3654.815429687499      0.2595897D-02
 3704.815429687499      0.2590376D-02
 3754.815429687499      0.2587525D-02
 3804.815429687499      0.2586401D-02
 3854.815429687499      0.2586482D-02
 3897.810058593749      0.2593663D-02
 3898.026611328124      0.3082864D-02
 3899.930908203124      0.3498237D-02
 3903.739257812499      0.3503115D-02
 3953.739257812499      0.3514909D-02
 4003.739257812499      0.3528260D-02
 4053.739257812499      0.3544228D-02
 4103.739257812499      0.3560605D-02
 4135.060058593749      0.3572347D-02
 4135.160156250000      0.3573300D-02
 4137.785156250000      0.3574873D-02
 4143.034179687499      0.3618102D-02
 4193.034179687499      0.3647886D-02
 4212.169921874999      0.3660093D-02
 4212.653320312499      0.4592268D-02
 4214.574707031249      0.5399423D-02
 4218.416992187499      0.5405482D-02
 4268.416992187499      0.5413076D-02
 4318.416992187499      0.5419804D-02
 4368.416992187499      0.5425085D-02
 4387.580078124999      0.5426845D-02
 4387.613281250000      0.5428285D-02
 4390.301757812499      0.5495387D-02
 4395.679199218749      0.5495906D-02
 4445.679199218749      0.5498874D-02
 4476.120117187499      0.5500203D-02
 4476.169921874999      0.5500806D-02
 4478.925781250000      0.5501134D-02
 4484.437011718749      0.5513350D-02
 4534.437011718749      0.5516913D-02
 4563.410156250000      0.5518510D-02
 4563.426757812499      0.5519514D-02
 4566.115234374999      0.5553776D-02
 4571.492675781249      0.5554049D-02
 4621.492675781249      0.5555509D-02
 4651.109863281249      0.5555984D-02
 4651.160156250000      0.5556948D-02
 4653.838378906249      0.5662357D-02
 4659.194824218749      0.5662279D-02
 4709.194824218749      0.5659970D-02
 4740.080078124999      0.5658703D-02
 4740.129882812499      0.5659632D-02
 4742.850097656249      0.5761744D-02
 4748.290039062499      0.5761356D-02
 4798.290039062499      0.5757194D-02
 4848.290039062499      0.5751984D-02
 4898.290039062499      0.5746414D-02
 4920.629882812499      0.5743931D-02
 4920.663574218749      0.5745144D-02
 4923.448242187499      0.5744864D-02
 4929.018554687499      0.5752495D-02
 4979.018554687499      0.5747234D-02
 5029.018554687499      0.5741376D-02
 5079.018554687499      0.5735327D-02
 5099.430175781249      0.5733633D-02
 5099.546875000000      0.5734752D-02
 5102.300292968749      0.5973537D-02
 5107.807617187499      0.5972516D-02
 5157.807617187499      0.5962807D-02
 5207.807617187499      0.5952419D-02
 5257.807617187499      0.5942713D-02
 5307.807617187499      0.5932208D-02
 5357.807617187499      0.5921917D-02
 5407.807617187499      0.5910521D-02
 5457.807617187499      0.5898582D-02
 5469.540039062499      0.5896739D-02
 5469.589843750000      0.5898506D-02
 5472.360351562499      0.5897863D-02
 5477.900878906249      0.5909597D-02
 5527.900878906249      0.5899157D-02
 5560.700195312499      0.5891534D-02
 5610.700195312499      0.5881071D-02
 5660.700195312499      0.5869715D-02
 5710.700195312499      0.5858634D-02
 5743.020019531249      0.5851552D-02
 5743.053222656249      0.5852202D-02
 5745.742187500000      0.5929361D-02
 5751.119140624999      0.5928014D-02
 5801.119140624999      0.5915460D-02
 5835.089843749999      0.5906792D-02
 5835.106445312499      0.5907923D-02
 5837.754394531248      0.5946589D-02
 5843.050292968748      0.5945203D-02
 5893.050292968748      0.5931992D-02
 5927.620117187499      0.5922781D-02
 5927.753417968748      0.5923914D-02
 5930.543945312499      0.6208693D-02
 5936.125000000000      0.6207169D-02
 5986.125000000000      0.6193297D-02
 6024.000000000000      0.6182692D-02
 6024.966796874999      0.6185238D-02
 6026.853027343749      0.6191030D-02
 6030.626464843749      0.6202704D-02
 6080.626464843749      0.6359045D-02
 6098.020019531248      0.6408905D-02
 6099.186523437498      0.8359966D-02
 6101.078125000000      0.1019664D-01
 6104.862304687499      0.1019755D-01
 6154.862304687499      0.1020667D-01
 6200.830078124999      0.1021498D-01
 6201.263183593748      0.1083383D-01
 6203.229980468748      0.1138584D-01
 6207.163574218749      0.1138636D-01
 6257.163574218749      0.1139190D-01
 6307.163574218749      0.1139541D-01
 6321.000000000000      0.1139650D-01
 6321.850097656249      0.1139682D-01
 6323.776367187499      0.1139785D-01
 6327.629394531248      0.1140019D-01
 6377.629394531248      0.1142262D-01
 6411.270019531248      0.1143556D-01
 6411.286621093748      0.1143628D-01
 6413.924316406248      0.1147555D-01
 6419.200195312499      0.1147737D-01
 6469.200195312499      0.1149454D-01
 6501.979980468748      0.1150427D-01
 6502.029785156249      0.1150490D-01
 6504.722167968748      0.1161924D-01
 6510.105957031248      0.1162057D-01
 6560.105957031248      0.1162998D-01
 6610.105957031248      0.1163613D-01
 6660.105957031248      0.1163972D-01
 6686.120117187499      0.1164173D-01
 6686.203125000000      0.1164302D-01
 6688.940429687499      0.1182955D-01
 6694.414550781249      0.1182980D-01
 6744.414550781249      0.1182932D-01
 6780.540039062499      0.1182757D-01
 6780.556640624999      0.1182798D-01
 6783.214355468748      0.1186674D-01
 6788.530761718749      0.1186647D-01
 6838.530761718749      0.1186106D-01
 6888.530761718749      0.1185375D-01
 6938.530761718749      0.1184479D-01
 6970.339843749999      0.1183847D-01
 6970.373535156249      0.1183950D-01
 6973.093261718749      0.1191489D-01
 6978.533203124999      0.1191398D-01
 7028.533203124999      0.1190315D-01
 7078.533203124999      0.1189054D-01
 7128.533203124999      0.1187701D-01
 7178.533203124999      0.1186168D-01
 7228.533203124999      0.1184539D-01
 7278.533203124999      0.1182754D-01
 7328.533203124999      0.1180940D-01
 7353.870117187498      0.1179964D-01
 7353.886718749999      0.1180183D-01
 7356.524414062498      0.1184155D-01
 7361.800292968748      0.1183934D-01
 7411.800292968748      0.1181812D-01
 7461.800292968748      0.1179719D-01
 7511.800292968748      0.1177667D-01
 7546.640136718748      0.1176238D-01
 7546.939941406248      0.1176226D-01
 7548.914062500000      0.1176189D-01
 7552.860351562498      0.1176114D-01
 7602.860351562498      0.1175523D-01
 7634.759765624999      0.1174835D-01
 7634.810058593748      0.1175062D-01
 7637.454589843747      0.1189420D-01
 7642.743652343747      0.1189295D-01
 7692.743652343747      0.1187890D-01
 7742.743652343747      0.1186412D-01
 7792.743652343747      0.1184934D-01
 7813.560058593748      0.1184390D-01
 7814.143554687498      0.1304650D-01
 7816.089355468748      0.1408408D-01
 7819.982421874999      0.1408346D-01
 7869.982421874999      0.1407302D-01
 7919.982421874999      0.1406273D-01
 7969.982421874999      0.1404934D-01
 8019.982421874999      0.1403555D-01
 8028.740234374999      0.1403306D-01
 8029.206542968748      0.1403312D-01
 8031.179687500000      0.1403289D-01
 8035.125976562498      0.1403247D-01
 8085.125976562498      0.1403234D-01
 8135.125976562498      0.1402384D-01
 8185.125976562498      0.1401432D-01
 8213.799804687498      0.1400897D-01
 8213.916992187498      0.1401011D-01
 8216.628906249999      0.1431199D-01
 8222.053710937498      0.1431070D-01
 8272.053710937498      0.1429833D-01
 8309.679687500000      0.1428807D-01
 8309.730468749999      0.1428935D-01
 8312.442382812499      0.1441801D-01
 8317.869140624999      0.1441645D-01
 8367.869140624999      0.1440088D-01
 8407.080078124999      0.1438760D-01
 8407.113281249999      0.1438878D-01
 8409.909179687498      0.1438795D-01
 8415.501953124999      0.1439782D-01
 8465.501953124999      0.1438061D-01
 8515.501953124999      0.1436199D-01
 8565.501953124999      0.1434351D-01
 8615.501953124999      0.1432288D-01
 8665.501953124999      0.1430258D-01
 8696.230468749999      0.1428973D-01
 8696.346679687498      0.1429118D-01
 8699.105468749999      0.1458989D-01
 8704.622070312499      0.1458768D-01
 8754.622070312499      0.1456609D-01
 8804.622070312499      0.1454345D-01
 8854.622070312499      0.1452146D-01
 8896.290039062498      0.1450191D-01
 8896.356445312499      0.1450283D-01
 8899.097656249999      0.1467269D-01
 8904.580078124999      0.1467006D-01
 8954.580078124999      0.1464534D-01
 9004.580078124999      0.1461990D-01
 9054.580078124999      0.1459452D-01
 9100.769531249999      0.1457114D-01
 9100.836914062498      0.1457218D-01
 9103.599609374999      0.1473852D-01
 9109.125976562498      0.1473568D-01
 9159.125976562498      0.1470889D-01
 9209.125976562498      0.1468158D-01
 9259.125976562498      0.1465490D-01
 9309.125976562498      0.1462792D-01
 9309.879882812499      0.1462866D-01
 9309.962890624999      0.1463141D-01
 9312.797851562498      0.1483415D-01
 9318.467773437498      0.1483121D-01
 9368.467773437498      0.1480473D-01
 9418.467773437498      0.1477779D-01
 9468.467773437498      0.1475161D-01
 9518.467773437498      0.1472398D-01
 9525.059570312499      0.1472150D-01
 9525.193359374999      0.1472398D-01
 9528.055664062498      0.1503014D-01
 9533.779296874999      0.1502715D-01
 9583.779296874999      0.1500055D-01
 9633.779296874999      0.1497352D-01
 9683.779296874999      0.1494731D-01
 9733.779296874999      0.1492008D-01
 9750.740234374999      0.1491204D-01
 9750.773437500000      0.1491360D-01
 9753.625976562498      0.1498876D-01
 9759.333007812499      0.1498561D-01
 9809.333007812499      0.1495771D-01
 9859.333007812499      0.1492936D-01
 9909.333007812499      0.1490157D-01
 9959.333007812499      0.1487334D-01
 9979.200195312499      0.1486283D-01
 9979.316406249999      0.1486460D-01
 9982.216796874999      0.1512173D-01
 9988.018554687498      0.1511874D-01
 10038.01855468750      0.1509253D-01
 10088.01855468750      0.1506617D-01
 10138.01855468750      0.1503968D-01
 10188.01855468750      0.1501361D-01
 10217.98046875000      0.1499772D-01
 10218.03027343750      0.1499918D-01
 10220.90234375000      0.1511071D-01
 10226.64843750000      0.1510761D-01
 10276.64843750000      0.1508086D-01
 10326.64843750000      0.1505383D-01
 10376.64843750000      0.1502758D-01
 10426.64843750000      0.1500066D-01
 10461.48046875000      0.1498226D-01
 10461.61328125000      0.1498381D-01
 10464.56152343750      0.1526082D-01
 10470.45703125000      0.1525772D-01
 10520.45703125000      0.1523232D-01
 10570.45703125000      0.1520667D-01
 10589.99023437500      0.1519818D-01
 10590.05664062500      0.1519904D-01
 10593.01855468750      0.1533456D-01
 10598.94238281250      0.1533167D-01
 10648.94238281250      0.1530688D-01
 10698.94238281250      0.1528175D-01
 10748.94238281250      0.1525714D-01
 10798.94238281250      0.1523230D-01
 10848.94238281250      0.1520739D-01
 10854.34960937500      0.1520564D-01
 10854.43359375000      0.1520662D-01
 10857.43066406250      0.1537064D-01
 10863.42578125000      0.1536774D-01
 10913.42578125000      0.1534335D-01
 10963.42578125000      0.1531953D-01
 10991.42968750000      0.1530674D-01
 10991.53027343750      0.1530806D-01
 10994.55175781250      0.1549811D-01
 11000.59570312500      0.1549540D-01
 11050.59570312500      0.1547307D-01
 11100.59570312500      0.1545060D-01
 11150.59570312500      0.1542854D-01
 11200.59570312500      0.1540619D-01
 11250.59570312500      0.1538400D-01
 11278.33984375000      0.1537153D-01
 11278.42285156250      0.1537254D-01
 11281.47070312500      0.1552671D-01
 11287.56542968750      0.1552406D-01
 11337.56542968750      0.1550218D-01
 11387.56542968750      0.1548027D-01
 11437.56542968750      0.1545850D-01
 11487.56542968750      0.1543686D-01
 11537.56542968750      0.1541532D-01
 11576.82031250000      0.1539806D-01
 11576.88671875000      0.1539916D-01
 11579.94238281250      0.1552025D-01
 11586.05468750000      0.1551769D-01
 11636.05468750000      0.1549603D-01
 11686.05468750000      0.1547442D-01
 11731.03027343750      0.1545557D-01
 11731.78027343750      0.1545524D-01
 11733.80761718750      0.1545421D-01
 11737.86230468750      0.1545210D-01
 11787.86230468750      0.1543133D-01
 11837.86230468750      0.1540516D-01
 11843.19042968750      0.1540354D-01
 11843.50683593750      0.1540342D-01
 11845.50976562500      0.1540245D-01
 11849.51562500000      0.1540068D-01
 11899.51562500000      0.1538200D-01
 11949.51562500000      0.1535825D-01
 11999.51562500000      0.1533702D-01
 12044.33984375000      0.1531660D-01
 12044.37304687500      0.1531833D-01
 12047.26171875000      0.1531699D-01
 12053.03906250000      0.1532835D-01
 12103.03906250000      0.1530577D-01
 12153.03906250000      0.1528312D-01
 12203.03906250000      0.1526242D-01
 12243.32031250000      0.1524596D-01
 12293.32031250000      0.1522548D-01
 12343.32031250000      0.1520315D-01
 12393.32031250000      0.1518213D-01
 12442.30957031250      0.1516278D-01
 12442.36035156250      0.1516521D-01
 12445.19433593750      0.1516408D-01
 12450.86230468750      0.1518748D-01
 12500.86230468750      0.1516555D-01
 12550.86230468750      0.1514375D-01
 12600.86230468750      0.1512411D-01
 12650.86230468750      0.1510326D-01
 12700.86230468750      0.1508365D-01
 12736.04980468750      0.1507033D-01
 12736.06640625000      0.1507262D-01
 12739.01562500000      0.1507138D-01
 12744.91503906250      0.1507622D-01
 12794.91503906250      0.1505516D-01
 12844.91503906250      0.1503414D-01
 12894.91503906250      0.1501524D-01
 12930.83984375000      0.1500176D-01
 12980.83984375000      0.1498371D-01
 13030.83984375000      0.1496416D-01
 13080.83984375000      0.1494651D-01
 13125.63964843750      0.1493086D-01
 13125.72363281250      0.1493276D-01
 13128.53027343750      0.1493193D-01
 13134.14550781250      0.1498231D-01
 13184.14550781250      0.1496776D-01
 13220.54003906250      0.1495746D-01
 13220.55664062500      0.1496021D-01
 13223.12695312500      0.1502665D-01
 13228.26660156250      0.1502514D-01
 13278.26660156250      0.1501062D-01
 13328.26660156250      0.1499627D-01
 13378.26660156250      0.1498417D-01
 13411.32031250000      0.1497635D-01
 13461.32031250000      0.1496507D-01
 13511.32031250000      0.1495136D-01
 13561.32031250000      0.1493914D-01
 13602.09960937500      0.1492890D-01
 13602.16699218750      0.1493128D-01
 13604.97070312500      0.1493069D-01
 13610.58007812500      0.1497468D-01
 13660.58007812500      0.1496616D-01
 13710.58007812500      0.1495794D-01
 13760.58007812500      0.1495203D-01
 13810.58007812500      0.1494651D-01
 13860.58007812500      0.1494068D-01
 13910.58007812500      0.1493747D-01
 13960.58007812500      0.1493317D-01
 14010.58007812500      0.1492960D-01
 14060.58007812500      0.1492622D-01
 14069.41015625000      0.1492818D-01
 14119.41015625000      0.1492735D-01
 14162.87988281250      0.1492289D-01
 14162.91308593750      0.1492466D-01
 14165.56640625000      0.1506721D-01
 14170.87207031250      0.1506657D-01
 14220.87207031250      0.1506050D-01
 14270.87207031250      0.1505471D-01
 14320.87207031250      0.1505079D-01
 14351.70996093750      0.1504966D-01
 14351.72656250000      0.1505274D-01
 14354.35449218750      0.1512508D-01
 14359.61035156250      0.1512441D-01
 14409.61035156250      0.1511826D-01
 14459.61035156250      0.1511233D-01
 14509.61035156250      0.1510862D-01
 14541.50976562500      0.1510825D-01
 14541.55957031250      0.1511095D-01
 14544.35937500000      0.1511094D-01
 14549.95996093750      0.1514852D-01
 14599.95996093750      0.1514740D-01
 14649.95996093750      0.1514780D-01
 14699.95996093750      0.1515171D-01
 14749.95996093750      0.1515528D-01
 14799.95996093750      0.1515866D-01
 14821.90039062500      0.1516198D-01
 14822.13378906250      0.1516220D-01
 14824.18847656250      0.1516400D-01
 14828.29882812500      0.1516776D-01
 14878.29882812500      0.1522800D-01
 14928.29882812500      0.1527355D-01
 14978.29882812500      0.1532035D-01
 15028.29882812500      0.1536669D-01
 15078.29882812500      0.1541310D-01
 15083.76953125000      0.1541887D-01
 15083.78710937500      0.1542410D-01
 15086.49609375000      0.1551037D-01
 15091.91503906250      0.1551487D-01
 15141.91503906250      0.1555550D-01
 15191.91503906250      0.1559893D-01
 15241.91503906250      0.1564463D-01
 15291.91503906250      0.1568935D-01
 15341.91503906250      0.1573457D-01
 15346.87988281250      0.1574013D-01
 15396.87988281250      0.1578867D-01
 15434.58984375000      0.1582101D-01
 15434.94042968750      0.1727018D-01
 15436.94824218750      0.1845614D-01
 15440.96582031250      0.1845834D-01
 15490.96582031250      0.1848372D-01
 15540.96582031250      0.1851432D-01
 15590.96582031250      0.1853740D-01
 15629.37988281250      0.1855562D-01
 15679.37988281250      0.1857597D-01
 15729.37988281250      0.1859460D-01
 15779.37988281250      0.1861257D-01
 15824.17968750000      0.1862795D-01
 15824.64648437500      0.2013731D-01
 15826.64746093750      0.2140044D-01
 15830.64843750000      0.2140249D-01
 15880.64843750000      0.2142713D-01
 15930.64843750000      0.2145595D-01
 15980.64843750000      0.2147645D-01
 16030.64843750000      0.2149530D-01
 16052.63964843750      0.2150505D-01
 16052.69042968750      0.2150643D-01
 16055.50878906250      0.2150744D-01
 16061.14648437500      0.2153764D-01
 16111.14648437500      0.2155448D-01
 16161.14648437500      0.2157197D-01
 16211.14648437500      0.2158914D-01
 16261.14648437500      0.2160406D-01
 16276.95996093750      0.2160907D-01
 16277.69335937500      0.2161012D-01
 16279.65429687500      0.2161373D-01
 16283.57812500000      0.2162433D-01
 16333.57812500000      0.2171388D-01
 16365.50000000000      0.2176846D-01
 16365.70019531250      0.2176930D-01
 16367.81054687500      0.2177686D-01
 16372.03320312500      0.2179260D-01
 16422.03320312500      0.2199588D-01
 16472.03320312500      0.2217023D-01
 16522.03320312500      0.2234689D-01
 16572.03320312500      0.2251781D-01
 16622.03320312500      0.2268390D-01
 16672.03320312500      0.2284494D-01
 16700.43945312500      0.2293473D-01
 16700.45703125000      0.2293526D-01
 16702.95312500000      0.2303670D-01
 16707.94726562500      0.2305200D-01
 16757.94726562500      0.2320230D-01
 16807.94726562500      0.2334917D-01
 16857.94726562500      0.2349249D-01
 16868.67968750000      0.2352337D-01
 16918.67968750000      0.2366473D-01
 16968.67968750000      0.2379983D-01
 17018.67968750000      0.2393867D-01
 17036.91015625000      0.2398897D-01
 17037.02734375000      0.2399176D-01
 17039.66015625000      0.2461922D-01
 17044.92773437500      0.2462844D-01
 17094.92773437500      0.2471430D-01
 17144.92773437500      0.2479802D-01
 17194.92773437500      0.2488199D-01
 17244.92773437500      0.2496253D-01
 17294.92773437500      0.2504414D-01
 17344.92773437500      0.2512765D-01
 17384.42968750000      0.2519112D-01
 17434.42968750000      0.2527085D-01
 17484.42968750000      0.2534741D-01
 17534.42968750000      0.2542264D-01
 17558.19921875000      0.2545891D-01
 17558.21679687500      0.2546570D-01
 17560.74023437500      0.2556335D-01
 17565.78710937500      0.2557017D-01
 17615.78710937500      0.2563708D-01
 17665.78710937500      0.2570312D-01
 17715.78710937500      0.2577239D-01
 17732.77929687500      0.2579814D-01
 17733.34570312500      0.2802411D-01
 17735.40429687500      0.2976947D-01
 17739.51953125000      0.2977264D-01
 17789.51953125000      0.2980956D-01
 17839.51953125000      0.2985817D-01
 17889.51953125000      0.2989350D-01
 17939.51953125000      0.2992899D-01
 17940.71093750000      0.2993172D-01
 17940.72656250000      0.2993765D-01
 17943.45703125000      0.3000366D-01
 17948.91796875000      0.3000697D-01
 17998.91796875000      0.3003550D-01
 18048.91796875000      0.3006146D-01
 18098.91796875000      0.3008763D-01
 18148.91796875000      0.3011093D-01
 18198.91796875000      0.3013252D-01
 18248.91796875000      0.3015192D-01
 18254.35937500000      0.3015707D-01
 18254.39257812500      0.3016255D-01
 18257.12890625000      0.3029548D-01
 18262.60156250000      0.3029724D-01
 18312.60156250000      0.3031195D-01
 18362.60156250000      0.3032486D-01
 18412.60156250000      0.3033839D-01
 18462.60156250000      0.3035160D-01
 18465.84960937500      0.3035589D-01
 18515.84960937500      0.3037222D-01
 18565.84960937500      0.3038110D-01
 18615.84960937500      0.3039025D-01
 18665.84960937500      0.3040025D-01
 18677.34960937500      0.3040384D-01
 18677.48242187500      0.3040901D-01
 18679.07617187500      0.3040945D-01
 18682.25976562500      0.3054864D-01
 18732.25976562500      0.3056080D-01
 18778.47070312500      0.3057116D-01
 18778.48632812500      0.3057600D-01
 18780.97460937500      0.3065469D-01
 18785.94921875000      0.3065569D-01
 18835.94921875000      0.3066516D-01
 18885.94921875000      0.3067308D-01
 18935.94921875000      0.3068359D-01
 18985.94921875000      0.3069314D-01
 19035.94921875000      0.3070224D-01
 19083.50976562500      0.3070837D-01
 19083.59375000000      0.3071368D-01
 19086.27343750000      0.3107072D-01
 19091.63476562500      0.3107116D-01
 19141.63476562500      0.3107775D-01
 19191.63476562500      0.3108173D-01
 19241.63476562500      0.3108921D-01
 19291.63476562500      0.3109483D-01
 19292.60937500000      0.3109880D-01
 19292.66015625000      0.3110677D-01
 19295.40820312500      0.3131464D-01
 19300.90625000000      0.3131499D-01
 19350.90625000000      0.3131771D-01
 19400.90625000000      0.3131800D-01
 19450.90625000000      0.3132065D-01
 19500.90625000000      0.3132351D-01
 19505.32031250000      0.3132707D-01
 19505.36914062500      0.3133398D-01
 19508.13671875000      0.3153648D-01
 19513.66992187500      0.3153639D-01
 19563.66992187500      0.3153570D-01
 19613.66992187500      0.3153301D-01
 19663.66992187500      0.3153342D-01
 19713.66992187500      0.3153386D-01
 19721.75976562500      0.3153636D-01
 19771.75976562500      0.3153775D-01
 19821.75976562500      0.3153193D-01
 19871.75976562500      0.3153020D-01
 19921.75976562500      0.3152619D-01
 19971.75976562500      0.3152400D-01
 20021.75976562500      0.3152208D-01
 20046.41992187500      0.3152279D-01
 20046.47070312500      0.3152835D-01
 20049.26953125000      0.3152809D-01
 20054.86914062500      0.3157545D-01
 20104.86914062500      0.3157046D-01
 20154.86914062500      0.3156539D-01
 20204.86914062500      0.3156525D-01
 20254.86914062500      0.3156395D-01
 20259.13085937500      0.3156854D-01
 20259.16406250000      0.3157515D-01
 20261.93750000000      0.3171379D-01
 20267.48437500000      0.3171320D-01
 20317.48437500000      0.3170744D-01
 20366.72070312500      0.3170109D-01
 20367.00390625000      0.3273059D-01
 20369.07031250000      0.3354570D-01
 20373.20507812500      0.3355223D-01
 20423.20507812500      0.3355865D-01
 20473.20507812500      0.3356866D-01
 20486.10937500000      0.3357256D-01
 20486.71093750000      0.3357301D-01
 20488.73242187500      0.3357451D-01
 20492.77929687500      0.3357860D-01
 20542.77929687500      0.3361399D-01
 20583.00000000000      0.3364296D-01
 20583.43359375000      0.3522341D-01
 20585.55078125000      0.3643542D-01
 20589.78710937500      0.3646455D-01
 20639.78710937500      0.3650345D-01
 20689.78710937500      0.3654971D-01
 20739.78710937500      0.3658429D-01
 20789.78710937500      0.3661901D-01
 20807.31054687500      0.3663297D-01
 20807.41015625000      0.3663705D-01
 20810.15625000000      0.3699396D-01
 20815.65039062500      0.3699758D-01
 20865.65039062500      0.3703571D-01
 20915.65039062500      0.3706441D-01
 20965.65039062500      0.3709369D-01
 21015.65039062500      0.3712135D-01
 21040.08007812500      0.3713556D-01
 21040.11328125000      0.3713977D-01
 21042.85351562500      0.3725981D-01
 21048.33789062500      0.3726241D-01
 21098.33789062500      0.3728647D-01
 21148.33789062500      0.3730614D-01
 21198.33789062500      0.3732734D-01
 21248.33789062500      0.3734600D-01
 21275.82031250000      0.3735881D-01
 21275.93750000000      0.3736215D-01
 21278.71875000000      0.3775702D-01
 21284.28125000000      0.3775882D-01
 21334.28125000000      0.3778008D-01
 21384.28125000000      0.3779306D-01
 21434.28125000000      0.3780923D-01
 21484.28125000000      0.3782463D-01
 21522.56054687500      0.3783665D-01
 21522.66015625000      0.3784012D-01
 21525.44531250000      0.3817096D-01
 21531.01562500000      0.3817230D-01
 21581.01562500000      0.3818810D-01
 21631.01562500000      0.3819804D-01
 21681.01562500000      0.3821052D-01
 21731.01562500000      0.3822067D-01
 21779.58984375000      0.3822992D-01
 21779.64062500000      0.3823264D-01
 21782.38867187500      0.3839912D-01
 21787.88476562500      0.3839978D-01
 21837.88476562500      0.3840836D-01
 21887.88476562500      0.3841326D-01
 21937.88476562500      0.3842061D-01
 21987.88476562500      0.3842647D-01
 22037.88476562500      0.3843097D-01
 22042.08007812500      0.3843396D-01
 22042.17968750000      0.3843777D-01
 22045.02539062500      0.3874696D-01
 22050.71679687500      0.3874738D-01
 22100.71679687500      0.3875400D-01
 22150.71679687500      0.3875545D-01
 22179.16015625000      0.3876048D-01
 22179.25976562500      0.3876369D-01
 22182.11328125000      0.3906325D-01
 22187.82031250000      0.3906364D-01
 22237.82031250000      0.3907142D-01
 22287.82031250000      0.3907442D-01
 22337.82031250000      0.3908002D-01
 22387.82031250000      0.3908351D-01
 22437.82031250000      0.3908596D-01
 22487.82031250000      0.3908943D-01
 22537.82031250000      0.3909069D-01
 22587.82031250000      0.3909076D-01
 22609.51953125000      0.3909233D-01
 22609.63671875000      0.3909511D-01
 22612.51757812500      0.3942947D-01
 22618.28125000000      0.3942946D-01
 22668.28125000000      0.3943286D-01
 22718.28125000000      0.3943160D-01
 22768.28125000000      0.3943163D-01
 22818.28125000000      0.3943048D-01
 22868.28125000000      0.3942979D-01
 22912.89062500000      0.3942847D-01
 22913.03906250000      0.3983309D-01
 22914.81445312500      0.4016759D-01
 22918.36328125000      0.4017139D-01
 22968.36328125000      0.4017251D-01
 23018.36328125000      0.4017503D-01
 23068.36328125000      0.4017752D-01
 23118.36328125000      0.4017998D-01
 23168.36328125000      0.4018208D-01
 23218.36328125000      0.4018245D-01
 23240.42968750000      0.4018396D-01
 23240.51367187500      0.4018607D-01
 23243.43750000000      0.4040331D-01
 23249.28710937500      0.4040335D-01
 23299.28710937500      0.4040505D-01
 23349.28710937500      0.4040458D-01
 23399.28710937500      0.4040515D-01
 23449.28710937500      0.4040550D-01
 23499.28710937500      0.4040490D-01
 23549.28710937500      0.4040397D-01
 23583.11914062500      0.4040361D-01
 23583.25390625000      0.4040549D-01
 23586.20117187500      0.4073748D-01
 23592.09765625000      0.4073737D-01
 23642.09765625000      0.4073786D-01
 23692.09765625000      0.4073632D-01
 23742.09765625000      0.4073536D-01
 23792.09765625000      0.4073403D-01
 23842.09765625000      0.4073241D-01
 23892.09765625000      0.4073082D-01
 23942.09765625000      0.4072826D-01
 23953.24023437500      0.4072893D-01
 23953.33984375000      0.4073019D-01
 23956.32031250000      0.4096878D-01
 23962.28320312500      0.4096854D-01
 24012.28320312500      0.4096710D-01
 24062.28320312500      0.4096528D-01
 24112.28320312500      0.4096482D-01
 24150.10937500000      0.4096416D-01
 24150.17578125000      0.4096546D-01
 24153.14843750000      0.4112387D-01
 24159.09179687500      0.4112368D-01
 24209.09179687500      0.4112305D-01
 24259.09179687500      0.4112138D-01
 24309.09179687500      0.4112051D-01
 24359.09179687500      0.4111877D-01
 24409.09179687500      0.4111749D-01
 24459.09179687500      0.4111568D-01
 24509.09179687500      0.4111325D-01
 24559.09179687500      0.4111073D-01
 24561.33984375000      0.4111200D-01
 24561.49023437500      0.4111328D-01
 24563.25976562500      0.4144447D-01
 24566.80078125000      0.4144431D-01
 24616.80078125000      0.4144309D-01
 24666.80078125000      0.4144115D-01
 24716.80078125000      0.4143935D-01
 24766.80078125000      0.4143833D-01
 24816.80078125000      0.4143605D-01
 24866.80078125000      0.4143415D-01
 24916.80078125000      0.4143144D-01
 24966.80078125000      0.4142942D-01
 25016.80078125000      0.4142643D-01
 25018.26953125000      0.4142693D-01
 25019.76953125000      0.4142720D-01
 25021.80859375000      0.4142798D-01
 25025.88867187500      0.4143642D-01
 25075.88867187500      0.4145079D-01
 25125.88867187500      0.4146384D-01
 25175.88867187500      0.4148182D-01
 25225.88867187500      0.4149706D-01
 25275.88867187500      0.4151439D-01
 25325.88867187500      0.4153065D-01
 25342.92968750000      0.4153951D-01
 25392.92968750000      0.4155656D-01
 25442.92968750000      0.4156648D-01
 25492.92968750000      0.4158087D-01
 25542.92968750000      0.4159387D-01
 25559.36914062500      0.4160069D-01
 25559.38671875000      0.4160799D-01
 25562.21679687500      0.4160855D-01
 25567.87695312500      0.4162730D-01
 25617.87695312500      0.4163627D-01
 25667.87695312500      0.4164488D-01
 25717.87695312500      0.4165953D-01
 25767.87695312500      0.4167202D-01
 25817.87695312500      0.4168501D-01
 25867.87695312500      0.4169755D-01
 25882.14062500000      0.4170372D-01
 25882.15625000000      0.4171134D-01
 25884.96484375000      0.4171173D-01
 25890.57812500000      0.4172945D-01
 25940.57812500000      0.4173663D-01
 25990.57812500000      0.4174533D-01
 26040.57812500000      0.4176103D-01
 26090.57812500000      0.4177505D-01
 26140.57812500000      0.4178975D-01
 26190.57812500000      0.4180330D-01
 26203.05078125000      0.4181078D-01
 26203.25000000000      0.4254143D-01
 26205.54882812500      0.4306701D-01
 26210.15039062500      0.4310620D-01
 26260.15039062500      0.4312326D-01
 26310.15039062500      0.4314146D-01
 26360.15039062500      0.4316139D-01
 26410.15039062500      0.4318037D-01
 26432.93945312500      0.4319170D-01
 26433.27343750000      0.4319186D-01
 26435.70703125000      0.4319347D-01
 26440.57226562500      0.4319671D-01
 26490.57226562500      0.4328924D-01
 26540.57226562500      0.4332051D-01
 26590.57226562500      0.4336511D-01
 26640.57226562500      0.4340182D-01
 26690.57226562500      0.4343891D-01
 26739.66015625000      0.4347438D-01
 26739.69335937500      0.4348151D-01
 26742.25781250000      0.4363376D-01
 26747.38867187500      0.4363675D-01
 26797.38867187500      0.4367656D-01
 26847.38867187500      0.4370470D-01
 26897.38867187500      0.4374061D-01
 26947.38867187500      0.4377311D-01
 26997.38867187500      0.4380590D-01
 27047.38867187500      0.4383641D-01
 27049.81054687500      0.4384460D-01
 27099.81054687500      0.4387924D-01
 27149.81054687500      0.4390319D-01
 27153.18945312500      0.4391169D-01
 27153.42382812500      0.4476794D-01
 27155.79296875000      0.4536615D-01
 27160.53515625000      0.4542828D-01
 27210.53515625000      0.4546305D-01
 27260.53515625000      0.4550296D-01
 27310.53515625000      0.4553950D-01
 27360.53515625000      0.4557557D-01
 27377.50000000000      0.4559082D-01
 27427.50000000000      0.4562760D-01
 27477.50000000000      0.4565567D-01
 27527.50000000000      0.4568771D-01
 27577.50000000000      0.4571880D-01
 27601.81054687500      0.4573576D-01
 27601.84375000000      0.4574203D-01
 27604.79296875000      0.4574360D-01
 27610.69140625000      0.4578469D-01
 27660.69140625000      0.4581183D-01
 27710.69140625000      0.4584049D-01
 27760.69140625000      0.4587500D-01
 27810.69140625000      0.4590683D-01
 27823.43945312500      0.4591969D-01
 27823.62304687500      0.4655057D-01
 27826.86914062500      0.4699541D-01
 27835.07031250000      0.4704268D-01
 27885.07031250000      0.4707528D-01
 27935.07031250000      0.4710916D-01
 27985.07031250000      0.4714384D-01
 28035.07031250000      0.4717735D-01
 28060.68945312500      0.4719710D-01
 28060.77343750000      0.4720236D-01
 28063.65625000000      0.4720415D-01
 28069.42382812500      0.4730133D-01
 28119.42382812500      0.4733244D-01
 28169.42382812500      0.4736761D-01
 28219.42382812500      0.4740381D-01
 28269.42382812500      0.4743948D-01
 28290.57031250000      0.4745788D-01
 28290.58593750000      0.4746474D-01
 28293.53515625000      0.4746652D-01
 28299.43554687500      0.4748704D-01
 28349.43554687500      0.4751683D-01
 28399.43554687500      0.4754570D-01
 28449.43554687500      0.4758148D-01
 28499.43554687500      0.4761311D-01
 28519.03906250000      0.4762856D-01
 28519.07421875000      0.4763560D-01
 28521.89843750000      0.4775874D-01
 28527.54687500000      0.4776171D-01
 28577.54687500000      0.4779647D-01
 28627.54687500000      0.4782153D-01
 28677.54687500000      0.4785432D-01
 28727.54687500000      0.4788409D-01
 28750.34960937500      0.4789924D-01
 28750.44921875000      0.4790639D-01
 28753.33398437500      0.4825048D-01
 28759.10351562500      0.4825332D-01
 28809.10351562500      0.4830104D-01
 28859.10351562499      0.4832642D-01
 28909.10351562499      0.4835728D-01
 28959.10351562499      0.4838571D-01
 28990.68945312499      0.4840581D-01
 28990.80664062499      0.4841212D-01
 28993.71093750000      0.4841372D-01
 28999.51953124999      0.4855520D-01
 29049.51953124999      0.4858343D-01
 29099.51953124999      0.4862088D-01
 29149.51953124999      0.4865206D-01
 29199.51953124999      0.4868343D-01
 29220.57031250000      0.4869995D-01
 29220.58593750000      0.4870768D-01
 29223.36132812499      0.4876976D-01
 29228.90820312499      0.4877258D-01
 29278.90820312499      0.4880020D-01
 29328.90820312499      0.4882448D-01
 29378.90820312499      0.4885575D-01
 29428.90820312499      0.4888370D-01
 29451.89062500000      0.4890049D-01
 29452.95703124999      0.5083689D-01
 29455.09960937499      0.5272211D-01
 29459.38281250000      0.5272546D-01
 29509.38281250000      0.5276243D-01
 29559.38281250000      0.5280055D-01
 29609.38281250000      0.5283678D-01
 29644.66015624999      0.5286233D-01
 29645.09375000000      0.5286276D-01
 29647.33789062499      0.5286476D-01
 29651.82421874999      0.5286885D-01
 29701.82421874999      0.5293172D-01
 29751.82421874999      0.5297539D-01
 29801.82421874999      0.5302288D-01
 29851.82421874999      0.5306786D-01
 29901.82421874999      0.5311088D-01
 29951.82421874999      0.5315310D-01
 30001.82421874999      0.5319405D-01
 30051.82421874999      0.5323355D-01
 30099.71093750000      0.5327085D-01
 30100.24414062499      0.5327136D-01
 30102.45312500000      0.5327379D-01
 30106.87500000000      0.5327929D-01
 30156.87500000000      0.5333130D-01
 30206.87500000000      0.5338150D-01
 30219.88085937499      0.5340065D-01
 30221.16406250000      0.5538332D-01
 30223.28906250000      0.5730109D-01
 30227.54101562499      0.5730484D-01
 30277.54101562499      0.5734822D-01
 30327.54101562499      0.5739198D-01
 30377.54101562499      0.5743415D-01
 30427.54101562499      0.5747501D-01
 30460.21093750000      0.5750223D-01
 30461.69335937499      0.5750449D-01
 30463.84960937499      0.5750920D-01
 30468.16015624999      0.5752446D-01
 30518.16015624999      0.5762772D-01
 30568.16015624999      0.5773265D-01
 30571.68945312499      0.5774675D-01
 30571.72265624999      0.5775437D-01
 30574.66601562499      0.5786053D-01
 30580.55273437499      0.5787254D-01
 30630.55273437499      0.5798816D-01
 30680.55273437499      0.5808767D-01
 30730.55273437499      0.5819138D-01
 30780.55273437499      0.5828769D-01
 30797.36914062499      0.5832404D-01
 30797.40429687499      0.5833164D-01
 30800.29101562499      0.5843634D-01
 30806.06835937499      0.5844668D-01
 30856.06835937499      0.5854696D-01
 30906.06835937499      0.5863481D-01
 30956.06835937499      0.5872778D-01
 31006.06835937499      0.5881391D-01
 31025.83984374999      0.5885168D-01
 31026.12304687499      0.5961040D-01
 31028.60937500000      0.6011196D-01
 31033.58007812499      0.6020107D-01
 31083.58007812499      0.6028107D-01
 31133.58007812499      0.6036759D-01
 31153.46093750000      0.6040173D-01
 31153.67578124999      0.6040206D-01
 31156.27539062499      0.6040811D-01
 31161.47460937499      0.6041773D-01
 31211.47460937499      0.6054772D-01
 31261.47460937499      0.6063427D-01
 31270.58007812499      0.6066046D-01
 31270.77929687499      0.6119052D-01
 31274.02539062499      0.6153517D-01
 31282.82421874999      0.6161189D-01
 31332.82421874999      0.6169557D-01
 31382.82421874999      0.6178369D-01
 31432.82421874999      0.6186567D-01
 31482.82421874999      0.6194740D-01
 31524.08984374999      0.6201576D-01
 31524.42382812499      0.6202081D-01
 31526.77343750000      0.6202540D-01
 31531.47265624999      0.6203468D-01
 31581.47265624999      0.6212904D-01
 31631.47265624999      0.6222022D-01
 31635.57031250000      0.6223632D-01
 31635.58593750000      0.6224361D-01
 31638.53515624999      0.6229553D-01
 31644.43554687499      0.6230619D-01
 31694.43554687499      0.6239828D-01
 31744.43554687499      0.6248238D-01
 31794.43554687499      0.6257291D-01
 31844.43554687499      0.6265895D-01
 31859.88085937499      0.6269040D-01
 31859.89648437499      0.6269856D-01
 31862.75000000000      0.6275269D-01
 31868.45703124999      0.6276191D-01
 31918.45703124999      0.6284601D-01
 31968.45703124999      0.6292228D-01
 31972.71093750000      0.6293832D-01
 31972.72656250000      0.6294607D-01
 31975.75195312499      0.6299729D-01
 31981.80468750000      0.6300633D-01
 32031.80468750000      0.6308538D-01
 32081.80468750000      0.6315645D-01
 32131.80468750000      0.6323507D-01
 32181.80468750000      0.6330784D-01
 32199.77929687499      0.6333820D-01
 32199.81250000000      0.6334621D-01
 32202.72656250000      0.6344771D-01
 32208.55078124999      0.6345528D-01
 32258.55078124999      0.6353749D-01
 32308.55078124999      0.6360327D-01
 32314.72070312499      0.6362083D-01
 32364.72070312499      0.6369243D-01
 32414.72070312499      0.6375448D-01
 32429.66015624999      0.6378177D-01
 32429.67578124999      0.6378957D-01
 32432.58984374999      0.6384096D-01
 32438.41406250000      0.6384812D-01
 32488.41406250000      0.6391245D-01
 32538.41406250000      0.6397044D-01
 32588.41406250000      0.6403530D-01
 32638.41406250000      0.6409666D-01
 32660.98046874999      0.6412756D-01
 32661.06250000000      0.6413582D-01
 32664.03515624999      0.6413958D-01
 32669.98046874999      0.6425834D-01
 32719.98046874999      0.6432088D-01
 32769.98046874999      0.6439839D-01
 32773.14062500000      0.6440655D-01
 32773.19140624999      0.6441715D-01
 32776.23046874999      0.6456190D-01
 32782.30859374999      0.6456930D-01
 32832.30859374999      0.6465261D-01
 32882.30859374999      0.6471064D-01
 32932.30859374999      0.6477924D-01
 32982.30859374999      0.6484044D-01
 33032.30859374999      0.6490151D-01
 33082.30859374999      0.6496205D-01
 33115.82812500000      0.6500316D-01
 33115.86328124999      0.6501142D-01
 33118.69140624999      0.6511622D-01
 33124.35546874999      0.6512251D-01
 33174.35546874999      0.6519403D-01
 33224.35546874999      0.6524719D-01
 33274.35546874999      0.6531025D-01
 33324.35546874999      0.6536710D-01
 33347.14843750000      0.6539758D-01
 33347.16796874999      0.6540569D-01
 33350.01953124999      0.6545760D-01
 33355.72656250000      0.6546336D-01
 33405.72656250000      0.6551893D-01
 33455.72656250000      0.6556769D-01
 33463.53906250000      0.6558477D-01
 33463.57421874999      0.6559365D-01
 33466.56640624999      0.6559668D-01
 33472.55468750000      0.6564620D-01
 33522.55468750000      0.6569608D-01
 33572.55468750000      0.6574846D-01
 33578.48046874999      0.6576478D-01
 33578.59765624999      0.6577466D-01
 33581.67578124999      0.6608999D-01
 33587.82812500000      0.6609602D-01
 33637.82812500000      0.6620194D-01
 33687.82812500000      0.6625266D-01
 33737.82812500000      0.6631919D-01
 33787.82812500000      0.6637155D-01
 33818.82031250000      0.6640849D-01
 33818.90234374999      0.6641550D-01
 33821.89062500000      0.6664481D-01
 33827.86718750000      0.6665065D-01
 33877.86718750000      0.6673493D-01
 33927.86718750000      0.6678206D-01
 33977.86718750000      0.6684025D-01
 34027.86718750000      0.6688966D-01
 34067.21093750000      0.6693155D-01
 34067.41015624999      0.6742163D-01
 34070.65625000000      0.6773272D-01
 34079.86328124999      0.6780725D-01
 34129.86328124999      0.6786001D-01
 34179.86328124999      0.6791998D-01
 34202.28906250000      0.6794673D-01
 34202.52343750000      0.6846932D-01
 34205.02734374999      0.6881893D-01
 34210.03515624999      0.6887800D-01
 34260.03515624999      0.6893267D-01
 34310.03515624999      0.6899143D-01
 34352.75000000000      0.6903961D-01
 34352.93359374999      0.6942818D-01
 34356.17968750000      0.6969979D-01
 34364.60937500000      0.6974120D-01
 34414.60937500000      0.6979452D-01
 34464.60937500000      0.6984838D-01
 34514.60937500000      0.6990544D-01
 34517.96875000000      0.6991170D-01
 34518.17187500000      0.6991193D-01
 34521.41406250000      0.6991585D-01
 34530.29296874999      0.6992655D-01
 34580.29296874999      0.7000307D-01
 34630.29296874999      0.7006072D-01
 34667.21093750000      0.7010818D-01
 34667.24218750000      0.7011174D-01
 34670.44921874999      0.7011551D-01
 34676.86328124999      0.7014880D-01
 34726.86328124999      0.7020534D-01
 34776.86328124999      0.7026213D-01
 34814.08984374999      0.7030708D-01
 34814.10546874999      0.7031160D-01
 34817.35156250000      0.7031513D-01
 34823.97656250000      0.7033436D-01
 34873.97656250000      0.7038791D-01
 34923.97656250000      0.7044064D-01
 34959.80078124999      0.7048268D-01
 35009.80078124999      0.7053877D-01
 35059.80078124999      0.7059240D-01
 35109.80078124999      0.7064828D-01
 35159.80078124999      0.7070167D-01
 35209.80078124999      0.7075487D-01
 35251.23046874999      0.7079832D-01
 35251.37890624999      0.7080273D-01
 35253.17578124999      0.7112905D-01
 35256.76171874999      0.7113256D-01
 35306.76171874999      0.7121471D-01
 35356.76171874999      0.7126131D-01
 35406.76171874999      0.7131389D-01
 35408.05078124999      0.7131774D-01
 35408.10156250000      0.7132240D-01
 35411.26953124999      0.7142946D-01
 35417.60546874999      0.7143521D-01
 35467.60546874999      0.7149039D-01
 35517.60546874999      0.7153427D-01
 35567.60546874999      0.7158304D-01
 35568.96875000000      0.7158709D-01
 35569.20312500000      0.7158744D-01
 35571.82812500000      0.7159089D-01
 35577.07421874999      0.7159641D-01
 35627.07421874999      0.7167590D-01
 35677.07421874999      0.7172719D-01
 35712.42968750000      0.7177092D-01
 35712.44531250000      0.7177488D-01
 35715.26562500000      0.7181768D-01
 35720.90234374999      0.7182337D-01
 35770.90234374999      0.7187633D-01
 35820.90234374999      0.7192498D-01
 35870.90234374999      0.7197858D-01
 35920.90234374999      0.7202945D-01
 35970.90234374999      0.7207948D-01
 36001.57812500000      0.7211245D-01
 36051.57812500000      0.7216223D-01
 36101.57812500000      0.7220786D-01
 36146.14843750000      0.7225280D-01
 36146.39843750000      0.7275700D-01
 36148.92187500000      0.7309701D-01
 36153.96875000000      0.7315286D-01
 36203.96875000000      0.7320298D-01
 36253.96875000000      0.7325681D-01
 36303.96875000000      0.7330840D-01
 36353.96875000000      0.7335919D-01
 36403.96875000000      0.7340906D-01
 36453.96875000000      0.7345835D-01
 36473.69140624999      0.7347958D-01
 36473.75781250000      0.7348352D-01
 36476.92187500000      0.7348660D-01
 36483.25781250000      0.7354236D-01
 36533.25781250000      0.7358963D-01
 36583.25781250000      0.7363923D-01
 36631.85937500000      0.7368763D-01
 36632.01171874999      0.7369115D-01
 36635.18750000000      0.7369444D-01
 36641.54687500000      0.7382616D-01
 36691.54687500000      0.7387910D-01
 36741.54687500000      0.7394736D-01
 36791.54687500000      0.7400020D-01
 36841.54687500000      0.7405656D-01
 36891.54687500000      0.7411079D-01
 36925.58984374999      0.7414909D-01
 36925.70703124999      0.7415348D-01
 36928.87500000000      0.7439702D-01
 36935.20703124999      0.7440326D-01
 36985.20703124999      0.7448268D-01
 37035.20703124999      0.7453092D-01
 37081.10937500000      0.7458237D-01
 37081.14453124999      0.7458545D-01
 37084.39062500000      0.7458849D-01
 37091.16015624999      0.7461964D-01
 37141.16015624999      0.7466771D-01
 37191.16015624999      0.7471667D-01
 37234.03906250000      0.7476085D-01
 37234.07421874999      0.7476498D-01
 37237.09765624999      0.7484023D-01
 37243.15234374999      0.7484630D-01
 37293.15234374999      0.7490317D-01
 37343.15234374999      0.7495094D-01
 37389.55078124999      0.7499995D-01
 37389.71484374999      0.7500011D-01
 37392.96093750000      0.7500499D-01
 37402.87109374999      0.7501537D-01
 37452.87109374999      0.7508945D-01
 37502.87109374999      0.7514063D-01
 37552.87109374999      0.7519881D-01
 37602.87109374999      0.7525211D-01
 37652.87109374999      0.7530632D-01
 37676.46093750000      0.7533322D-01
 37676.55859374999      0.7533898D-01
 37679.76953124999      0.7554710D-01
 37686.18750000000      0.7555348D-01
 37736.18750000000      0.7563084D-01
 37786.18750000000      0.7567852D-01
 37826.92187500000      0.7572483D-01
 37827.00390624999      0.7572854D-01
 37830.25000000000      0.7573196D-01
 37836.78906250000      0.7581031D-01
 37886.78906250000      0.7586286D-01
 37936.78906250000      0.7592386D-01
 37971.48828124999      0.7596336D-01
 37971.52343750000      0.7596818D-01
 37974.76953124999      0.7597148D-01
 37981.52343750000      0.7600626D-01
 38031.52343750000      0.7605843D-01
 38081.52343750000      0.7611181D-01
 38113.85156250000      0.7615085D-01
 38113.88281250000      0.7615592D-01
 38117.01953124999      0.7623084D-01
 38123.28906250000      0.7623734D-01
 38173.28906250000      0.7629885D-01
 38223.28906250000      0.7634875D-01
 38258.42187500000      0.7639042D-01
 38258.53515624999      0.7639482D-01
 38261.78125000000      0.7639832D-01
 38268.31640624999      0.7651384D-01
 38318.31640624999      0.7656814D-01
 38368.31640624999      0.7663871D-01
 38395.50000000000      0.7666945D-01
 38445.50000000000      0.7673080D-01
 38495.50000000000      0.7678653D-01
 38532.57812500000      0.7683343D-01
 38582.57812500000      0.7689214D-01
 38632.57812500000      0.7694844D-01
 38669.66015624999      0.7699347D-01
 38669.67578124999      0.7699819D-01
 38672.92187500000      0.7700173D-01
 38680.28125000000      0.7702164D-01
 38730.28125000000      0.7707436D-01
 38780.28125000000      0.7712716D-01
 38805.73046874999      0.7716092D-01
 38805.74609374999      0.7716663D-01
 38808.78515624999      0.7720722D-01
 38814.86328124999      0.7721363D-01
 38864.86328124999      0.7727011D-01
 38914.86328124999      0.7732105D-01
 38942.80859374999      0.7735735D-01
 38992.80859374999      0.7741287D-01
 39042.80859374999      0.7746567D-01
 39079.89062500000      0.7750986D-01
 39129.89062500000      0.7756671D-01
 39179.89062500000      0.7762077D-01
 39229.89062500000      0.7767790D-01
 39279.89062500000      0.7773351D-01
 39329.89062500000      0.7778893D-01
 39354.05078124999      0.7781844D-01
 39354.16796874999      0.7782475D-01
 39357.41406250000      0.7805916D-01
 39364.03906250000      0.7806575D-01
 39414.03906250000      0.7815614D-01
 39464.03906250000      0.7820593D-01
 39498.62890624999      0.7825096D-01
 39498.67968750000      0.7825472D-01
 39501.92578124999      0.7825803D-01
 39508.80078124999      0.7830793D-01
 39558.80078124999      0.7835922D-01
 39608.80078124999      0.7841478D-01
 39658.80078124999      0.7847280D-01
 39708.80078124999      0.7853062D-01
 39758.80078124999      0.7858778D-01
 39781.14843750000      0.7861611D-01
 39781.18359374999      0.7862233D-01
 39784.42968750000      0.7862581D-01
 39791.23046874999      0.7866278D-01
 39841.23046874999      0.7871576D-01
 39891.23046874999      0.7877104D-01
 39920.30078124999      0.7880771D-01
 39920.35156250000      0.7881349D-01
 39923.59375000000      0.7881705D-01
 39930.49609374999      0.7885842D-01
 39980.49609374999      0.7891697D-01
 40030.49609374999      0.7897518D-01
 40056.37109374999      0.7900516D-01
 40056.43750000000      0.7900523D-01
 40059.68359374999      0.7913925D-01
 40066.34765624999      0.7914704D-01
 40116.34765624999      0.7921892D-01
 40166.34765624999      0.7927583D-01
 40196.57031250000      0.7931879D-01
 40196.58593750000      0.7932368D-01
 40199.58593750000      0.7936410D-01
 40205.58593750000      0.7937087D-01
 40255.58593750000      0.7943393D-01
 40305.58593750000      0.7949217D-01
 40337.82812500000      0.7953694D-01
 40337.91406250000      0.7953706D-01
 40341.16015624999      0.7954101D-01
 40348.00000000000      0.7954944D-01
 40398.00000000000      0.7961023D-01
 40448.00000000000      0.7967058D-01
 40473.89843750000      0.7970160D-01
 40473.96484374999      0.7983453D-01
 40477.21093750000      0.7996985D-01
 40483.89453124999      0.7997817D-01
 40533.89453124999      0.8004002D-01
 40583.89453124999      0.8010119D-01
 40614.10156250000      0.8013798D-01
 40614.16796874999      0.8013801D-01
 40617.41406250000      0.8014218D-01
 40624.32421874999      0.8015099D-01
 40674.32421874999      0.8021420D-01
 40724.32421874999      0.8027673D-01
 40774.32421874999      0.8033857D-01
 40824.32421874999      0.8040014D-01
 40874.32421874999      0.8046352D-01
 40886.23828124999      0.8047863D-01
 40936.23828124999      0.8054148D-01
 40986.23828124999      0.8060396D-01
 41022.30859374999      0.8064871D-01
 41022.32812500000      0.8064874D-01
 41025.57031250000      0.8065292D-01
 41032.50390624999      0.8066178D-01
 41082.50390624999      0.8072414D-01
 41132.50390624999      0.8078625D-01
 41157.39062500000      0.8081694D-01
 41157.42187500000      0.8081707D-01
 41160.66796874999      0.8088837D-01
 41167.34375000000      0.8089669D-01
 41217.34375000000      0.8095790D-01
 41267.34375000000      0.8101872D-01
 41294.46875000000      0.8105168D-01
 41294.76953124999      0.8105198D-01
 41297.70312500000      0.8159610D-01
 41303.56640624999      0.8160307D-01
 41353.56640624999      0.8167090D-01
 41403.56640624999      0.8172903D-01
 41452.62890624999      0.8179434D-01
 41453.14843750000      0.8179516D-01
 41455.15625000000      0.8179851D-01
 41459.17578124999      0.8180635D-01
 41500.71875000000      0.8187559D-01
 41550.71875000000      0.8195809D-01
 41577.67187500000      0.8200233D-01
 41577.68750000000      0.8200230D-01
 41580.92187500000      0.8204292D-01
 41587.39453124999      0.8205356D-01
 41637.39453124999      0.8213430D-01
 41687.39453124999      0.8221429D-01
 41737.39453124999      0.8229350D-01
 41787.39453124999      0.8237193D-01
 41829.44921874999      0.8243757D-01
 41829.48437500000      0.8243762D-01
 41832.68359374999      0.8251434D-01
 41839.08203124999      0.8252429D-01
 41889.08203124999      0.8260112D-01
 41939.08203124999      0.8267737D-01
 41957.07031250000      0.8270459D-01
 41957.13671874999      0.8284856D-01
 41960.38281250000      0.8299664D-01
 41967.15234374999      0.8300763D-01
 42017.15234374999      0.8308797D-01
 42067.15234374999      0.8316746D-01
 42088.32031250000      0.8320087D-01
 42088.48828124999      0.8320119D-01
 42090.47265624999      0.8320481D-01
 42094.44921874999      0.8321223D-01
 42144.44921874999      0.8330063D-01
 42194.44921874999      0.8338812D-01
 42244.44921874999      0.8347492D-01
 42294.44921874999      0.8356086D-01
 42333.42968750000      0.8362737D-01
 42333.44531250000      0.8362751D-01
 42336.52734374999      0.8366968D-01
 42342.68359374999      0.8368012D-01
 42392.68359374999      0.8376443D-01
 42442.68359374999      0.8384801D-01
 42492.68359374999      0.8393165D-01
 42542.68359374999      0.8401671D-01
 42580.17187500000      0.8408002D-01
 42580.30468750000      0.8437248D-01
 42583.55078124999      0.8466589D-01
 42590.25781250000      0.8467787D-01
 42640.25781250000      0.8476618D-01
 42690.25781250000      0.8485350D-01
 42710.48828124999      0.8488870D-01
 42760.48828124999      0.8497466D-01
 42810.48828124999      0.8505987D-01
 42860.48828124999      0.8514415D-01
 42910.48828124999      0.8522765D-01
 42960.48828124999      0.8531052D-01
 42971.12890624999      0.8532885D-01
 43021.12890624999      0.8541646D-01
 43071.12890624999      0.8550383D-01
 43101.44921874999      0.8555651D-01
 43101.46484374999      0.8555655D-01
 43104.71093750000      0.8556216D-01
 43111.47656250000      0.8557446D-01
 43161.47656250000      0.8566143D-01
 43211.47656250000      0.8574779D-01
 43261.47656250000      0.8583350D-01
 43311.47656250000      0.8591856D-01
 43360.26953124999      0.8600102D-01
 43360.37109374999      0.8621292D-01
 43363.61718750000      0.8642808D-01
 43370.35156250000      0.8644000D-01
 43420.35156250000      0.8652713D-01
 43470.35156250000      0.8661348D-01
 43520.35156250000      0.8669981D-01
 43570.35156250000      0.8678707D-01
 43620.35156250000      0.8687355D-01
 43630.42968750000      0.8689107D-01
 43630.87890624999      0.8689214D-01
 43634.02343750000      0.8689981D-01
 43640.30859374999      0.8691566D-01
 43690.30859374999      0.8703591D-01
 43740.30859374999      0.8715488D-01
 43743.26953124999      0.8716196D-01
 43743.35156250000      0.8737177D-01
 43746.55859374999      0.8758669D-01
 43752.96484374999      0.8760214D-01
 43802.96484374999      0.8772194D-01
 43852.96484374999      0.8784031D-01
 43859.66015624999      0.8785612D-01
 43909.66015624999      0.8797307D-01
 43959.66015624999      0.8808875D-01
 43976.03906250000      0.8812733D-01
 43976.55859374999      0.8914740D-01
 43979.70703124999      0.9014048D-01
 43986.00390624999      0.9015609D-01
 44036.00390624999      0.9027833D-01
 44086.00390624999      0.9039853D-01
 44120.62109374999      0.9048057D-01
 44170.62109374999      0.9059707D-01
 44220.62109374999      0.9071171D-01
 44265.19921874999      0.9081306D-01
 44265.33203124999      0.9081343D-01
 44268.57812500000      0.9082159D-01
 44275.47656250000      0.9083883D-01
 44325.47656250000      0.9096160D-01
 44375.47656250000      0.9108233D-01
 44401.26953124999      0.9114405D-01
 44401.40234374999      0.9114439D-01
 44404.64843750000      0.9115271D-01
 44411.40625000000      0.9117018D-01
 44461.40625000000      0.9129760D-01
 44511.40625000000      0.9142286D-01
 44561.40625000000      0.9154633D-01
 44611.40625000000      0.9167116D-01
 44661.40625000000      0.9179455D-01
 44711.40625000000      0.9191839D-01
 44761.40625000000      0.9204148D-01
 44786.80078124999      0.9210348D-01
 44787.05078124999      0.9258900D-01
 44790.29687500000      0.9307272D-01
 44797.00781250000      0.9308958D-01
 44847.00781250000      0.9321304D-01
 44897.00781250000      0.9333450D-01
 44930.26171874999      0.9341443D-01
 44930.44921874999      0.9414311D-01
 44930.64062500000      0.9476528D-01
 44930.83203124999      0.9537779D-01
 44931.01953124999      0.9580706D-01
 44931.21093750000      0.9624524D-01
 44931.40234374999      0.9663600D-01
 44931.59375000000      0.9698217D-01
 44931.78125000000      0.9728997D-01
 44931.97265624999      0.9756563D-01
 44932.16406250000      0.9781841D-01
 44932.35546874999      0.9804816D-01
 44932.41015624999      0.9827447D-01
 44932.43750000000      0.9834288D-01
 44932.46875000000      0.9834288D-01
 44932.50000000000      0.9834288D-01
 44932.52734374999      0.9834278D-01
 44932.55859374999      0.9834274D-01
 44932.58593750000      0.9834278D-01
 44932.61718750000      0.9834284D-01
 44932.64453124999      0.9834289D-01
 44932.67578124999      0.9834294D-01
 44932.70312500000      0.9834298D-01
 44932.72656250000      0.9834299D-01
 44932.78515624999      0.9834313D-01
 44933.32421874999      0.9834927D-01
 44933.76171874999      0.9834971D-01
 44934.22656250000      0.9835060D-01
 44934.44140624999      0.9835109D-01
 44934.47656250000      0.9835146D-01
 44934.49218750000      0.9835154D-01
 44934.52734374999      0.9835167D-01
 44934.69140624999      0.9835274D-01
 44935.07812500000      0.9835654D-01
 44935.24218750000      0.9835836D-01
 44935.39453124999      0.9836037D-01
 44935.42578124999      0.9836077D-01
 44935.67578124999      0.9836955D-01
 44935.92578124999      0.9840299D-01
 44935.96093750000      0.9841175D-01
 44936.16015624999      0.9855458D-01
 44936.17578124999      0.9856785D-01
 44936.42578124999      0.9909151D-01
 44936.54296874999      0.9942892D-01
 44937.60156250000      0.1007943D+00
 44939.72265624999      0.1021818D+00
 44942.52734374999      0.1033204D+00
 44942.55859374999      0.1033357D+00
 44942.67578124999      0.1033877D+00
 44942.71093750000      0.1035880D+00
 44942.80859374999      0.1070416D+00
 44942.84375000000      0.1090525D+00
 44942.87500000000      0.1108023D+00
 44942.96875000000      0.1142816D+00
 44943.16406250000      0.1168731D+00
 44943.55859374999      0.1188598D+00
 44946.92578124999      0.1238364D+00
 44946.94140624999      0.1244872D+00
 44946.96093750000      0.1288193D+00
 44946.97656250000      0.1310582D+00
 44946.99609374999      0.1320562D+00
 44947.01171874999      0.1322953D+00
 44947.03906250000      0.1324416D+00
 44947.09765624999      0.1328970D+00
 44947.12890624999      0.1332759D+00
 44947.14062500000      0.1336032D+00
 44947.14843750000      0.1338489D+00
 44947.16015624999      0.1340597D+00
 44947.16796874999      0.1342589D+00
 44947.17968750000      0.1344431D+00
 44947.18750000000      0.1346136D+00
 44947.19921874999      0.1347717D+00
 44947.20703124999      0.1349184D+00
 44947.21875000000      0.1350550D+00
 44947.22656250000      0.1351749D+00
 44947.23437500000      0.1352936D+00
