 0.000000000000000      0.0000000D+00
0.1000000014901161      0.3126240D-05
0.3000000119209288      0.2188366D-04
0.6006559729576110      0.7834049D-04
0.9013119935989378      0.1630563D-03
 1.201967954635620      0.2760311D-03
 1.502623915672302      0.4172643D-03
 1.803279876708984      0.5867559D-03
 2.103935956954956      0.7845052D-03
 2.404591798782348      0.1010512D-02
 2.705247640609741      0.1264775D-02
 3.005903959274291      0.1547294D-02
 3.299999952316284      0.1850684D-02
 3.901312112808227      0.2470993D-02
 6.180442810058593      0.4821988D-02
 56.18044281005859      0.5633101D-01
 93.45999908447265      0.9469874D-01
 94.64333343505858      0.9635013D-01
 96.44628906249999      0.9886564D-01
 100.0521850585937      0.1038956D+00
 150.0521850585937      0.1734242D+00
 200.0521850585937      0.2427415D+00
 250.0521850585937      0.3118582D+00
 299.8500061035155      0.3804912D+00
 300.2333374023437      0.3809761D+00
 302.0973815917968      0.3833325D+00
 305.8254699707031      0.3880446D+00
 355.8254699707031      0.4511057D+00
 405.8254699707031      0.5140309D+00
 455.8254699707031      0.5768217D+00
 505.8254699707031      0.6394753D+00
 555.8254394531249      0.7019953D+00
 605.8254394531248      0.7643832D+00
 655.8254394531248      0.8266412D+00
 675.9799804687499      0.8517148D+00
 676.4633178710936      0.8523790D+00
 678.3071899414062      0.8549189D+00
 681.9948730468748      0.8599952D+00
 731.9948730468748      0.9286404D+00
 781.9948730468748      0.9971092D+00
 831.9948730468748      0.1065408D+01
 881.9948730468748      0.1133543D+01
 931.9948730468748      0.1201512D+01
 945.1500244140623      0.1219382D+01
 946.0499877929685      0.1220385D+01
 947.8235473632810      0.1222362D+01
 951.3707885742186      0.1226316D+01
 1001.370788574219      0.1281973D+01
 1051.370849609375      0.1337553D+01
 1101.370849609375      0.1393053D+01
 1151.370849609375      0.1448469D+01
 1196.359985351562      0.1498264D+01
 1197.493286132812      0.1499852D+01
 1199.242675781250      0.1502295D+01
 1202.741210937500      0.1507193D+01
 1252.741210937500      0.1576827D+01
 1302.741210937500      0.1646267D+01
 1324.420043945312      0.1676347D+01
 1324.520019531250      0.1676483D+01
 1326.813232421875      0.1679617D+01
 1331.399658203125      0.1685875D+01
 1381.399658203125      0.1753984D+01
 1431.399658203125      0.1821990D+01
 1481.399658203125      0.1889865D+01
 1531.399658203125      0.1957614D+01
 1581.399658203125      0.2025233D+01
 1585.989990234375      0.2031439D+01
 1586.606689453125      0.2032183D+01
 1588.367309570312      0.2034307D+01
 1591.888793945312      0.2038553D+01
 1641.888793945312      0.2098778D+01
 1691.888793945312      0.2158911D+01
 1741.888793945312      0.2218947D+01
 1791.888793945312      0.2278875D+01
 1811.660034179687      0.2302554D+01
 1811.693359375000      0.2302594D+01
 1814.108032226562      0.2305504D+01
 1818.937377929687      0.2311325D+01
 1868.937377929687      0.2371493D+01
 1886.280029296875      0.2392349D+01
 1886.313354492187      0.2392389D+01
 1888.796630859375      0.2395355D+01
 1893.763305664062      0.2401285D+01
 1943.763305664062      0.2460892D+01
 1993.763305664062      0.2520406D+01
 2036.739990234375      0.2571494D+01
 2086.739990234375      0.2630843D+01
 2136.739990234375      0.2690103D+01
 2186.739990234375      0.2749277D+01
 2236.739990234375      0.2808365D+01
 2262.409912109375      0.2838680D+01
 2262.459960937500      0.2838739D+01
 2265.020507812500      0.2841792D+01
 2270.141845703125      0.2847899D+01
 2320.141845703125      0.2907441D+01
 2370.141845703125      0.2966887D+01
 2420.141845703125      0.3026256D+01
 2470.141845703125      0.3085544D+01
 2520.141845703125      0.3144754D+01
 2559.689941406250      0.3191540D+01
 2559.739990234375      0.3191600D+01
 2562.415039062500      0.3194793D+01
 2567.764648437500      0.3201182D+01
 2617.764648437500      0.3260815D+01
 2667.764648437500      0.3320355D+01
 2717.764648437500      0.3379823D+01
 2767.764648437500      0.3439218D+01
 2780.000000000000      0.3453749D+01
 2780.033447265625      0.3453788D+01
 2782.460449218750      0.3456655D+01
 2787.314941406250      0.3462385D+01
 2837.314941406250      0.3521324D+01
 2887.314941406249      0.3580186D+01
 2937.314941406249      0.3638977D+01
 2987.314941406249      0.3697700D+01
 3002.070068359374      0.3715025D+01
 3002.086669921874      0.3715044D+01
 3004.472412109374      0.3717838D+01
 3009.244140624999      0.3723424D+01
 3059.244140624999      0.3781878D+01
 3109.244140624999      0.3840254D+01
 3159.244140624999      0.3898566D+01
 3209.244140624999      0.3956814D+01
 3225.030029296874      0.3975199D+01
 3225.046630859374      0.3975219D+01
 3227.392578124999      0.3977943D+01
 3232.084228515624      0.3983391D+01
 3282.084228515624      0.4041377D+01
 3332.084228515624      0.4099290D+01
 3382.084228515624      0.4157142D+01
 3432.084228515624      0.4214932D+01
 3482.084228515624      0.4272662D+01
 3523.500000000000      0.4320442D+01
 3573.500000000000      0.4378067D+01
 3598.120117187499      0.4406429D+01
 3598.136718750000      0.4406448D+01
 3600.363037109374      0.4409006D+01
 3604.815429687499      0.4414121D+01
 3654.815429687499      0.4471487D+01
 3704.815429687499      0.4528783D+01
 3754.815429687499      0.4586016D+01
 3804.815429687499      0.4643184D+01
 3854.815429687499      0.4700285D+01
 3897.810058593749      0.4749338D+01
 3898.026611328124      0.4749576D+01
 3899.930908203124      0.4751659D+01
 3903.739257812499      0.4755825D+01
 3953.739257812499      0.4810472D+01
 4003.739257812499      0.4865057D+01
 4053.739257812499      0.4919585D+01
 4103.739257812499      0.4974050D+01
 4135.060058593749      0.5008143D+01
 4135.160156250000      0.5008255D+01
 4137.785156250000      0.5011165D+01
 4143.034179687499      0.5016993D+01
 4193.034179687499      0.5072432D+01
 4212.169921874999      0.5093634D+01
 4212.653320312499      0.5094117D+01
 4214.574707031249      0.5096031D+01
 4218.416992187499      0.5099859D+01
 4268.416992187499      0.5149635D+01
 4318.416992187499      0.5199364D+01
 4368.416992187499      0.5249049D+01
 4387.580078124999      0.5268082D+01
 4387.613281250000      0.5268115D+01
 4390.301757812499      0.5270764D+01
 4395.679199218749      0.5276060D+01
 4445.679199218749      0.5325256D+01
 4476.120117187499      0.5355191D+01
 4476.169921874999      0.5355241D+01
 4478.925781250000      0.5357984D+01
 4484.437011718749      0.5363470D+01
 4534.437011718749      0.5413200D+01
 4563.410156250000      0.5441998D+01
 4563.426757812499      0.5442015D+01
 4566.115234374999      0.5444677D+01
 4571.492675781249      0.5449999D+01
 4621.492675781249      0.5499442D+01
 4651.109863281249      0.5528713D+01
 4651.160156250000      0.5528762D+01
 4653.838378906249      0.5531377D+01
 4659.194824218749      0.5536605D+01
 4709.194824218749      0.5585361D+01
 4740.080078124999      0.5615460D+01
 4740.129882812499      0.5615509D+01
 4742.850097656249      0.5618126D+01
 4748.290039062499      0.5623361D+01
 4798.290039062499      0.5671424D+01
 4848.290039062499      0.5719447D+01
 4898.290039062499      0.5767429D+01
 4920.629882812499      0.5788860D+01
 4920.663574218749      0.5788892D+01
 4923.448242187499      0.5791586D+01
 4929.018554687499      0.5796974D+01
 4979.018554687499      0.5845299D+01
 5029.018554687499      0.5893580D+01
 5079.018554687499      0.5941820D+01
 5099.430175781249      0.5961507D+01
 5099.546875000000      0.5961616D+01
 5102.300292968749      0.5964194D+01
 5107.807617187499      0.5969347D+01
 5157.807617187499      0.6016092D+01
 5207.807617187499      0.6062803D+01
 5257.807617187499      0.6109478D+01
 5307.807617187499      0.6156116D+01
 5357.807617187499      0.6202717D+01
 5407.807617187499      0.6249281D+01
 5457.807617187499      0.6295810D+01
 5469.540039062499      0.6306726D+01
 5469.589843750000      0.6306772D+01
 5472.360351562499      0.6309383D+01
 5477.900878906249      0.6314605D+01
 5527.900878906249      0.6361692D+01
 5560.700195312499      0.6392562D+01
 5610.700195312499      0.6439587D+01
 5660.700195312499      0.6486574D+01
 5710.700195312499      0.6533525D+01
 5743.020019531249      0.6563859D+01
 5743.053222656249      0.6563890D+01
 5745.742187500000      0.6566393D+01
 5751.119140624999      0.6571396D+01
 5801.119140624999      0.6617881D+01
 5835.089843749999      0.6649448D+01
 5835.106445312499      0.6649463D+01
 5837.754394531248      0.6651913D+01
 5843.050292968748      0.6656813D+01
 5893.050292968748      0.6703034D+01
 5927.620117187499      0.6734974D+01
 5927.753417968748      0.6735092D+01
 5930.543945312499      0.6737580D+01
 5936.125000000000      0.6742554D+01
 5986.125000000000      0.6787073D+01
 6024.000000000000      0.6820780D+01
 6024.966796874999      0.6821838D+01
 6026.853027343749      0.6823895D+01
 6030.626464843749      0.6828012D+01
 6080.626464843749      0.6882380D+01
 6098.020019531248      0.6901265D+01
 6099.186523437498      0.6902243D+01
 6101.078125000000      0.6903829D+01
 6104.862304687499      0.6906998D+01
 6154.862304687499      0.6948861D+01
 6200.830078124999      0.6987332D+01
 6201.263183593748      0.6987645D+01
 6203.229980468748      0.6989065D+01
 6207.163574218749      0.6991904D+01
 6257.163574218749      0.7027967D+01
 6307.163574218749      0.7064012D+01
 6321.000000000000      0.7073985D+01
 6321.850097656249      0.7074782D+01
 6323.776367187499      0.7076587D+01
 6327.629394531248      0.7080198D+01
 6377.629394531248      0.7127001D+01
 6411.270019531248      0.7158467D+01
 6411.286621093748      0.7158483D+01
 6413.924316406248      0.7160940D+01
 6419.200195312499      0.7165854D+01
 6469.200195312499      0.7212397D+01
 6501.979980468748      0.7242895D+01
 6502.029785156249      0.7242940D+01
 6504.722167968748      0.7245415D+01
 6510.105957031248      0.7250361D+01
 6560.105957031248      0.7296265D+01
 6610.105957031248      0.7342136D+01
 6660.105957031248      0.7387976D+01
 6686.120117187499      0.7411817D+01
 6686.203125000000      0.7411891D+01
 6688.940429687499      0.7414348D+01
 6694.414550781249      0.7419257D+01
 6744.414550781249      0.7464065D+01
 6780.540039062499      0.7496426D+01
 6780.556640624999      0.7496440D+01
 6783.214355468748      0.7498811D+01
 6788.530761718749      0.7503551D+01
 6838.530761718749      0.7548109D+01
 6888.530761718749      0.7592634D+01
 6938.530761718749      0.7637131D+01
 6970.339843749999      0.7665427D+01
 6970.373535156249      0.7665457D+01
 6973.093261718749      0.7667855D+01
 6978.533203124999      0.7672651D+01
 7028.533203124999      0.7716698D+01
 7078.533203124999      0.7760715D+01
 7128.533203124999      0.7804706D+01
 7178.533203124999      0.7848667D+01
 7228.533203124999      0.7892600D+01
 7278.533203124999      0.7936505D+01
 7328.533203124999      0.7980382D+01
 7353.870117187498      0.8002608D+01
 7353.886718749999      0.8002623D+01
 7356.524414062498      0.8004927D+01
 7361.800292968748      0.8009534D+01
 7411.800292968748      0.8053168D+01
 7461.800292968748      0.8096775D+01
 7511.800292968748      0.8140354D+01
 7546.640136718748      0.8170707D+01
 7546.939941406248      0.8170988D+01
 7548.914062500000      0.8172840D+01
 7552.860351562498      0.8176542D+01
 7602.860351562498      0.8223396D+01
 7634.759765624999      0.8253272D+01
 7634.810058593748      0.8253318D+01
 7637.454589843747      0.8255769D+01
 7642.743652343747      0.8260666D+01
 7692.743652343747      0.8306936D+01
 7742.743652343747      0.8353179D+01
 7792.743652343747      0.8399394D+01
 7813.560058593748      0.8418629D+01
 7814.143554687498      0.8419088D+01
 7816.089355468748      0.8420620D+01
 7819.982421874999      0.8423681D+01
 7869.982421874999      0.8462984D+01
 7919.982421874999      0.8502268D+01
 7969.982421874999      0.8541532D+01
 8019.982421874999      0.8580772D+01
 8028.740234374999      0.8587646D+01
 8029.206542968748      0.8588061D+01
 8031.179687500000      0.8589829D+01
 8035.125976562498      0.8593363D+01
 8085.125976562498      0.8638090D+01
 8135.125976562498      0.8682787D+01
 8185.125976562498      0.8727454D+01
 8213.799804687498      0.8753063D+01
 8213.916992187498      0.8753164D+01
 8216.628906249999      0.8755518D+01
 8222.053710937498      0.8760221D+01
 8272.053710937498      0.8803542D+01
 8309.679687500000      0.8836131D+01
 8309.730468749999      0.8836173D+01
 8312.442382812499      0.8838493D+01
 8317.869140624999      0.8843130D+01
 8367.869140624999      0.8885831D+01
 8407.080078124999      0.8919304D+01
 8407.113281249999      0.8919333D+01
 8409.909179687498      0.8921741D+01
 8415.501953124999      0.8926557D+01
 8465.501953124999      0.8969593D+01
 8515.501953124999      0.9012602D+01
 8565.501953124999      0.9055587D+01
 8615.501953124999      0.9098547D+01
 8665.501953124999      0.9141481D+01
 8696.230468749999      0.9167858D+01
 8696.346679687498      0.9167954D+01
 8699.105468749999      0.9170250D+01
 8704.622070312499      0.9174836D+01
 8754.622070312499      0.9216378D+01
 8804.622070312499      0.9257900D+01
 8854.622070312499      0.9299400D+01
 8896.290039062498      0.9333969D+01
 8896.356445312499      0.9334023D+01
 8899.097656249999      0.9336254D+01
 8904.580078124999      0.9340715D+01
 8954.580078124999      0.9381380D+01
 9004.580078124999      0.9422024D+01
 9054.580078124999      0.9462646D+01
 9100.769531249999      0.9500155D+01
 9100.836914062498      0.9500208D+01
 9103.599609374999      0.9502409D+01
 9109.125976562498      0.9506807D+01
 9159.125976562498      0.9546585D+01
 9209.125976562498      0.9586342D+01
 9259.125976562498      0.9626078D+01
 9309.125976562498      0.9665795D+01
 9309.879882812499      0.9666393D+01
 9309.962890624999      0.9666458D+01
 9312.797851562498      0.9668653D+01
 9318.467773437498      0.9673041D+01
 9368.467773437498      0.9711719D+01
 9418.467773437498      0.9750378D+01
 9468.467773437498      0.9789019D+01
 9518.467773437498      0.9827641D+01
 9525.059570312499      0.9832732D+01
 9525.193359374999      0.9832830D+01
 9528.055664062498      0.9834947D+01
 9533.779296874999      0.9839178D+01
 9583.779296874999      0.9876120D+01
 9633.779296874999      0.9913046D+01
 9683.779296874999      0.9949954D+01
 9733.779296874999      0.9986846D+01
 9750.740234374999      0.9999358D+01
 9750.773437500000      0.9999382D+01
 9753.625976562498      0.1000146D+02
 9759.333007812499      0.1000563D+02
 9809.333007812499      0.1004207D+02
 9859.333007812499      0.1007850D+02
 9909.333007812499      0.1011492D+02
 9959.333007812499      0.1015131D+02
 9979.200195312499      0.1016577D+02
 9979.316406249999      0.1016585D+02
 9982.216796874999      0.1016788D+02
 9988.018554687498      0.1017193D+02
 10038.01855468750      0.1020682D+02
 10088.01855468750      0.1024170D+02
 10138.01855468750      0.1027656D+02
 10188.01855468750      0.1031141D+02
 10217.98046875000      0.1033229D+02
 10218.03027343750      0.1033232D+02
 10220.90234375000      0.1033429D+02
 10226.64843750000      0.1033822D+02
 10276.64843750000      0.1037240D+02
 10326.64843750000      0.1040657D+02
 10376.64843750000      0.1044072D+02
 10426.64843750000      0.1047486D+02
 10461.48046875000      0.1049864D+02
 10461.61328125000      0.1049872D+02
 10464.56152343750      0.1050063D+02
 10470.45703125000      0.1050446D+02
 10520.45703125000      0.1053685D+02
 10570.45703125000      0.1056923D+02
 10589.99023437500      0.1058187D+02
 10590.05664062500      0.1058191D+02
 10593.01855468750      0.1058378D+02
 10598.94238281250      0.1058751D+02
 10648.94238281250      0.1061901D+02
 10698.94238281250      0.1065049D+02
 10748.94238281250      0.1068195D+02
 10798.94238281250      0.1071341D+02
 10848.94238281250      0.1074486D+02
 10854.34960937500      0.1074826D+02
 10854.43359375000      0.1074831D+02
 10857.43066406250      0.1075013D+02
 10863.42578125000      0.1075377D+02
 10913.42578125000      0.1078410D+02
 10963.42578125000      0.1081443D+02
 10991.42968750000      0.1083142D+02
 10991.53027343750      0.1083147D+02
 10994.55175781250      0.1083323D+02
 11000.59570312500      0.1083673D+02
 11050.59570312500      0.1086573D+02
 11100.59570312500      0.1089471D+02
 11150.59570312500      0.1092369D+02
 11200.59570312500      0.1095265D+02
 11250.59570312500      0.1098160D+02
 11278.33984375000      0.1099767D+02
 11278.42285156250      0.1099771D+02
 11281.47070312500      0.1099941D+02
 11287.56542968750      0.1100281D+02
 11337.56542968750      0.1103064D+02
 11387.56542968750      0.1105847D+02
 11437.56542968750      0.1108629D+02
 11487.56542968750      0.1111410D+02
 11537.56542968750      0.1114190D+02
 11576.82031250000      0.1116372D+02
 11576.88671875000      0.1116376D+02
 11579.94238281250      0.1116541D+02
 11586.05468750000      0.1116869D+02
 11636.05468750000      0.1119560D+02
 11686.05468750000      0.1122249D+02
 11731.03027343750      0.1124668D+02
 11731.78027343750      0.1124722D+02
 11733.80761718750      0.1124870D+02
 11737.86230468750      0.1125166D+02
 11787.86230468750      0.1128813D+02
 11837.86230468750      0.1132459D+02
 11843.19042968750      0.1132847D+02
 11843.50683593750      0.1132873D+02
 11845.50976562500      0.1133034D+02
 11849.51562500000      0.1133355D+02
 11899.51562500000      0.1137364D+02
 11949.51562500000      0.1141371D+02
 11999.51562500000      0.1145376D+02
 12044.33984375000      0.1148965D+02
 12044.37304687500      0.1148968D+02
 12047.26171875000      0.1149201D+02
 12053.03906250000      0.1149668D+02
 12103.03906250000      0.1153707D+02
 12153.03906250000      0.1157743D+02
 12203.03906250000      0.1161777D+02
 12243.32031250000      0.1165026D+02
 12293.32031250000      0.1169058D+02
 12343.32031250000      0.1173088D+02
 12393.32031250000      0.1177116D+02
 12442.30957031250      0.1181062D+02
 12442.36035156250      0.1181066D+02
 12445.19433593750      0.1181297D+02
 12450.86230468750      0.1181760D+02
 12500.86230468750      0.1185838D+02
 12550.86230468750      0.1189913D+02
 12600.86230468750      0.1193987D+02
 12650.86230468750      0.1198060D+02
 12700.86230468750      0.1202131D+02
 12736.04980468750      0.1204995D+02
 12736.06640625000      0.1204996D+02
 12739.01562500000      0.1205238D+02
 12744.91503906250      0.1205720D+02
 12794.91503906250      0.1209805D+02
 12844.91503906250      0.1213888D+02
 12894.91503906250      0.1217970D+02
 12930.83984375000      0.1220902D+02
 12980.83984375000      0.1224981D+02
 13030.83984375000      0.1229058D+02
 13080.83984375000      0.1233134D+02
 13125.63964843750      0.1236784D+02
 13125.72363281250      0.1236791D+02
 13128.53027343750      0.1237025D+02
 13134.14550781250      0.1237492D+02
 13184.14550781250      0.1241648D+02
 13220.54003906250      0.1244671D+02
 13220.55664062500      0.1244673D+02
 13223.12695312500      0.1244886D+02
 13228.26660156250      0.1245311D+02
 13278.26660156250      0.1249447D+02
 13328.26660156250      0.1253581D+02
 13378.26660156250      0.1257714D+02
 13411.32031250000      0.1260445D+02
 13461.32031250000      0.1264575D+02
 13511.32031250000      0.1268703D+02
 13561.32031250000      0.1272830D+02
 13602.09960937500      0.1276195D+02
 13602.16699218750      0.1276200D+02
 13604.97070312500      0.1276435D+02
 13610.58007812500      0.1276905D+02
 13660.58007812500      0.1281093D+02
 13710.58007812500      0.1285279D+02
 13760.58007812500      0.1289462D+02
 13810.58007812500      0.1293645D+02
 13860.58007812500      0.1297826D+02
 13910.58007812500      0.1302005D+02
 13960.58007812500      0.1306183D+02
 14010.58007812500      0.1310359D+02
 14060.58007812500      0.1314534D+02
 14069.41015625000      0.1315271D+02
 14119.41015625000      0.1319445D+02
 14162.87988281250      0.1323071D+02
 14162.91308593750      0.1323074D+02
 14165.56640625000      0.1323294D+02
 14170.87207031250      0.1323733D+02
 14220.87207031250      0.1327872D+02
 14270.87207031250      0.1332008D+02
 14320.87207031250      0.1336143D+02
 14351.70996093750      0.1338693D+02
 14351.72656250000      0.1338694D+02
 14354.35449218750      0.1338910D+02
 14359.61035156250      0.1339343D+02
 14409.61035156250      0.1343460D+02
 14459.61035156250      0.1347574D+02
 14509.61035156250      0.1351687D+02
 14541.50976562500      0.1354311D+02
 14541.55957031250      0.1354315D+02
 14544.35937500000      0.1354547D+02
 14549.95996093750      0.1355013D+02
 14599.95996093750      0.1359171D+02
 14649.95996093750      0.1363326D+02
 14699.95996093750      0.1367479D+02
 14749.95996093750      0.1371631D+02
 14799.95996093750      0.1375782D+02
 14821.90039062500      0.1377602D+02
 14822.13378906250      0.1377623D+02
 14824.18847656250      0.1377802D+02
 14828.29882812500      0.1378159D+02
 14878.29882812500      0.1382502D+02
 14928.29882812500      0.1386842D+02
 14978.29882812500      0.1391181D+02
 15028.29882812500      0.1395520D+02
 15078.29882812500      0.1399858D+02
 15083.76953125000      0.1400333D+02
 15083.78710937500      0.1400334D+02
 15086.49609375000      0.1400569D+02
 15091.91503906250      0.1401037D+02
 15141.91503906250      0.1405361D+02
 15191.91503906250      0.1409683D+02
 15241.91503906250      0.1414004D+02
 15291.91503906250      0.1418323D+02
 15341.91503906250      0.1422642D+02
 15346.87988281250      0.1423071D+02
 15396.87988281250      0.1427388D+02
 15434.58984375000      0.1430643D+02
 15434.94042968750      0.1430671D+02
 15436.94824218750      0.1430832D+02
 15440.96582031250      0.1431153D+02
 15490.96582031250      0.1435150D+02
 15540.96582031250      0.1439146D+02
 15590.96582031250      0.1443141D+02
 15629.37988281250      0.1446209D+02
 15679.37988281250      0.1450200D+02
 15729.37988281250      0.1454189D+02
 15779.37988281250      0.1458177D+02
 15824.17968750000      0.1461749D+02
 15824.64648437500      0.1461782D+02
 15826.64746093750      0.1461921D+02
 15830.64843750000      0.1462199D+02
 15880.64843750000      0.1465677D+02
 15930.64843750000      0.1469153D+02
 15980.64843750000      0.1472628D+02
 16030.64843750000      0.1476101D+02
 16052.63964843750      0.1477629D+02
 16052.69042968750      0.1477632D+02
 16055.50878906250      0.1477831D+02
 16061.14648437500      0.1478229D+02
 16111.14648437500      0.1481758D+02
 16161.14648437500      0.1485285D+02
 16211.14648437500      0.1488811D+02
 16261.14648437500      0.1492335D+02
 16276.95996093750      0.1493449D+02
 16277.69335937500      0.1493512D+02
 16279.65429687500      0.1493678D+02
 16283.57812500000      0.1494009D+02
 16333.57812500000      0.1498231D+02
 16365.50000000000      0.1500924D+02
 16365.70019531250      0.1500941D+02
 16367.81054687500      0.1501125D+02
 16372.03320312500      0.1501491D+02
 16422.03320312500      0.1505832D+02
 16472.03320312500      0.1510171D+02
 16522.03320312500      0.1514509D+02
 16572.03320312500      0.1518848D+02
 16622.03320312500      0.1523185D+02
 16672.03320312500      0.1527522D+02
 16700.43945312500      0.1529986D+02
 16700.45703125000      0.1529988D+02
 16702.95312500000      0.1530204D+02
 16707.94726562500      0.1530636D+02
 16757.94726562500      0.1534962D+02
 16807.94726562500      0.1539288D+02
 16857.94726562500      0.1543613D+02
 16868.67968750000      0.1544542D+02
 16918.67968750000      0.1548866D+02
 16968.67968750000      0.1553189D+02
 17018.67968750000      0.1557512D+02
 17036.91015625000      0.1559087D+02
 17037.02734375000      0.1559097D+02
 17039.66015625000      0.1559322D+02
 17044.92773437500      0.1559769D+02
 17094.92773437500      0.1564016D+02
 17144.92773437500      0.1568263D+02
 17194.92773437500      0.1572509D+02
 17244.92773437500      0.1576755D+02
 17294.92773437500      0.1580998D+02
 17344.92773437500      0.1585241D+02
 17384.42968750000      0.1588592D+02
 17434.42968750000      0.1592833D+02
 17484.42968750000      0.1597072D+02
 17534.42968750000      0.1601310D+02
 17558.19921875000      0.1603325D+02
 17558.21679687500      0.1603326D+02
 17560.74023437500      0.1603539D+02
 17565.78710937500      0.1603966D+02
 17615.78710937500      0.1608191D+02
 17665.78710937500      0.1612415D+02
 17715.78710937500      0.1616637D+02
 17732.77929687500      0.1618072D+02
 17733.34570312500      0.1618115D+02
 17735.40429687500      0.1618268D+02
 17739.51953125000      0.1618575D+02
 17789.51953125000      0.1622295D+02
 17839.51953125000      0.1626015D+02
 17889.51953125000      0.1629733D+02
 17939.51953125000      0.1633450D+02
 17940.71093750000      0.1633538D+02
 17940.72656250000      0.1633539D+02
 17943.45703125000      0.1633741D+02
 17948.91796875000      0.1634145D+02
 17998.91796875000      0.1637843D+02
 18048.91796875000      0.1641538D+02
 18098.91796875000      0.1645233D+02
 18148.91796875000      0.1648925D+02
 18198.91796875000      0.1652617D+02
 18248.91796875000      0.1656306D+02
 18254.35937500000      0.1656708D+02
 18254.39257812500      0.1656710D+02
 18257.12890625000      0.1656910D+02
 18262.60156250000      0.1657310D+02
 18312.60156250000      0.1660964D+02
 18362.60156250000      0.1664616D+02
 18412.60156250000      0.1668266D+02
 18462.60156250000      0.1671915D+02
 18465.84960937500      0.1672152D+02
 18515.84960937500      0.1675800D+02
 18565.84960937500      0.1679446D+02
 18615.84960937500      0.1683090D+02
 18665.84960937500      0.1686734D+02
 18677.34960937500      0.1687572D+02
 18677.48242187500      0.1687582D+02
 18679.07617187500      0.1687702D+02
 18682.25976562500      0.1687943D+02
 18732.25976562500      0.1691717D+02
 18778.47070312500      0.1695202D+02
 18778.48632812500      0.1695204D+02
 18780.97460937500      0.1695390D+02
 18785.94921875000      0.1695764D+02
 18835.94921875000      0.1699518D+02
 18885.94921875000      0.1703271D+02
 18935.94921875000      0.1707022D+02
 18985.94921875000      0.1710772D+02
 19035.94921875000      0.1714520D+02
 19083.50976562500      0.1718085D+02
 19083.59375000000      0.1718091D+02
 19086.27343750000      0.1718287D+02
 19091.63476562500      0.1718680D+02
 19141.63476562500      0.1722343D+02
 19191.63476562500      0.1726005D+02
 19241.63476562500      0.1729665D+02
 19291.63476562500      0.1733324D+02
 19292.60937500000      0.1733396D+02
 19292.66015625000      0.1733399D+02
 19295.40820312500      0.1733598D+02
 19300.90625000000      0.1733994D+02
 19350.90625000000      0.1737601D+02
 19400.90625000000      0.1741206D+02
 19450.90625000000      0.1744810D+02
 19500.90625000000      0.1748413D+02
 19505.32031250000      0.1748731D+02
 19505.36914062500      0.1748735D+02
 19508.13671875000      0.1748931D+02
 19513.66992187500      0.1749324D+02
 19563.66992187500      0.1752873D+02
 19613.66992187500      0.1756421D+02
 19663.66992187500      0.1759968D+02
 19713.66992187500      0.1763513D+02
 19721.75976562500      0.1764087D+02
 19771.75976562500      0.1767631D+02
 19821.75976562500      0.1771173D+02
 19871.75976562500      0.1774715D+02
 19921.75976562500      0.1778255D+02
 19971.75976562500      0.1781794D+02
 20021.75976562500      0.1785332D+02
 20046.41992187500      0.1787076D+02
 20046.47070312500      0.1787080D+02
 20049.26953125000      0.1787281D+02
 20054.86914062500      0.1787683D+02
 20104.86914062500      0.1791270D+02
 20154.86914062500      0.1794856D+02
 20204.86914062500      0.1798440D+02
 20254.86914062500      0.1802024D+02
 20259.13085937500      0.1802329D+02
 20259.16406250000      0.1802331D+02
 20261.93750000000      0.1802528D+02
 20267.48437500000      0.1802922D+02
 20317.48437500000      0.1806470D+02
 20366.72070312500      0.1809962D+02
 20367.00390625000      0.1809980D+02
 20369.07031250000      0.1810114D+02
 20373.20507812500      0.1810382D+02
 20423.20507812500      0.1813619D+02
 20473.20507812500      0.1816855D+02
 20486.10937500000      0.1817690D+02
 20486.71093750000      0.1817736D+02
 20488.73242187500      0.1817891D+02
 20492.77929687500      0.1818202D+02
 20542.77929687500      0.1822036D+02
 20583.00000000000      0.1825118D+02
 20583.43359375000      0.1825148D+02
 20585.55078125000      0.1825292D+02
 20589.78710937500      0.1825582D+02
 20639.78710937500      0.1828992D+02
 20689.78710937500      0.1832402D+02
 20739.78710937500      0.1835811D+02
 20789.78710937500      0.1839218D+02
 20807.31054687500      0.1840412D+02
 20807.41015625000      0.1840419D+02
 20810.15625000000      0.1840600D+02
 20815.65039062500      0.1840962D+02
 20865.65039062500      0.1844260D+02
 20915.65039062500      0.1847557D+02
 20965.65039062500      0.1850852D+02
 21015.65039062500      0.1854147D+02
 21040.08007812500      0.1855756D+02
 21040.11328125000      0.1855758D+02
 21042.85351562500      0.1855937D+02
 21048.33789062500      0.1856294D+02
 21098.33789062500      0.1859550D+02
 21148.33789062500      0.1862805D+02
 21198.33789062500      0.1866059D+02
 21248.33789062500      0.1869312D+02
 21275.82031250000      0.1871099D+02
 21275.93750000000      0.1871107D+02
 21278.71875000000      0.1871280D+02
 21284.28125000000      0.1871628D+02
 21334.28125000000      0.1874748D+02
 21384.28125000000      0.1877868D+02
 21434.28125000000      0.1880986D+02
 21484.28125000000      0.1884104D+02
 21522.56054687500      0.1886490D+02
 21522.66015625000      0.1886496D+02
 21525.44531250000      0.1886664D+02
 21531.01562500000      0.1886998D+02
 21581.01562500000      0.1889999D+02
 21631.01562500000      0.1892999D+02
 21681.01562500000      0.1895999D+02
 21731.01562500000      0.1898997D+02
 21779.58984375000      0.1901910D+02
 21779.64062500000      0.1901912D+02
 21782.38867187500      0.1902074D+02
 21787.88476562500      0.1902397D+02
 21837.88476562500      0.1905336D+02
 21887.88476562500      0.1908273D+02
 21937.88476562500      0.1911210D+02
 21987.88476562500      0.1914146D+02
 22037.88476562500      0.1917081D+02
 22042.08007812500      0.1917327D+02
 22042.17968750000      0.1917333D+02
 22045.02539062500      0.1917494D+02
 22050.71679687500      0.1917814D+02
 22100.71679687500      0.1920630D+02
 22150.71679687500      0.1923446D+02
 22179.16015625000      0.1925048D+02
 22179.25976562500      0.1925053D+02
 22182.11328125000      0.1925207D+02
 22187.82031250000      0.1925515D+02
 22237.82031250000      0.1928210D+02
 22287.82031250000      0.1930904D+02
 22337.82031250000      0.1933598D+02
 22387.82031250000      0.1936291D+02
 22437.82031250000      0.1938983D+02
 22487.82031250000      0.1941674D+02
 22537.82031250000      0.1944365D+02
 22587.82031250000      0.1947055D+02
 22609.51953125000      0.1948223D+02
 22609.63671875000      0.1948229D+02
 22612.51757812500      0.1948376D+02
 22618.28125000000      0.1948669D+02
 22668.28125000000      0.1951218D+02
 22718.28125000000      0.1953765D+02
 22768.28125000000      0.1956313D+02
 22818.28125000000      0.1958859D+02
 22868.28125000000      0.1961405D+02
 22912.89062500000      0.1963675D+02
 22913.03906250000      0.1963682D+02
 22914.81445312500      0.1963766D+02
 22918.36328125000      0.1963934D+02
 22968.36328125000      0.1966295D+02
 23018.36328125000      0.1968657D+02
 23068.36328125000      0.1971017D+02
 23118.36328125000      0.1973377D+02
 23168.36328125000      0.1975736D+02
 23218.36328125000      0.1978095D+02
 23240.42968750000      0.1979136D+02
 23240.51367187500      0.1979140D+02
 23243.43750000000      0.1979272D+02
 23249.28710937500      0.1979536D+02
 23299.28710937500      0.1981791D+02
 23349.28710937500      0.1984047D+02
 23399.28710937500      0.1986301D+02
 23449.28710937500      0.1988555D+02
 23499.28710937500      0.1990809D+02
 23549.28710937500      0.1993062D+02
 23583.11914062500      0.1994586D+02
 23583.25390625000      0.1994592D+02
 23586.20117187500      0.1994715D+02
 23592.09765625000      0.1994961D+02
 23642.09765625000      0.1997049D+02
 23692.09765625000      0.1999136D+02
 23742.09765625000      0.2001223D+02
 23792.09765625000      0.2003310D+02
 23842.09765625000      0.2005396D+02
 23892.09765625000      0.2007482D+02
 23942.09765625000      0.2009567D+02
 23953.24023437500      0.2010032D+02
 23953.33984375000      0.2010036D+02
 23956.32031250000      0.2010153D+02
 23962.28320312500      0.2010386D+02
 24012.28320312500      0.2012347D+02
 24062.28320312500      0.2014308D+02
 24112.28320312500      0.2016268D+02
 24150.10937500000      0.2017751D+02
 24150.17578125000      0.2017753D+02
 24153.14843750000      0.2017865D+02
 24159.09179687500      0.2018088D+02
 24209.09179687500      0.2019965D+02
 24259.09179687500      0.2021841D+02
 24309.09179687500      0.2023717D+02
 24359.09179687500      0.2025592D+02
 24409.09179687500      0.2027468D+02
 24459.09179687500      0.2029343D+02
 24509.09179687500      0.2031217D+02
 24559.09179687500      0.2033092D+02
 24561.33984375000      0.2033176D+02
 24561.49023437500      0.2033181D+02
 24563.25976562500      0.2033241D+02
 24566.80078125000      0.2033360D+02
 24616.80078125000      0.2035048D+02
 24666.80078125000      0.2036735D+02
 24716.80078125000      0.2038422D+02
 24766.80078125000      0.2040108D+02
 24816.80078125000      0.2041795D+02
 24866.80078125000      0.2043481D+02
 24916.80078125000      0.2045167D+02
 24966.80078125000      0.2046852D+02
 25016.80078125000      0.2048538D+02
 25018.26953125000      0.2048587D+02
 25019.76953125000      0.2048691D+02
 25021.80859375000      0.2048831D+02
 25025.88867187500      0.2049110D+02
 25075.88867187500      0.2052535D+02
 25125.88867187500      0.2055957D+02
 25175.88867187500      0.2059379D+02
 25225.88867187500      0.2062799D+02
 25275.88867187500      0.2066220D+02
 25325.88867187500      0.2069639D+02
 25342.92968750000      0.2070805D+02
 25392.92968750000      0.2074224D+02
 25442.92968750000      0.2077642D+02
 25492.92968750000      0.2081059D+02
 25542.92968750000      0.2084475D+02
 25559.36914062500      0.2085598D+02
 25559.38671875000      0.2085599D+02
 25562.21679687500      0.2085793D+02
 25567.87695312500      0.2086182D+02
 25617.87695312500      0.2089613D+02
 25667.87695312500      0.2093043D+02
 25717.87695312500      0.2096473D+02
 25767.87695312500      0.2099901D+02
 25817.87695312500      0.2103329D+02
 25867.87695312500      0.2106756D+02
 25882.14062500000      0.2107734D+02
 25882.15625000000      0.2107735D+02
 25884.96484375000      0.2107928D+02
 25890.57812500000      0.2108315D+02
 25940.57812500000      0.2111757D+02
 25990.57812500000      0.2115199D+02
 26040.57812500000      0.2118639D+02
 26090.57812500000      0.2122079D+02
 26140.57812500000      0.2125518D+02
 26190.57812500000      0.2128956D+02
 26203.05078125000      0.2129814D+02
 26203.25000000000      0.2129827D+02
 26205.54882812500      0.2129976D+02
 26210.15039062500      0.2130274D+02
 26260.15039062500      0.2133512D+02
 26310.15039062500      0.2136749D+02
 26360.15039062500      0.2139986D+02
 26410.15039062500      0.2143221D+02
 26432.93945312500      0.2144696D+02
 26433.27343750000      0.2144720D+02
 26435.70703125000      0.2144893D+02
 26440.57226562500      0.2145239D+02
 26490.57226562500      0.2148791D+02
 26540.57226562500      0.2152341D+02
 26590.57226562500      0.2155891D+02
 26640.57226562500      0.2159440D+02
 26690.57226562500      0.2162989D+02
 26739.66015625000      0.2166473D+02
 26739.69335937500      0.2166475D+02
 26742.25781250000      0.2166656D+02
 26747.38867187500      0.2167017D+02
 26797.38867187500      0.2170536D+02
 26847.38867187500      0.2174053D+02
 26897.38867187500      0.2177571D+02
 26947.38867187500      0.2181087D+02
 26997.38867187500      0.2184604D+02
 27047.38867187500      0.2188119D+02
 27049.81054687500      0.2188289D+02
 27099.81054687500      0.2191805D+02
 27149.81054687500      0.2195319D+02
 27153.18945312500      0.2195556D+02
 27153.42382812500      0.2195572D+02
 27155.79296875000      0.2195728D+02
 27160.53515625000      0.2196040D+02
 27210.53515625000      0.2199331D+02
 27260.53515625000      0.2202621D+02
 27310.53515625000      0.2205910D+02
 27360.53515625000      0.2209199D+02
 27377.50000000000      0.2210314D+02
 27427.50000000000      0.2213602D+02
 27477.50000000000      0.2216888D+02
 27527.50000000000      0.2220174D+02
 27577.50000000000      0.2223459D+02
 27601.81054687500      0.2225056D+02
 27601.84375000000      0.2225058D+02
 27604.79296875000      0.2225254D+02
 27610.69140625000      0.2225646D+02
 27660.69140625000      0.2228963D+02
 27710.69140625000      0.2232279D+02
 27760.69140625000      0.2235594D+02
 27810.69140625000      0.2238909D+02
 27823.43945312500      0.2239754D+02
 27823.62304687500      0.2239765D+02
 27826.86914062500      0.2239968D+02
 27835.07031250000      0.2240481D+02
 27885.07031250000      0.2243607D+02
 27935.07031250000      0.2246731D+02
 27985.07031250000      0.2249855D+02
 28035.07031250000      0.2252978D+02
 28060.68945312500      0.2254578D+02
 28060.77343750000      0.2254584D+02
 28063.65625000000      0.2254769D+02
 28069.42382812500      0.2255139D+02
 28119.42382812500      0.2258348D+02
 28169.42382812500      0.2261555D+02
 28219.42382812500      0.2264762D+02
 28269.42382812500      0.2267968D+02
 28290.57031250000      0.2269323D+02
 28290.58593750000      0.2269324D+02
 28293.53515625000      0.2269514D+02
 28299.43554687500      0.2269895D+02
 28349.43554687500      0.2273116D+02
 28399.43554687500      0.2276337D+02
 28449.43554687500      0.2279557D+02
 28499.43554687500      0.2282777D+02
 28519.03906250000      0.2284039D+02
 28519.07421875000      0.2284041D+02
 28521.89843750000      0.2284221D+02
 28527.54687500000      0.2284581D+02
 28577.54687500000      0.2287766D+02
 28627.54687500000      0.2290949D+02
 28677.54687500000      0.2294132D+02
 28727.54687500000      0.2297314D+02
 28750.34960937500      0.2298765D+02
 28750.44921875000      0.2298771D+02
 28753.33398437500      0.2298949D+02
 28759.10351562500      0.2299304D+02
 28809.10351562500      0.2302380D+02
 28859.10351562499      0.2305456D+02
 28909.10351562499      0.2308531D+02
 28959.10351562499      0.2311605D+02
 28990.68945312499      0.2313547D+02
 28990.80664062499      0.2313554D+02
 28993.71093750000      0.2313740D+02
 28999.51953124999      0.2314111D+02
 29049.51953124999      0.2317305D+02
 29099.51953124999      0.2320498D+02
 29149.51953124999      0.2323691D+02
 29199.51953124999      0.2326883D+02
 29220.57031250000      0.2328226D+02
 29220.58593750000      0.2328227D+02
 29223.36132812499      0.2328403D+02
 29228.90820312499      0.2328756D+02
 29278.90820312499      0.2331930D+02
 29328.90820312499      0.2335103D+02
 29378.90820312499      0.2338275D+02
 29428.90820312499      0.2341447D+02
 29451.89062500000      0.2342904D+02
 29452.95703124999      0.2342946D+02
 29455.09960937499      0.2343030D+02
 29459.38281250000      0.2343197D+02
 29509.38281250000      0.2345148D+02
 29559.38281250000      0.2347099D+02
 29609.38281250000      0.2349049D+02
 29644.66015624999      0.2350425D+02
 29645.09375000000      0.2350446D+02
 29647.33789062499      0.2350557D+02
 29651.82421874999      0.2350778D+02
 29701.82421874999      0.2353243D+02
 29751.82421874999      0.2355708D+02
 29801.82421874999      0.2358171D+02
 29851.82421874999      0.2360635D+02
 29901.82421874999      0.2363097D+02
 29951.82421874999      0.2365560D+02
 30001.82421874999      0.2368021D+02
 30051.82421874999      0.2370482D+02
 30099.71093750000      0.2372839D+02
 30100.24414062499      0.2372872D+02
 30102.45312500000      0.2373007D+02
 30106.87500000000      0.2373277D+02
 30156.87500000000      0.2376333D+02
 30206.87500000000      0.2379387D+02
 30219.88085937499      0.2380182D+02
 30221.16406250000      0.2380222D+02
 30223.28906250000      0.2380288D+02
 30227.54101562499      0.2380421D+02
 30277.54101562499      0.2381983D+02
 30327.54101562499      0.2383545D+02
 30377.54101562499      0.2385107D+02
 30427.54101562499      0.2386669D+02
 30460.21093750000      0.2387689D+02
 30461.69335937499      0.2387786D+02
 30463.84960937499      0.2387927D+02
 30468.16015624999      0.2388208D+02
 30518.16015624999      0.2391459D+02
 30568.16015624999      0.2394708D+02
 30571.68945312499      0.2394937D+02
 30571.72265624999      0.2394939D+02
 30574.66601562499      0.2395129D+02
 30580.55273437499      0.2395508D+02
 30630.55273437499      0.2398724D+02
 30680.55273437499      0.2401940D+02
 30730.55273437499      0.2405155D+02
 30780.55273437499      0.2408369D+02
 30797.36914062499      0.2409450D+02
 30797.40429687499      0.2409452D+02
 30800.29101562499      0.2409636D+02
 30806.06835937499      0.2410003D+02
 30856.06835937499      0.2413184D+02
 30906.06835937499      0.2416363D+02
 30956.06835937499      0.2419542D+02
 31006.06835937499      0.2422721D+02
 31025.83984374999      0.2423977D+02
 31026.12304687499      0.2423994D+02
 31028.60937500000      0.2424137D+02
 31033.58007812499      0.2424423D+02
 31083.58007812499      0.2427304D+02
 31133.58007812499      0.2430184D+02
 31153.46093750000      0.2431329D+02
 31153.67578124999      0.2431343D+02
 31156.27539062499      0.2431505D+02
 31161.47460937499      0.2431828D+02
 31211.47460937499      0.2434936D+02
 31261.47460937499      0.2438042D+02
 31270.58007812499      0.2438608D+02
 31270.77929687499      0.2438620D+02
 31274.02539062499      0.2438807D+02
 31282.82421874999      0.2439317D+02
 31332.82421874999      0.2442212D+02
 31382.82421874999      0.2445107D+02
 31432.82421874999      0.2448001D+02
 31482.82421874999      0.2450894D+02
 31524.08984374999      0.2453281D+02
 31524.42382812499      0.2453303D+02
 31526.77343750000      0.2453455D+02
 31531.47265624999      0.2453759D+02
 31581.47265624999      0.2456994D+02
 31631.47265624999      0.2460228D+02
 31635.57031250000      0.2460493D+02
 31635.58593750000      0.2460494D+02
 31638.53515624999      0.2460684D+02
 31644.43554687499      0.2461063D+02
 31694.43554687499      0.2464281D+02
 31744.43554687499      0.2467497D+02
 31794.43554687499      0.2470713D+02
 31844.43554687499      0.2473928D+02
 31859.88085937499      0.2474921D+02
 31859.89648437499      0.2474922D+02
 31862.75000000000      0.2475105D+02
 31868.45703124999      0.2475470D+02
 31918.45703124999      0.2478669D+02
 31968.45703124999      0.2481866D+02
 31972.71093750000      0.2482138D+02
 31972.72656250000      0.2482139D+02
 31975.75195312499      0.2482332D+02
 31981.80468750000      0.2482717D+02
 32031.80468750000      0.2485898D+02
 32081.80468750000      0.2489077D+02
 32131.80468750000      0.2492257D+02
 32181.80468750000      0.2495435D+02
 32199.77929687499      0.2496578D+02
 32199.81250000000      0.2496581D+02
 32202.72656250000      0.2496764D+02
 32208.55078124999      0.2497130D+02
 32258.55078124999      0.2500275D+02
 32308.55078124999      0.2503419D+02
 32314.72070312499      0.2503807D+02
 32364.72070312499      0.2506951D+02
 32414.72070312499      0.2510094D+02
 32429.66015624999      0.2511033D+02
 32429.67578124999      0.2511034D+02
 32432.58984374999      0.2511217D+02
 32438.41406250000      0.2511581D+02
 32488.41406250000      0.2514706D+02
 32538.41406250000      0.2517831D+02
 32588.41406250000      0.2520955D+02
 32638.41406250000      0.2524079D+02
 32660.98046874999      0.2525489D+02
 32661.06250000000      0.2525494D+02
 32664.03515624999      0.2525685D+02
 32669.98046874999      0.2526066D+02
 32719.98046874999      0.2529272D+02
 32769.98046874999      0.2532477D+02
 32773.14062500000      0.2532679D+02
 32773.19140624999      0.2532682D+02
 32776.23046874999      0.2532874D+02
 32782.30859374999      0.2533258D+02
 32832.30859374999      0.2536413D+02
 32882.30859374999      0.2539568D+02
 32932.30859374999      0.2542722D+02
 32982.30859374999      0.2545875D+02
 33032.30859374999      0.2549028D+02
 33082.30859374999      0.2552180D+02
 33115.82812500000      0.2554293D+02
 33115.86328124999      0.2554295D+02
 33118.69140624999      0.2554472D+02
 33124.35546874999      0.2554825D+02
 33174.35546874999      0.2557943D+02
 33224.35546874999      0.2561060D+02
 33274.35546874999      0.2564177D+02
 33324.35546874999      0.2567293D+02
 33347.14843750000      0.2568714D+02
 33347.16796874999      0.2568715D+02
 33350.01953124999      0.2568892D+02
 33355.72656250000      0.2569246D+02
 33405.72656250000      0.2572345D+02
 33455.72656250000      0.2575443D+02
 33463.53906250000      0.2575927D+02
 33463.57421874999      0.2575929D+02
 33466.56640624999      0.2576116D+02
 33472.55468750000      0.2576491D+02
 33522.55468750000      0.2579623D+02
 33572.55468750000      0.2582753D+02
 33578.48046874999      0.2583124D+02
 33578.59765624999      0.2583131D+02
 33581.67578124999      0.2583317D+02
 33587.82812500000      0.2583687D+02
 33637.82812500000      0.2586698D+02
 33687.82812500000      0.2589707D+02
 33737.82812500000      0.2592715D+02
 33787.82812500000      0.2595724D+02
 33818.82031250000      0.2597588D+02
 33818.90234374999      0.2597593D+02
 33821.89062500000      0.2597768D+02
 33827.86718750000      0.2598117D+02
 33877.86718750000      0.2601037D+02
 33927.86718750000      0.2603955D+02
 33977.86718750000      0.2606873D+02
 34027.86718750000      0.2609791D+02
 34067.21093750000      0.2612086D+02
 34067.41015624999      0.2612097D+02
 34070.65625000000      0.2612272D+02
 34079.86328124999      0.2612769D+02
 34129.86328124999      0.2615468D+02
 34179.86328124999      0.2618166D+02
 34202.28906250000      0.2619376D+02
 34202.52343750000      0.2619387D+02
 34205.02734374999      0.2619509D+02
 34210.03515624999      0.2619753D+02
 34260.03515624999      0.2622186D+02
 34310.03515624999      0.2624620D+02
 34352.75000000000      0.2626698D+02
 34352.93359374999      0.2626706D+02
 34356.17968750000      0.2626850D+02
 34364.60937500000      0.2627225D+02
 34414.60937500000      0.2629446D+02
 34464.60937500000      0.2631666D+02
 34514.60937500000      0.2633886D+02
 34517.96875000000      0.2634035D+02
 34518.17187500000      0.2634045D+02
 34521.41406250000      0.2634204D+02
 34530.29296874999      0.2634640D+02
 34580.29296874999      0.2637089D+02
 34630.29296874999      0.2639539D+02
 34667.21093750000      0.2641347D+02
 34667.24218750000      0.2641348D+02
 34670.44921874999      0.2641508D+02
 34676.86328124999      0.2641827D+02
 34726.86328124999      0.2644313D+02
 34776.86328124999      0.2646799D+02
 34814.08984374999      0.2648649D+02
 34814.10546874999      0.2648650D+02
 34817.35156250000      0.2648812D+02
 34823.97656250000      0.2649144D+02
 34873.97656250000      0.2651648D+02
 34923.97656250000      0.2654151D+02
 34959.80078124999      0.2655944D+02
 35009.80078124999      0.2658447D+02
 35059.80078124999      0.2660948D+02
 35109.80078124999      0.2663450D+02
 35159.80078124999      0.2665951D+02
 35209.80078124999      0.2668451D+02
 35251.23046874999      0.2670522D+02
 35251.37890624999      0.2670529D+02
 35253.17578124999      0.2670613D+02
 35256.76171874999      0.2670780D+02
 35306.76171874999      0.2673108D+02
 35356.76171874999      0.2675436D+02
 35406.76171874999      0.2677763D+02
 35408.05078124999      0.2677823D+02
 35408.10156250000      0.2677825D+02
 35411.26953124999      0.2677969D+02
 35417.60546874999      0.2678257D+02
 35467.60546874999      0.2680526D+02
 35517.60546874999      0.2682795D+02
 35567.60546874999      0.2685063D+02
 35568.96875000000      0.2685125D+02
 35569.20312500000      0.2685137D+02
 35571.82812500000      0.2685270D+02
 35577.07421874999      0.2685536D+02
 35627.07421874999      0.2688070D+02
 35677.07421874999      0.2690603D+02
 35712.42968750000      0.2692395D+02
 35712.44531250000      0.2692396D+02
 35715.26562500000      0.2692537D+02
 35720.90234374999      0.2692821D+02
 35770.90234374999      0.2695335D+02
 35820.90234374999      0.2697848D+02
 35870.90234374999      0.2700360D+02
 35920.90234374999      0.2702873D+02
 35970.90234374999      0.2705385D+02
 36001.57812500000      0.2706925D+02
 36051.57812500000      0.2709437D+02
 36101.57812500000      0.2711947D+02
 36146.14843750000      0.2714185D+02
 36146.39843750000      0.2714196D+02
 36148.92187500000      0.2714308D+02
 36153.96875000000      0.2714533D+02
 36203.96875000000      0.2716757D+02
 36253.96875000000      0.2718981D+02
 36303.96875000000      0.2721204D+02
 36353.96875000000      0.2723427D+02
 36403.96875000000      0.2725650D+02
 36453.96875000000      0.2727872D+02
 36473.69140624999      0.2728748D+02
 36473.75781250000      0.2728751D+02
 36476.92187500000      0.2728897D+02
 36483.25781250000      0.2729188D+02
 36533.25781250000      0.2731486D+02
 36583.25781250000      0.2733784D+02
 36631.85937500000      0.2736017D+02
 36632.01171874999      0.2736024D+02
 36635.18750000000      0.2736181D+02
 36641.54687500000      0.2736495D+02
 36691.54687500000      0.2738962D+02
 36741.54687500000      0.2741429D+02
 36791.54687500000      0.2743896D+02
 36841.54687500000      0.2746362D+02
 36891.54687500000      0.2748828D+02
 36925.58984374999      0.2750506D+02
 36925.70703124999      0.2750512D+02
 36928.87500000000      0.2750660D+02
 36935.20703124999      0.2750955D+02
 36985.20703124999      0.2753288D+02
 37035.20703124999      0.2755619D+02
 37081.10937500000      0.2757760D+02
 37081.14453124999      0.2757761D+02
 37084.39062500000      0.2757915D+02
 37091.16015624999      0.2758236D+02
 37141.16015624999      0.2760605D+02
 37191.16015624999      0.2762973D+02
 37234.03906250000      0.2765004D+02
 37234.07421874999      0.2765006D+02
 37237.09765624999      0.2765147D+02
 37243.15234374999      0.2765429D+02
 37293.15234374999      0.2767758D+02
 37343.15234374999      0.2770088D+02
 37389.55078124999      0.2772249D+02
 37389.71484374999      0.2772257D+02
 37392.96093750000      0.2772421D+02
 37402.87109374999      0.2772919D+02
 37452.87109374999      0.2775436D+02
 37502.87109374999      0.2777953D+02
 37552.87109374999      0.2780469D+02
 37602.87109374999      0.2782984D+02
 37652.87109374999      0.2785499D+02
 37676.46093750000      0.2786686D+02
 37676.55859374999      0.2786690D+02
 37679.76953124999      0.2786845D+02
 37686.18750000000      0.2787153D+02
 37736.18750000000      0.2789555D+02
 37786.18750000000      0.2791956D+02
 37826.92187500000      0.2793912D+02
 37827.00390624999      0.2793916D+02
 37830.25000000000      0.2794077D+02
 37836.78906250000      0.2794404D+02
 37886.78906250000      0.2796898D+02
 37936.78906250000      0.2799392D+02
 37971.48828124999      0.2801122D+02
 37971.52343750000      0.2801124D+02
 37974.76953124999      0.2801289D+02
 37981.52343750000      0.2801630D+02
 38031.52343750000      0.2804161D+02
 38081.52343750000      0.2806691D+02
 38113.85156250000      0.2808326D+02
 38113.88281250000      0.2808328D+02
 38117.01953124999      0.2808484D+02
 38123.28906250000      0.2808796D+02
 38173.28906250000      0.2811288D+02
 38223.28906250000      0.2813779D+02
 38258.42187500000      0.2815529D+02
 38258.53515624999      0.2815536D+02
 38261.78125000000      0.2815705D+02
 38268.31640624999      0.2816048D+02
 38318.31640624999      0.2818668D+02
 38368.31640624999      0.2821288D+02
 38395.50000000000      0.2822713D+02
 38445.50000000000      0.2825332D+02
 38495.50000000000      0.2827951D+02
 38532.57812500000      0.2829892D+02
 38582.57812500000      0.2832510D+02
 38632.57812500000      0.2835128D+02
 38669.66015624999      0.2837068D+02
 38669.67578124999      0.2837069D+02
 38672.92187500000      0.2837240D+02
 38680.28125000000      0.2837628D+02
 38730.28125000000      0.2840263D+02
 38780.28125000000      0.2842898D+02
 38805.73046874999      0.2844238D+02
 38805.74609374999      0.2844239D+02
 38808.78515624999      0.2844398D+02
 38814.86328124999      0.2844716D+02
 38864.86328124999      0.2847332D+02
 38914.86328124999      0.2849947D+02
 38942.80859374999      0.2851408D+02
 38992.80859374999      0.2854022D+02
 39042.80859374999      0.2856636D+02
 39079.89062500000      0.2858574D+02
 39129.89062500000      0.2861187D+02
 39179.89062500000      0.2863799D+02
 39229.89062500000      0.2866411D+02
 39279.89062500000      0.2869022D+02
 39329.89062500000      0.2871633D+02
 39354.05078124999      0.2872894D+02
 39354.16796874999      0.2872900D+02
 39357.41406250000      0.2873062D+02
 39364.03906250000      0.2873390D+02
 39414.03906250000      0.2875871D+02
 39464.03906250000      0.2878351D+02
 39498.62890624999      0.2880066D+02
 39498.67968750000      0.2880069D+02
 39501.92578124999      0.2880233D+02
 39508.80078124999      0.2880582D+02
 39558.80078124999      0.2883117D+02
 39608.80078124999      0.2885651D+02
 39658.80078124999      0.2888185D+02
 39708.80078124999      0.2890719D+02
 39758.80078124999      0.2893252D+02
 39781.14843750000      0.2894384D+02
 39781.18359374999      0.2894386D+02
 39784.42968750000      0.2894552D+02
 39791.23046874999      0.2894902D+02
 39841.23046874999      0.2897472D+02
 39891.23046874999      0.2900041D+02
 39920.30078124999      0.2901534D+02
 39920.35156250000      0.2901537D+02
 39923.59375000000      0.2901707D+02
 39930.49609374999      0.2902069D+02
 39980.49609374999      0.2904693D+02
 40030.49609374999      0.2907316D+02
 40056.37109374999      0.2908673D+02
 40056.43750000000      0.2908676D+02
 40059.68359374999      0.2908842D+02
 40066.34765624999      0.2909181D+02
 40116.34765624999      0.2911730D+02
 40166.34765624999      0.2914278D+02
 40196.57031250000      0.2915818D+02
 40196.58593750000      0.2915819D+02
 40199.58593750000      0.2915970D+02
 40205.58593750000      0.2916274D+02
 40255.58593750000      0.2918803D+02
 40305.58593750000      0.2921331D+02
 40337.82812500000      0.2922961D+02
 40337.91406250000      0.2922965D+02
 40341.16015624999      0.2923135D+02
 40348.00000000000      0.2923494D+02
 40398.00000000000      0.2926112D+02
 40448.00000000000      0.2928730D+02
 40473.89843750000      0.2930086D+02
 40473.96484374999      0.2930089D+02
 40477.21093750000      0.2930255D+02
 40483.89453124999      0.2930595D+02
 40533.89453124999      0.2933139D+02
 40583.89453124999      0.2935682D+02
 40614.10156250000      0.2937219D+02
 40614.16796874999      0.2937222D+02
 40617.41406250000      0.2937392D+02
 40624.32421874999      0.2937754D+02
 40674.32421874999      0.2940369D+02
 40724.32421874999      0.2942983D+02
 40774.32421874999      0.2945597D+02
 40824.32421874999      0.2948210D+02
 40874.32421874999      0.2950823D+02
 40886.23828124999      0.2951446D+02
 40936.23828124999      0.2954057D+02
 40986.23828124999      0.2956668D+02
 41022.30859374999      0.2958552D+02
 41022.32812500000      0.2958553D+02
 41025.57031250000      0.2958723D+02
 41032.50390624999      0.2959088D+02
 41082.50390624999      0.2961716D+02
 41132.50390624999      0.2964343D+02
 41157.39062500000      0.2965651D+02
 41157.42187500000      0.2965653D+02
 41160.66796874999      0.2965821D+02
 41167.34375000000      0.2966167D+02
 41217.34375000000      0.2968757D+02
 41267.34375000000      0.2971347D+02
 41294.46875000000      0.2972752D+02
 41294.76953124999      0.2972766D+02
 41297.70312500000      0.2972898D+02
 41303.56640624999      0.2973163D+02
 41353.56640624999      0.2975419D+02
 41403.56640624999      0.2977676D+02
 41452.62890624999      0.2979889D+02
 41453.14843750000      0.2979918D+02
 41455.15625000000      0.2980031D+02
 41459.17578124999      0.2980258D+02
 41500.71875000000      0.2982596D+02
 41550.71875000000      0.2985409D+02
 41577.67187500000      0.2986926D+02
 41577.68750000000      0.2986926D+02
 41580.92187500000      0.2987107D+02
 41587.39453124999      0.2987469D+02
 41637.39453124999      0.2990265D+02
 41687.39453124999      0.2993059D+02
 41737.39453124999      0.2995853D+02
 41787.39453124999      0.2998646D+02
 41829.44921874999      0.3000995D+02
 41829.48437500000      0.3000997D+02
 41832.68359374999      0.3001173D+02
 41839.08203124999      0.3001526D+02
 41889.08203124999      0.3004284D+02
 41939.08203124999      0.3007040D+02
 41957.07031250000      0.3008032D+02
 41957.13671874999      0.3008036D+02
 41960.38281250000      0.3008210D+02
 41967.15234374999      0.3008574D+02
 42017.15234374999      0.3011261D+02
 42067.15234374999      0.3013947D+02
 42088.32031250000      0.3015084D+02
 42088.48828124999      0.3015093D+02
 42090.47265624999      0.3015207D+02
 42094.44921874999      0.3015434D+02
 42144.44921874999      0.3018288D+02
 42194.44921874999      0.3021142D+02
 42244.44921874999      0.3023994D+02
 42294.44921874999      0.3026846D+02
 42333.42968750000      0.3029069D+02
 42333.44531250000      0.3029070D+02
 42336.52734374999      0.3029245D+02
 42342.68359374999      0.3029594D+02
 42392.68359374999      0.3032428D+02
 42442.68359374999      0.3035261D+02
 42492.68359374999      0.3038094D+02
 42542.68359374999      0.3040925D+02
 42580.17187500000      0.3043048D+02
 42580.30468750000      0.3043055D+02
 42583.55078124999      0.3043230D+02
 42590.25781250000      0.3043592D+02
 42640.25781250000      0.3046288D+02
 42690.25781250000      0.3048983D+02
 42710.48828124999      0.3050073D+02
 42760.48828124999      0.3052768D+02
 42810.48828124999      0.3055461D+02
 42860.48828124999      0.3058154D+02
 42910.48828124999      0.3060846D+02
 42960.48828124999      0.3063537D+02
 42971.12890624999      0.3064110D+02
 43021.12890624999      0.3066801D+02
 43071.12890624999      0.3069491D+02
 43101.44921874999      0.3071122D+02
 43101.46484374999      0.3071122D+02
 43104.71093750000      0.3071298D+02
 43111.47656250000      0.3071664D+02
 43161.47656250000      0.3074370D+02
 43211.47656250000      0.3077075D+02
 43261.47656250000      0.3079780D+02
 43311.47656250000      0.3082484D+02
 43360.26953124999      0.3085122D+02
 43360.37109374999      0.3085127D+02
 43363.61718750000      0.3085295D+02
 43370.35156250000      0.3085646D+02
 43420.35156250000      0.3088245D+02
 43470.35156250000      0.3090843D+02
 43520.35156250000      0.3093441D+02
 43570.35156250000      0.3096038D+02
 43620.35156250000      0.3098635D+02
 43630.42968750000      0.3099158D+02
 43630.87890624999      0.3099185D+02
 43634.02343750000      0.3099375D+02
 43640.30859374999      0.3099756D+02
 43690.30859374999      0.3102780D+02
 43740.30859374999      0.3105804D+02
 43743.26953124999      0.3105983D+02
 43743.35156250000      0.3105988D+02
 43746.55859374999      0.3106177D+02
 43752.96484374999      0.3106555D+02
 43802.96484374999      0.3109506D+02
 43852.96484374999      0.3112457D+02
 43859.66015624999      0.3112852D+02
 43909.66015624999      0.3115802D+02
 43959.66015624999      0.3118750D+02
 43976.03906250000      0.3119716D+02
 43976.55859374999      0.3119741D+02
 43979.70703124999      0.3119894D+02
 43986.00390624999      0.3120201D+02
 44036.00390624999      0.3122633D+02
 44086.00390624999      0.3125065D+02
 44120.62109374999      0.3126749D+02
 44170.62109374999      0.3129180D+02
 44220.62109374999      0.3131610D+02
 44265.19921874999      0.3133777D+02
 44265.33203124999      0.3133784D+02
 44268.57812500000      0.3133951D+02
 44275.47656250000      0.3134306D+02
 44325.47656250000      0.3136876D+02
 44375.47656250000      0.3139447D+02
 44401.26953124999      0.3140773D+02
 44401.40234374999      0.3140780D+02
 44404.64843750000      0.3140956D+02
 44411.40625000000      0.3141321D+02
 44461.40625000000      0.3144026D+02
 44511.40625000000      0.3146731D+02
 44561.40625000000      0.3149435D+02
 44611.40625000000      0.3152138D+02
 44661.40625000000      0.3154840D+02
 44711.40625000000      0.3157542D+02
 44761.40625000000      0.3160243D+02
 44786.80078124999      0.3161614D+02
 44787.05078124999      0.3161627D+02
 44790.29687500000      0.3161785D+02
 44797.00781250000      0.3162113D+02
 44847.00781250000      0.3164555D+02
 44897.00781250000      0.3166996D+02
 44930.26171874999      0.3168619D+02
 44930.44921874999      0.3168627D+02
 44930.64062500000      0.3168635D+02
 44930.83203124999      0.3168642D+02
 44931.01953124999      0.3168648D+02
 44931.21093750000      0.3168653D+02
 44931.40234374999      0.3168658D+02
 44931.59375000000      0.3168661D+02
 44931.78125000000      0.3168664D+02
 44931.97265624999      0.3168666D+02
 44932.16406250000      0.3168667D+02
 44932.35546874999      0.3168667D+02
 44932.41015624999      0.3168667D+02
 44932.43750000000      0.3168667D+02
 44932.46875000000      0.3168667D+02
 44932.50000000000      0.3168667D+02
 44932.52734374999      0.3168668D+02
 44932.55859374999      0.3168668D+02
 44932.58593750000      0.3168668D+02
 44932.61718750000      0.3168668D+02
 44932.64453124999      0.3168668D+02
 44932.67578124999      0.3168669D+02
 44932.70312500000      0.3168669D+02
 44932.72656250000      0.3168669D+02
 44932.78515624999      0.3168670D+02
 44933.32421874999      0.3168675D+02
 44933.76171874999      0.3168679D+02
 44934.22656250000      0.3168691D+02
 44934.44140624999      0.3168696D+02
 44934.47656250000      0.3168697D+02
 44934.49218750000      0.3168698D+02
 44934.52734374999      0.3168700D+02
 44934.69140624999      0.3168710D+02
 44935.07812500000      0.3168736D+02
 44935.24218750000      0.3168748D+02
 44935.39453124999      0.3168758D+02
 44935.42578124999      0.3168760D+02
 44935.67578124999      0.3168776D+02
 44935.92578124999      0.3168787D+02
 44935.96093750000      0.3168789D+02
 44936.16015624999      0.3168790D+02
 44936.17578124999      0.3168790D+02
 44936.42578124999      0.3168777D+02
 44936.54296874999      0.3168764D+02
 44937.60156250000      0.3168634D+02
 44939.72265624999      0.3168308D+02
 44942.52734374999      0.3167834D+02
 44942.55859374999      0.3167827D+02
 44942.67578124999      0.3167805D+02
 44942.71093750000      0.3167795D+02
 44942.80859374999      0.3167717D+02
 44942.84375000000      0.3167684D+02
 44942.87500000000      0.3167645D+02
 44942.96875000000      0.3167512D+02
 44943.16406250000      0.3167205D+02
 44943.55859374999      0.3166531D+02
 44946.92578124999      0.3162186D+02
 44946.94140624999      0.3162164D+02
 44946.96093750000      0.3162159D+02
 44946.97656250000      0.3162160D+02
 44946.99609374999      0.3162161D+02
 44947.01171874999      0.3162162D+02
 44947.03906250000      0.3162163D+02
 44947.09765624999      0.3162164D+02
 44947.12890624999      0.3162164D+02
 44947.14062500000      0.3162165D+02
 44947.14843750000      0.3162165D+02
 44947.16015624999      0.3162165D+02
 44947.16796874999      0.3162165D+02
 44947.17968750000      0.3162165D+02
 44947.18750000000      0.3162165D+02
 44947.19921874999      0.3162165D+02
 44947.20703124999      0.3162165D+02
 44947.21875000000      0.3162165D+02
 44947.22656250000      0.3162165D+02
 44947.23437500000      0.3162165D+02
