 0.000000000000000      0.0000000D+00
0.1000000014901161      0.1611017D-07
0.3000000119209288      0.7745588D-07
0.6006559729576110      0.0000000D+00
0.9013119935989378      0.7361893D-07
 1.201967954635620      0.1207998D-06
 1.502623915672302      0.1012219D-07
 1.803279876708984      0.5228209D-07
 2.103935956954956      0.0000000D+00
 2.404591798782348      0.0000000D+00
 2.705247640609741      0.0000000D+00
 3.005903959274291      0.0000000D+00
 3.299999952316284      0.0000000D+00
 3.901312112808227      0.0000000D+00
 6.179414272308349      0.6123054D-07
 56.17941284179687      0.1916973D-07
 93.45999908447265      0.5758892D-07
 94.64333343505858      0.0000000D+00
 96.44606781005858      0.0000000D+00
 100.0515518188476      0.0000000D+00
 150.0515441894531      0.4662853D-05
 200.0515441894531      0.4551466D-05
 250.0515441894531      0.4592573D-05
 299.8500061035155      0.4669496D-05
 300.2333374023437      0.1671059D-03
 302.0984191894531      0.3049602D-03
 305.8286132812499      0.3096979D-03
 355.8286132812499      0.3112274D-03
 405.8286132812499      0.3135829D-03
 455.8286132812499      0.3157052D-03
 505.8286132812499      0.3178532D-03
 555.8286132812499      0.3196708D-03
 605.8286132812499      0.3208717D-03
 655.8286132812499      0.3217030D-03
 675.9799804687499      0.3220375D-03
 676.4633178710936      0.3221037D-03
 678.3076782226561      0.3224881D-03
 681.9964599609373      0.3233249D-03
 731.9964599609373      0.3493003D-03
 781.9964599609373      0.3559289D-03
 831.9964599609373      0.3604862D-03
 881.9964599609373      0.3633147D-03
 931.9964599609373      0.3649609D-03
 945.1500244140623      0.3653432D-03
 946.0499877929685      0.9357958D-03
 947.8234252929685      0.1484153D-02
 951.3704223632810      0.1482969D-02
 1001.370422363281      0.1465562D-02
 1051.370361328125      0.1448805D-02
 1101.370361328125      0.1432811D-02
 1151.370361328125      0.1417131D-02
 1196.359985351562      0.1403535D-02
 1197.493286132812      0.1404244D-02
 1199.242675781250      0.1405777D-02
 1202.741210937500      0.1445379D-02
 1252.741210937500      0.1476958D-02
 1302.741210937500      0.1501092D-02
 1324.420043945312      0.1512468D-02
 1324.520019531250      0.1516338D-02
 1326.811889648437      0.1678717D-02
 1331.395996093750      0.1680239D-02
 1381.395996093750      0.1696860D-02
 1431.395996093750      0.1702221D-02
 1481.395996093750      0.1702840D-02
 1531.395996093750      0.1703082D-02
 1581.395996093750      0.1701329D-02
 1585.989990234375      0.1704840D-02
 1586.606689453125      0.2412774D-02
 1588.367187500000      0.3100388D-02
 1591.888183593750      0.3098830D-02
 1641.888183593750      0.3075635D-02
 1691.888183593750      0.3051310D-02
 1741.888183593750      0.3025974D-02
 1791.888183593750      0.3000166D-02
 1811.660034179687      0.2990061D-02
 1811.693359375000      0.2990032D-02
 1814.103881835937      0.2988907D-02
 1818.924804687500      0.2992967D-02
 1868.924804687500      0.2967665D-02
 1886.280029296875      0.2958871D-02
 1886.313354492187      0.2958879D-02
 1888.787841796875      0.3006359D-02
 1893.736938476562      0.3003723D-02
 1943.736938476562      0.2976425D-02
 1993.736938476562      0.2948345D-02
 2036.739990234375      0.2924972D-02
 2086.739990234375      0.2898074D-02
 2136.739990234375      0.2870957D-02
 2186.739990234375      0.2843748D-02
 2236.739990234375      0.2816250D-02
 2262.409912109375      0.2804217D-02
 2262.459960937500      0.2807838D-02
 2265.014404296875      0.2806456D-02
 2270.123046875000      0.2817115D-02
 2320.123046875000      0.2789196D-02
 2370.123046875000      0.2759993D-02
 2420.123046875000      0.2734273D-02
 2470.123046875000      0.2708881D-02
 2520.123046875000      0.2684672D-02
 2559.689941406250      0.2666283D-02
 2559.739990234375      0.2670952D-02
 2562.394775390625      0.2669528D-02
 2567.703857421875      0.2681991D-02
 2617.703857421875      0.2655822D-02
 2667.703857421875      0.2628508D-02
 2717.703857421875      0.2606468D-02
 2767.703857421875      0.2585829D-02
 2780.000000000000      0.2584741D-02
 2780.033447265625      0.2592005D-02
 2782.452148437500      0.2661974D-02
 2787.290039062500      0.2659580D-02
 2837.290039062500      0.2634483D-02
 2887.290039062499      0.2609939D-02
 2937.290039062499      0.2588979D-02
 2987.290039062499      0.2572225D-02
 3002.070068359374      0.2571904D-02
 3002.086669921874      0.2579949D-02
 3004.440185546874      0.2616702D-02
 3009.147705078124      0.2614771D-02
 3059.147705078124      0.2593374D-02
 3109.147705078124      0.2572868D-02
 3159.147705078124      0.2558459D-02
 3209.147705078124      0.2546853D-02
 3225.030029296874      0.2547889D-02
 3225.046630859374      0.2557055D-02
 3227.424316406249      0.2595414D-02
 3232.179687500000      0.2593869D-02
 3282.179687500000      0.2577206D-02
 3332.179687500000      0.2561719D-02
 3382.179687500000      0.2552773D-02
 3432.179687500000      0.2547225D-02
 3482.179687500000      0.2543298D-02
 3523.500000000000      0.2541664D-02
 3573.500000000000      0.2540919D-02
 3598.120117187499      0.2543323D-02
 3598.136718750000      0.2552071D-02
 3600.377197265624      0.2595859D-02
 3604.858398437499      0.2595288D-02
 3654.858398437499      0.2588437D-02
 3704.858398437499      0.2583009D-02
 3754.858398437499      0.2579770D-02
 3804.858398437499      0.2578658D-02
 3854.858398437499      0.2579968D-02
 3897.810058593749      0.2586432D-02
 3898.026611328124      0.3076887D-02
 3899.930908203124      0.3493118D-02
 3903.739257812499      0.3497716D-02
 3953.739257812499      0.3509062D-02
 4003.739257812499      0.3522185D-02
 4053.739257812499      0.3536948D-02
 4103.739257812499      0.3553669D-02
 4135.060058593749      0.3565217D-02
 4135.160156250000      0.3566673D-02
 4137.777832031249      0.3568427D-02
 4143.014648437499      0.3612703D-02
 4193.014648437499      0.3642650D-02
 4212.169921874999      0.3654886D-02
 4212.653320312499      0.4588323D-02
 4214.573730468749      0.5396233D-02
 4218.415527343749      0.5401846D-02
 4268.415527343749      0.5408453D-02
 4318.415527343749      0.5414551D-02
 4368.415527343749      0.5419009D-02
 4387.580078124999      0.5420707D-02
 4387.613281250000      0.5422117D-02
 4390.291503906249      0.5489273D-02
 4395.648437500000      0.5489658D-02
 4445.648437500000      0.5492238D-02
 4476.120117187499      0.5493302D-02
 4476.169921874999      0.5493874D-02
 4478.911621093749      0.5494232D-02
 4484.394042968749      0.5506645D-02
 4534.394042968749      0.5510112D-02
 4563.410156250000      0.5511593D-02
 4563.426757812499      0.5512418D-02
 4566.084472656249      0.5547181D-02
 4571.400390624999      0.5547366D-02
 4621.400390624999      0.5548711D-02
 4651.109863281249      0.5549110D-02
 4651.160156250000      0.5550016D-02
 4653.845214843749      0.5655266D-02
 4659.215332031249      0.5655141D-02
 4709.215332031249      0.5652722D-02
 4740.080078124999      0.5651458D-02
 4740.129882812499      0.5652541D-02
 4742.864257812499      0.5754096D-02
 4748.332519531249      0.5753782D-02
 4798.332519531249      0.5749467D-02
 4848.332519531249      0.5744277D-02
 4898.332519531249      0.5738530D-02
 4920.629882812499      0.5736472D-02
 4920.663574218749      0.5737471D-02
 4923.448242187499      0.5737167D-02
 4929.018554687499      0.5744722D-02
 4979.018554687499      0.5739665D-02
 5029.018554687499      0.5734035D-02
 5079.018554687499      0.5728509D-02
 5099.430175781249      0.5726009D-02
 5099.546875000000      0.5727534D-02
 5102.302246093749      0.5966203D-02
 5107.812500000000      0.5965158D-02
 5157.812500000000      0.5955473D-02
 5207.812500000000      0.5944948D-02
 5257.812500000000      0.5935169D-02
 5307.812500000000      0.5925246D-02
 5357.812500000000      0.5914420D-02
 5407.812500000000      0.5903176D-02
 5457.812500000000      0.5891601D-02
 5469.540039062499      0.5889093D-02
 5469.589843750000      0.5891584D-02
 5472.345703124999      0.5891059D-02
 5477.857421874999      0.5903480D-02
 5527.857421874999      0.5893104D-02
 5560.700195312499      0.5885598D-02
 5610.700195312499      0.5874772D-02
 5660.700195312499      0.5863743D-02
 5710.700195312499      0.5852740D-02
 5743.020019531249      0.5845785D-02
 5743.053222656249      0.5846892D-02
 5745.721191406249      0.5924144D-02
 5751.057617187499      0.5922870D-02
 5801.057617187499      0.5910499D-02
 5835.089843749999      0.5901851D-02
 5835.106445312499      0.5903022D-02
 5837.724609374999      0.5942296D-02
 5842.960937500000      0.5940932D-02
 5892.960937500000      0.5927871D-02
 5927.620117187499      0.5918645D-02
 5927.753417968748      0.5919730D-02
 5930.539550781249      0.6204570D-02
 5936.112304687499      0.6203032D-02
 5986.112304687499      0.6189118D-02
 6024.000000000000      0.6178476D-02
 6024.966796874999      0.6181093D-02
 6026.853027343749      0.6186942D-02
 6030.626464843749      0.6199027D-02
 6080.626464843749      0.6358066D-02
 6098.020019531248      0.6408850D-02
 6099.186523437498      0.8362918D-02
 6101.078613281249      0.1020297D-01
 6104.862304687499      0.1020383D-01
 6154.862304687499      0.1021210D-01
 6200.830078124999      0.1021932D-01
 6201.263183593748      0.1084008D-01
 6203.229980468748      0.1139362D-01
 6207.163574218749      0.1139408D-01
 6257.163574218749      0.1139855D-01
 6307.163574218749      0.1140091D-01
 6321.000000000000      0.1140176D-01
 6321.850097656249      0.1140202D-01
 6323.775390624999      0.1140308D-01
 6327.626953124999      0.1140602D-01
 6377.626953124999      0.1142944D-01
 6411.270019531248      0.1144266D-01
 6411.286621093748      0.1144349D-01
 6413.914550781249      0.1148254D-01
 6419.170410156249      0.1148442D-01
 6469.170410156249      0.1150199D-01
 6501.979980468748      0.1151199D-01
 6502.029785156249      0.1151287D-01
 6504.735839843749      0.1162704D-01
 6510.147949218749      0.1162839D-01
 6560.147949218749      0.1163787D-01
 6610.147949218749      0.1164421D-01
 6660.147949218749      0.1164802D-01
 6686.120117187499      0.1165013D-01
 6686.203125000000      0.1165117D-01
 6688.937988281249      0.1183846D-01
 6694.408203124999      0.1183865D-01
 6744.408203124999      0.1183812D-01
 6780.540039062499      0.1183632D-01
 6780.556640624999      0.1183711D-01
 6783.214355468748      0.1187567D-01
 6788.530761718749      0.1187517D-01
 6838.530761718749      0.1186994D-01
 6888.530761718749      0.1186254D-01
 6938.530761718749      0.1185376D-01
 6970.339843749999      0.1184803D-01
 6970.373535156249      0.1184846D-01
 6973.087890624999      0.1192471D-01
 6978.517578124999      0.1192377D-01
 7028.517578124999      0.1191287D-01
 7078.517578124999      0.1190033D-01
 7128.517578124999      0.1188693D-01
 7178.517578124999      0.1187196D-01
 7228.517578124999      0.1185553D-01
 7278.517578124999      0.1183804D-01
 7328.517578124999      0.1181924D-01
 7353.870117187498      0.1180952D-01
 7353.886718749999      0.1181148D-01
 7356.544433593748      0.1185171D-01
 7361.860351562498      0.1184961D-01
 7411.860351562498      0.1182844D-01
 7461.860351562498      0.1180756D-01
 7511.860351562498      0.1178688D-01
 7546.640136718748      0.1177211D-01
 7546.939941406248      0.1177201D-01
 7548.912597656249      0.1177171D-01
 7552.857910156249      0.1177088D-01
 7602.857910156249      0.1176503D-01
 7634.759765624999      0.1175855D-01
 7634.810058593748      0.1176004D-01
 7637.464355468748      0.1190437D-01
 7642.773925781249      0.1190296D-01
 7692.773925781249      0.1188918D-01
 7742.773925781249      0.1187471D-01
 7792.773925781249      0.1186003D-01
 7813.560058593748      0.1185486D-01
 7814.143554687498      0.1306022D-01
 7816.090332031248      0.1410018D-01
 7819.984375000000      0.1409942D-01
 7869.984375000000      0.1408855D-01
 7919.984375000000      0.1407740D-01
 7969.984375000000      0.1406404D-01
 8019.984375000000      0.1404883D-01
 8028.740234374999      0.1404679D-01
 8029.206542968748      0.1404680D-01
 8031.179687500000      0.1404661D-01
 8035.125976562498      0.1404626D-01
 8085.125976562498      0.1404626D-01
 8135.125976562498      0.1403810D-01
 8185.125976562498      0.1402883D-01
 8213.799804687498      0.1402361D-01
 8213.916992187498      0.1402448D-01
 8216.628906249999      0.1432767D-01
 8222.053710937498      0.1432648D-01
 8272.053710937498      0.1431410D-01
 8309.679687500000      0.1430380D-01
 8309.730468749999      0.1430497D-01
 8312.450195312499      0.1443351D-01
 8317.889648437498      0.1443197D-01
 8367.889648437498      0.1441614D-01
 8407.080078124999      0.1440303D-01
 8407.113281249999      0.1440383D-01
 8409.937500000000      0.1440288D-01
 8415.586914062498      0.1441226D-01
 8465.586914062498      0.1439512D-01
 8515.586914062498      0.1437642D-01
 8565.586914062498      0.1435728D-01
 8615.586914062498      0.1433718D-01
 8665.586914062498      0.1431607D-01
 8696.230468749999      0.1430329D-01
 8696.346679687498      0.1430446D-01
 8699.098632812499      0.1460503D-01
 8704.603515624999      0.1460262D-01
 8754.603515624999      0.1458084D-01
 8804.603515624999      0.1455812D-01
 8854.603515624999      0.1453522D-01
 8896.290039062498      0.1451548D-01
 8896.356445312499      0.1451694D-01
 8899.100585937498      0.1468714D-01
 8904.588867187498      0.1468444D-01
 8954.588867187498      0.1465959D-01
 9004.588867187498      0.1463401D-01
 9054.588867187498      0.1460834D-01
 9100.769531249999      0.1458465D-01
 9100.836914062498      0.1458603D-01
 9103.596679687498      0.1475309D-01
 9109.117187500000      0.1475029D-01
 9159.117187500000      0.1472338D-01
 9209.117187500000      0.1469592D-01
 9259.117187500000      0.1466959D-01
 9309.117187500000      0.1464260D-01
 9309.879882812499      0.1464354D-01
 9309.962890624999      0.1464615D-01
 9312.795898437498      0.1484935D-01
 9318.460937500000      0.1484638D-01
 9368.460937500000      0.1481961D-01
 9418.460937500000      0.1479224D-01
 9468.460937500000      0.1476523D-01
 9518.460937500000      0.1473838D-01
 9525.059570312499      0.1473573D-01
 9525.193359374999      0.1473809D-01
 9528.056640624999      0.1504459D-01
 9533.783203124999      0.1504164D-01
 9583.783203124999      0.1501484D-01
 9633.783203124999      0.1498759D-01
 9683.783203124999      0.1496044D-01
 9733.783203124999      0.1493352D-01
 9750.740234374999      0.1492514D-01
 9750.773437500000      0.1492634D-01
 9753.615234374999      0.1500314D-01
 9759.297851562498      0.1499996D-01
 9809.297851562498      0.1497186D-01
 9859.297851562498      0.1494338D-01
 9909.297851562498      0.1491550D-01
 9959.297851562498      0.1488764D-01
 9979.200195312499      0.1487661D-01
 9979.316406249999      0.1487886D-01
 9982.216796874999      0.1513639D-01
 9988.018554687498      0.1513342D-01
 10038.01855468750      0.1510695D-01
 10088.01855468750      0.1508018D-01
 10138.01855468750      0.1505430D-01
 10188.01855468750      0.1502804D-01
 10217.98046875000      0.1501201D-01
 10218.03027343750      0.1501305D-01
 10220.90234375000      0.1512460D-01
 10226.64843750000      0.1512150D-01
 10276.64843750000      0.1509462D-01
 10326.64843750000      0.1506743D-01
 10376.64843750000      0.1504078D-01
 10426.64843750000      0.1501451D-01
 10461.48046875000      0.1499567D-01
 10461.61328125000      0.1499655D-01
 10464.56445312500      0.1527382D-01
 10470.46679687500      0.1527075D-01
 10520.46679687500      0.1524527D-01
 10570.46679687500      0.1521939D-01
 10589.99023437500      0.1521057D-01
 10590.05664062500      0.1521166D-01
 10593.01855468750      0.1534737D-01
 10598.94238281250      0.1534442D-01
 10648.94238281250      0.1531942D-01
 10698.94238281250      0.1529421D-01
 10748.94238281250      0.1526915D-01
 10798.94238281250      0.1524443D-01
 10848.94238281250      0.1521919D-01
 10854.34960937500      0.1521760D-01
 10854.43359375000      0.1521878D-01
 10857.43652343750      0.1538254D-01
 10863.44140625000      0.1537955D-01
 10913.44140625000      0.1535506D-01
 10963.44140625000      0.1533115D-01
 10991.42968750000      0.1531869D-01
 10991.53027343750      0.1532019D-01
 10994.54687500000      0.1551000D-01
 11000.58203125000      0.1550728D-01
 11050.58203125000      0.1548485D-01
 11100.58203125000      0.1546223D-01
 11150.58203125000      0.1543985D-01
 11200.58203125000      0.1541729D-01
 11250.58203125000      0.1539478D-01
 11278.33984375000      0.1538258D-01
 11278.42285156250      0.1538375D-01
 11281.47070312500      0.1553812D-01
 11287.56542968750      0.1553544D-01
 11337.56542968750      0.1551345D-01
 11387.56542968750      0.1549139D-01
 11437.56542968750      0.1546971D-01
 11487.56542968750      0.1544775D-01
 11537.56542968750      0.1542605D-01
 11576.82031250000      0.1540857D-01
 11576.88671875000      0.1540932D-01
 11579.93945312500      0.1553126D-01
 11586.04492187500      0.1552854D-01
 11636.04492187500      0.1550694D-01
 11686.04492187500      0.1548513D-01
 11731.03027343750      0.1546598D-01
 11731.78027343750      0.1546561D-01
 11733.80664062500      0.1546466D-01
 11737.86035156250      0.1546262D-01
 11787.86035156250      0.1544219D-01
 11837.86035156250      0.1541625D-01
 11843.19042968750      0.1541461D-01
 11843.50683593750      0.1541436D-01
 11845.50878906250      0.1541360D-01
 11849.51171875000      0.1541180D-01
 11899.51171875000      0.1539204D-01
 11949.51171875000      0.1536882D-01
 11999.51171875000      0.1534694D-01
 12044.33984375000      0.1532764D-01
 12044.37304687500      0.1532932D-01
 12047.24414062500      0.1532801D-01
 12052.98535156250      0.1534028D-01
 12102.98535156250      0.1531843D-01
 12152.98535156250      0.1529625D-01
 12202.98535156250      0.1527566D-01
 12243.32031250000      0.1525984D-01
 12293.32031250000      0.1523887D-01
 12343.32031250000      0.1521794D-01
 12393.32031250000      0.1519712D-01
 12442.30957031250      0.1517799D-01
 12442.36035156250      0.1518074D-01
 12445.19824218750      0.1517953D-01
 12450.87304687500      0.1520319D-01
 12500.87304687500      0.1518163D-01
 12550.87304687500      0.1516012D-01
 12600.87304687500      0.1514024D-01
 12650.87304687500      0.1512049D-01
 12700.87304687500      0.1510074D-01
 12736.04980468750      0.1508707D-01
 12736.06640625000      0.1508916D-01
 12739.04101562500      0.1508788D-01
 12744.99023437500      0.1509242D-01
 12794.99023437500      0.1507147D-01
 12844.99023437500      0.1505071D-01
 12894.99023437500      0.1503142D-01
 12930.83984375000      0.1501887D-01
 12980.83984375000      0.1500031D-01
 13030.83984375000      0.1498116D-01
 13080.83984375000      0.1496510D-01
 13125.63964843750      0.1494921D-01
 13125.72363281250      0.1495096D-01
 13128.52343750000      0.1495016D-01
 13134.12500000000      0.1500107D-01
 13184.12500000000      0.1498661D-01
 13220.54003906250      0.1497624D-01
 13220.55664062500      0.1497950D-01
 13223.10742187500      0.1504654D-01
 13228.20996093750      0.1504510D-01
 13278.20996093750      0.1503060D-01
 13328.20996093750      0.1501642D-01
 13378.20996093750      0.1500336D-01
 13411.32031250000      0.1499643D-01
 13461.32031250000      0.1498505D-01
 13511.32031250000      0.1497148D-01
 13561.32031250000      0.1495853D-01
 13602.09960937500      0.1494855D-01
 13602.16699218750      0.1495153D-01
 13604.95996093750      0.1495105D-01
 13610.54687500000      0.1499611D-01
 13660.54687500000      0.1498766D-01
 13710.54687500000      0.1497955D-01
 13760.54687500000      0.1497393D-01
 13810.54687500000      0.1496755D-01
 13860.54687500000      0.1496349D-01
 13910.54687500000      0.1495903D-01
 13960.54687500000      0.1495561D-01
 14010.54687500000      0.1495265D-01
 14060.54687500000      0.1494842D-01
 14069.41015625000      0.1494914D-01
 14119.41015625000      0.1494921D-01
 14162.87988281250      0.1494467D-01
 14162.91308593750      0.1494599D-01
 14165.56640625000      0.1508894D-01
 14170.87207031250      0.1508822D-01
 14220.87207031250      0.1508205D-01
 14270.87207031250      0.1507619D-01
 14320.87207031250      0.1507199D-01
 14351.70996093750      0.1507114D-01
 14351.72656250000      0.1507419D-01
 14354.34472656250      0.1514715D-01
 14359.58105468750      0.1514645D-01
 14409.58105468750      0.1514018D-01
 14459.58105468750      0.1513400D-01
 14509.58105468750      0.1513135D-01
 14541.50976562500      0.1512908D-01
 14541.55957031250      0.1513290D-01
 14544.36328125000      0.1513288D-01
 14549.97070312500      0.1516960D-01
 14599.97070312500      0.1516839D-01
 14649.97070312500      0.1516928D-01
 14699.97070312500      0.1517279D-01
 14749.97070312500      0.1517645D-01
 14799.97070312500      0.1517907D-01
 14821.90039062500      0.1518202D-01
 14822.13378906250      0.1518230D-01
 14824.18652343750      0.1518404D-01
 14828.29296875000      0.1518788D-01
 14878.29296875000      0.1524662D-01
 14928.29296875000      0.1529220D-01
 14978.29296875000      0.1533907D-01
 15028.29296875000      0.1538513D-01
 15078.29296875000      0.1543130D-01
 15083.76953125000      0.1543714D-01
 15083.78710937500      0.1544411D-01
 15086.50683593750      0.1552898D-01
 15091.94628906250      0.1553326D-01
 15141.94628906250      0.1557409D-01
 15191.94628906250      0.1561804D-01
 15241.94628906250      0.1566320D-01
 15291.94628906250      0.1570795D-01
 15341.94628906250      0.1575224D-01
 15346.87988281250      0.1575837D-01
 15396.87988281250      0.1580573D-01
 15434.58984375000      0.1583789D-01
 15434.94042968750      0.1728830D-01
 15436.94824218750      0.1847579D-01
 15440.96582031250      0.1847782D-01
 15490.96582031250      0.1850249D-01
 15540.96582031250      0.1853238D-01
 15590.96582031250      0.1855439D-01
 15629.37988281250      0.1857150D-01
 15679.37988281250      0.1859160D-01
 15729.37988281250      0.1860981D-01
 15779.37988281250      0.1862729D-01
 15824.17968750000      0.1864233D-01
 15824.64648437500      0.2015381D-01
 15826.64648437500      0.2141764D-01
 15830.64648437500      0.2141976D-01
 15880.64648437500      0.2144349D-01
 15930.64648437500      0.2147115D-01
 15980.64648437500      0.2149148D-01
 16030.64648437500      0.2150951D-01
 16052.63964843750      0.2151848D-01
 16052.69042968750      0.2152074D-01
 16055.51269531250      0.2152172D-01
 16061.15722656250      0.2155264D-01
 16111.15722656250      0.2156942D-01
 16161.15722656250      0.2158633D-01
 16211.15722656250      0.2160254D-01
 16261.15722656250      0.2161671D-01
 16276.95996093750      0.2162202D-01
 16277.69335937500      0.2162315D-01
 16279.65527343750      0.2162663D-01
 16283.57910156250      0.2163634D-01
 16333.57910156250      0.2172661D-01
 16365.50000000000      0.2178169D-01
 16365.70019531250      0.2178261D-01
 16367.80957031250      0.2179021D-01
 16372.03027343750      0.2180603D-01
 16422.03125000000      0.2200967D-01
 16472.03125000000      0.2218546D-01
 16522.03125000000      0.2236269D-01
 16572.03125000000      0.2253396D-01
 16622.03125000000      0.2270020D-01
 16672.03125000000      0.2286138D-01
 16700.43945312500      0.2295152D-01
 16700.45703125000      0.2295257D-01
 16702.94335937500      0.2305379D-01
 16707.91992187500      0.2306889D-01
 16757.91992187500      0.2321933D-01
 16807.91992187500      0.2336579D-01
 16857.91992187500      0.2350877D-01
 16868.67968750000      0.2353960D-01
 16918.67968750000      0.2367908D-01
 16968.67968750000      0.2381468D-01
 17018.67968750000      0.2395319D-01
 17036.91015625000      0.2400315D-01
 17037.02734375000      0.2400551D-01
 17039.66015625000      0.2463326D-01
 17044.92773437500      0.2464242D-01
 17094.92773437500      0.2472760D-01
 17144.92773437500      0.2481079D-01
 17194.92773437500      0.2489403D-01
 17244.92773437500      0.2497470D-01
 17294.92773437500      0.2505689D-01
 17344.92773437500      0.2513813D-01
 17384.42968750000      0.2520200D-01
 17434.42968750000      0.2528171D-01
 17484.42968750000      0.2535758D-01
 17534.42968750000      0.2543265D-01
 17558.19921875000      0.2546852D-01
 17558.21679687500      0.2547347D-01
 17560.75000000000      0.2557150D-01
 17565.81445312500      0.2557832D-01
 17615.81445312500      0.2564477D-01
 17665.81445312500      0.2571032D-01
 17715.81445312500      0.2577976D-01
 17732.77929687500      0.2580626D-01
 17733.34570312500      0.2803279D-01
 17735.40429687500      0.2977790D-01
 17739.51953125000      0.2978108D-01
 17789.51953125000      0.2981694D-01
 17839.51953125000      0.2986674D-01
 17889.51953125000      0.2990060D-01
 17939.51953125000      0.2993562D-01
 17940.71093750000      0.2993788D-01
 17940.72656250000      0.2994387D-01
 17943.47851562500      0.3001061D-01
 17948.98242187500      0.3001403D-01
 17998.98242187500      0.3004157D-01
 18048.98242187500      0.3006694D-01
 18098.98242187500      0.3009215D-01
 18148.98242187500      0.3011516D-01
 18198.98242187500      0.3013664D-01
 18248.98242187500      0.3015502D-01
 18254.35937500000      0.3015935D-01
 18254.39257812500      0.3016488D-01
 18257.12304687500      0.3029909D-01
 18262.58593750000      0.3030080D-01
 18312.58593750000      0.3031508D-01
 18362.58593750000      0.3032742D-01
 18412.58593750000      0.3034177D-01
 18462.58593750000      0.3035471D-01
 18465.84960937500      0.3035829D-01
 18515.84960937500      0.3037367D-01
 18565.84960937500      0.3038220D-01
 18615.84960937500      0.3039256D-01
 18665.84960937500      0.3040096D-01
 18677.34960937500      0.3040388D-01
 18677.48242187500      0.3040935D-01
 18679.07812500000      0.3040980D-01
 18682.26757812500      0.3054948D-01
 18732.26757812500      0.3056157D-01
 18778.47070312500      0.3057190D-01
 18778.48632812500      0.3057823D-01
 18780.97460937500      0.3065691D-01
 18785.94921875000      0.3065792D-01
 18835.94921875000      0.3066712D-01
 18885.94921875000      0.3067516D-01
 18935.94921875000      0.3068553D-01
 18985.94921875000      0.3069609D-01
 19035.94921875000      0.3070375D-01
 19083.50976562500      0.3071041D-01
 19083.59375000000      0.3071586D-01
 19086.26953125000      0.3107285D-01
 19091.62304687500      0.3107315D-01
 19141.62304687500      0.3107941D-01
 19191.62304687500      0.3108330D-01
 19241.62304687500      0.3109099D-01
 19291.62304687500      0.3109684D-01
 19292.60937500000      0.3110090D-01
 19292.66015625000      0.3110755D-01
 19295.40429687500      0.3131596D-01
 19300.89453125000      0.3131616D-01
 19350.89453125000      0.3131860D-01
 19400.89453125000      0.3131874D-01
 19450.89453125000      0.3132204D-01
 19500.89453125000      0.3132458D-01
 19505.32031250000      0.3132886D-01
 19505.36914062500      0.3133437D-01
 19508.13281250000      0.3153713D-01
 19513.65820312500      0.3153700D-01
 19563.65820312500      0.3153569D-01
 19613.65820312500      0.3153294D-01
 19663.65820312500      0.3153276D-01
 19713.65820312500      0.3153309D-01
 19721.75976562500      0.3153675D-01
 19771.75976562500      0.3153679D-01
 19821.75976562500      0.3153080D-01
 19871.75976562500      0.3152891D-01
 19921.75976562500      0.3152589D-01
 19971.75976562500      0.3152263D-01
 20021.75976562500      0.3152066D-01
 20046.41992187500      0.3152096D-01
 20046.47070312500      0.3152649D-01
 20049.25585937500      0.3152631D-01
 20054.82421875000      0.3157663D-01
 20104.82421875000      0.3157193D-01
 20154.82421875000      0.3156693D-01
 20204.82421875000      0.3156697D-01
 20254.82421875000      0.3156510D-01
 20259.13085937500      0.3156967D-01
 20259.16406250000      0.3157645D-01
 20261.91992187500      0.3171527D-01
 20267.43554687500      0.3171460D-01
 20317.43554687500      0.3171045D-01
 20366.72070312500      0.3170408D-01
 20367.00390625000      0.3273232D-01
 20369.07226562500      0.3354549D-01
 20373.20898437500      0.3355240D-01
 20423.20898437500      0.3355849D-01
 20473.20898437500      0.3356850D-01
 20486.10937500000      0.3357288D-01
 20486.71093750000      0.3357331D-01
 20488.73437500000      0.3357481D-01
 20492.78125000000      0.3357997D-01
 20542.78125000000      0.3361556D-01
 20583.00000000000      0.3364502D-01
 20583.43359375000      0.3522512D-01
 20585.55078125000      0.3643677D-01
 20589.78710937500      0.3646581D-01
 20639.78710937500      0.3650462D-01
 20689.78710937500      0.3654946D-01
 20739.78710937500      0.3658594D-01
 20789.78710937500      0.3661924D-01
 20807.31054687500      0.3663316D-01
 20807.41015625000      0.3663736D-01
 20810.16210937500      0.3699341D-01
 20815.66601562500      0.3699712D-01
 20865.66601562500      0.3703411D-01
 20915.66601562500      0.3706263D-01
 20965.66601562500      0.3709210D-01
 21015.66601562500      0.3711952D-01
 21040.08007812500      0.3713417D-01
 21040.11328125000      0.3713783D-01
 21042.84960937500      0.3725813D-01
 21048.32031250000      0.3726073D-01
 21098.32031250000      0.3728469D-01
 21148.32031250000      0.3730414D-01
 21198.32031250000      0.3732446D-01
 21248.32031250000      0.3734444D-01
 21275.82031250000      0.3735595D-01
 21275.93750000000      0.3736011D-01
 21278.71875000000      0.3775478D-01
 21284.28125000000      0.3775660D-01
 21334.28125000000      0.3777774D-01
 21384.28125000000      0.3779044D-01
 21434.28125000000      0.3780572D-01
 21484.28125000000      0.3782234D-01
 21522.56054687500      0.3783373D-01
 21522.66015625000      0.3783701D-01
 21525.44726562500      0.3816720D-01
 21531.02148437500      0.3816853D-01
 21581.02148437500      0.3818551D-01
 21631.02148437500      0.3819535D-01
 21681.02148437500      0.3820769D-01
 21731.02148437500      0.3821789D-01
 21779.58984375000      0.3822622D-01
 21779.64062500000      0.3822919D-01
 21782.38476562500      0.3839527D-01
 21787.87500000000      0.3839598D-01
 21837.87500000000      0.3840410D-01
 21887.87500000000      0.3840886D-01
 21937.87500000000      0.3841581D-01
 21987.87500000000      0.3842202D-01
 22037.87500000000      0.3842638D-01
 22042.08007812500      0.3842932D-01
 22042.17968750000      0.3843380D-01
 22045.03125000000      0.3874164D-01
 22050.73437500000      0.3874198D-01
 22100.73437500000      0.3874841D-01
 22150.73437500000      0.3874977D-01
 22179.16015625000      0.3875449D-01
 22179.25976562500      0.3875759D-01
 22182.11328125000      0.3905684D-01
 22187.82031250000      0.3905731D-01
 22237.82031250000      0.3906401D-01
 22287.82031250000      0.3906668D-01
 22337.82031250000      0.3907156D-01
 22387.82031250000      0.3907502D-01
 22437.82031250000      0.3907839D-01
 22487.82031250000      0.3908034D-01
 22537.82031250000      0.3908236D-01
 22587.82031250000      0.3908244D-01
 22609.51953125000      0.3908354D-01
 22609.63671875000      0.3908618D-01
 22612.51757812500      0.3942019D-01
 22618.27734375000      0.3942018D-01
 22668.27734375000      0.3942278D-01
 22718.27734375000      0.3942145D-01
 22768.27734375000      0.3942117D-01
 22818.27734375000      0.3942037D-01
 22868.27734375000      0.3941869D-01
 22912.89062500000      0.3941725D-01
 22913.03906250000      0.3982150D-01
 22914.81835937500      0.4015551D-01
 22918.37304687500      0.4015957D-01
 22968.37304687500      0.4016031D-01
 23018.37304687500      0.4016236D-01
 23068.37304687500      0.4016505D-01
 23118.37304687500      0.4016722D-01
 23168.37304687500      0.4016868D-01
 23218.37304687500      0.4016954D-01
 23240.42968750000      0.4017098D-01
 23240.51367187500      0.4017299D-01
 23243.43750000000      0.4038967D-01
 23249.28710937500      0.4038968D-01
 23299.28710937500      0.4039121D-01
 23349.28710937500      0.4039068D-01
 23399.28710937500      0.4039155D-01
 23449.28710937500      0.4039199D-01
 23499.28710937500      0.4039135D-01
 23549.28710937500      0.4039015D-01
 23583.11914062500      0.4038981D-01
 23583.25390625000      0.4039133D-01
 23586.20312500000      0.4072305D-01
 23592.10156250000      0.4072303D-01
 23642.10156250000      0.4072346D-01
 23692.10156250000      0.4072180D-01
 23742.10156250000      0.4072099D-01
 23792.10156250000      0.4071961D-01
 23842.10156250000      0.4071829D-01
 23892.10156250000      0.4071630D-01
 23942.10156250000      0.4071391D-01
 23953.24023437500      0.4071434D-01
 23953.33984375000      0.4071593D-01
 23956.32031250000      0.4095435D-01
 23962.28320312500      0.4095414D-01
 24012.28320312500      0.4095272D-01
 24062.28320312500      0.4095038D-01
 24112.28320312500      0.4094933D-01
 24150.10937500000      0.4094896D-01
 24150.17578125000      0.4095027D-01
 24153.13867187500      0.4110886D-01
 24159.06250000000      0.4110861D-01
 24209.06250000000      0.4110780D-01
 24259.06250000000      0.4110599D-01
 24309.06250000000      0.4110454D-01
 24359.06250000000      0.4110334D-01
 24409.06250000000      0.4110178D-01
 24459.06250000000      0.4109970D-01
 24509.06250000000      0.4109763D-01
 24559.06250000000      0.4109536D-01
 24561.33984375000      0.4109593D-01
 24561.49023437500      0.4109776D-01
 24563.26367187500      0.4142825D-01
 24566.81250000000      0.4142821D-01
 24616.81250000000      0.4142727D-01
 24666.81250000000      0.4142521D-01
 24716.81250000000      0.4142376D-01
 24766.81250000000      0.4142202D-01
 24816.81250000000      0.4142043D-01
 24866.81250000000      0.4141799D-01
 24916.81250000000      0.4141579D-01
 24966.81250000000      0.4141328D-01
 25016.81250000000      0.4141033D-01
 25018.26953125000      0.4141148D-01
 25019.76953125000      0.4141177D-01
 25021.80859375000      0.4141266D-01
 25025.88671875000      0.4141960D-01
 25075.88671875000      0.4143547D-01
 25125.88671875000      0.4144993D-01
 25175.88671875000      0.4146831D-01
 25225.88671875000      0.4148581D-01
 25275.88671875000      0.4150284D-01
 25325.88671875000      0.4152072D-01
 25342.92968750000      0.4153074D-01
 25392.92968750000      0.4154861D-01
 25442.92968750000      0.4155958D-01
 25492.92968750000      0.4157480D-01
 25542.92968750000      0.4158894D-01
 25559.36914062500      0.4159604D-01
 25559.38671875000      0.4160327D-01
 25562.22851562500      0.4160394D-01
 25567.91210937500      0.4162188D-01
 25617.91210937500      0.4163165D-01
 25667.91210937500      0.4164110D-01
 25717.91210937500      0.4165647D-01
 25767.91210937500      0.4167016D-01
 25817.91210937500      0.4168334D-01
 25867.91210937500      0.4169520D-01
 25882.14062500000      0.4170400D-01
 25882.15625000000      0.4171070D-01
 25884.95312500000      0.4171112D-01
 25890.54492187500      0.4172917D-01
 25940.54492187500      0.4173707D-01
 25990.54492187500      0.4174618D-01
 26040.54492187500      0.4176352D-01
 26090.54492187500      0.4177696D-01
 26140.54492187500      0.4179172D-01
 26190.54492187500      0.4180675D-01
 26203.05078125000      0.4181472D-01
 26203.25000000000      0.4254543D-01
 26205.54687500000      0.4307140D-01
 26210.14062500000      0.4311014D-01
 26260.14062500000      0.4312738D-01
 26310.14062500000      0.4314538D-01
 26360.14062500000      0.4316587D-01
 26410.14062500000      0.4318527D-01
 26432.93945312500      0.4319580D-01
 26433.27343750000      0.4319616D-01
 26435.70507812500      0.4319773D-01
 26440.56835937500      0.4320096D-01
 26490.56835937500      0.4329303D-01
 26540.56835937500      0.4332469D-01
 26590.56835937500      0.4336847D-01
 26640.56835937500      0.4340602D-01
 26690.56835937500      0.4344388D-01
 26739.66015625000      0.4348077D-01
 26739.69335937500      0.4348725D-01
 26742.27343750000      0.4363888D-01
 26747.43164062500      0.4364206D-01
 26797.43164062500      0.4368187D-01
 26847.43164062500      0.4371034D-01
 26897.43164062500      0.4374641D-01
 26947.43164062500      0.4377813D-01
 26997.43164062500      0.4381125D-01
 27047.43164062500      0.4384445D-01
 27049.81054687500      0.4385107D-01
 27099.81054687500      0.4388576D-01
 27149.81054687500      0.4390987D-01
 27153.18945312500      0.4391793D-01
 27153.42382812500      0.4477439D-01
 27155.79687500000      0.4537328D-01
 27160.54296875000      0.4543461D-01
 27210.54296875000      0.4546909D-01
 27260.54296875000      0.4550858D-01
 27310.54296875000      0.4554564D-01
 27360.54296875000      0.4558131D-01
 27377.50000000000      0.4559720D-01
 27427.50000000000      0.4563280D-01
 27477.50000000000      0.4566064D-01
 27527.50000000000      0.4569321D-01
 27577.50000000000      0.4572343D-01
 27601.81054687500      0.4574038D-01
 27601.84375000000      0.4574713D-01
 27604.79296875000      0.4574872D-01
 27610.69140625000      0.4579012D-01
 27660.69140625000      0.4581677D-01
 27710.69140625000      0.4584555D-01
 27760.69140625000      0.4587888D-01
 27810.69140625000      0.4591138D-01
 27823.43945312500      0.4592344D-01
 27823.62304687500      0.4655463D-01
 27826.86914062500      0.4699966D-01
 27835.07031250000      0.4704684D-01
 27885.07031250000      0.4707912D-01
 27935.07031250000      0.4711267D-01
 27985.07031250000      0.4714681D-01
 28035.07031250000      0.4718070D-01
 28060.68945312500      0.4719973D-01
 28060.77343750000      0.4720495D-01
 28063.65429687500      0.4720685D-01
 28069.41796875000      0.4730462D-01
 28119.41796875000      0.4733558D-01
 28169.41796875000      0.4737080D-01
 28219.41796875000      0.4740674D-01
 28269.41796875000      0.4744269D-01
 28290.57031250000      0.4746091D-01
 28290.58593750000      0.4746722D-01
 28293.54882812500      0.4746906D-01
 28299.47265625000      0.4748913D-01
 28349.47265625000      0.4751882D-01
 28399.47265625000      0.4754762D-01
 28449.47265625000      0.4758231D-01
 28499.47265625000      0.4761497D-01
 28519.03906250000      0.4763086D-01
 28519.07421875000      0.4763734D-01
 28521.90429687500      0.4776042D-01
 28527.56445312500      0.4776341D-01
 28577.56445312500      0.4779822D-01
 28627.56445312500      0.4782314D-01
 28677.56445312500      0.4785601D-01
 28727.56445312500      0.4788549D-01
 28750.34960937500      0.4790147D-01
 28750.44921875000      0.4790824D-01
 28753.33593750000      0.4825227D-01
 28759.10937500000      0.4825507D-01
 28809.10937500000      0.4830270D-01
 28859.10937500000      0.4832776D-01
 28909.10937500000      0.4835941D-01
 28959.10937500000      0.4838721D-01
 28990.68945312499      0.4840732D-01
 28990.80664062499      0.4841338D-01
 28993.71289062499      0.4841511D-01
 28999.52343750000      0.4855578D-01
 29049.52343750000      0.4858398D-01
 29099.52343750000      0.4862069D-01
 29149.52343750000      0.4865235D-01
 29199.52343750000      0.4868460D-01
 29220.57031250000      0.4870045D-01
 29220.58593750000      0.4870834D-01
 29223.33789062499      0.4876966D-01
 29228.84375000000      0.4877241D-01
 29278.84375000000      0.4879982D-01
 29328.84375000000      0.4882396D-01
 29378.84375000000      0.4885450D-01
 29428.84375000000      0.4888326D-01
 29451.89062500000      0.4889931D-01
 29452.95703124999      0.5083573D-01
 29455.09960937499      0.5272106D-01
 29459.38281250000      0.5272432D-01
 29509.38281250000      0.5276082D-01
 29559.38281250000      0.5279895D-01
 29609.38281250000      0.5283449D-01
 29644.66015624999      0.5285965D-01
 29645.09375000000      0.5285989D-01
 29647.33789062499      0.5286199D-01
 29651.82421874999      0.5286607D-01
 29701.82421874999      0.5292842D-01
 29751.82421874999      0.5297125D-01
 29801.82421874999      0.5301832D-01
 29851.82421874999      0.5306279D-01
 29901.82421874999      0.5310573D-01
 29951.82421874999      0.5314790D-01
 30001.82421874999      0.5318773D-01
 30051.82421874999      0.5322748D-01
 30099.71093750000      0.5326431D-01
 30100.24414062499      0.5326481D-01
 30102.45312500000      0.5326718D-01
 30106.87500000000      0.5327338D-01
 30156.87500000000      0.5332560D-01
 30206.87500000000      0.5337605D-01
 30219.88085937499      0.5339538D-01
 30221.16406250000      0.5537706D-01
 30223.28906250000      0.5729426D-01
 30227.54296874999      0.5729798D-01
 30277.54296874999      0.5734105D-01
 30327.54296874999      0.5738462D-01
 30377.54296874999      0.5742635D-01
 30427.54296874999      0.5746738D-01
 30460.21093750000      0.5749412D-01
 30461.69335937499      0.5749638D-01
 30463.84960937499      0.5750106D-01
 30468.16015624999      0.5751629D-01
 30518.16015624999      0.5761980D-01
 30568.16015624999      0.5772511D-01
 30571.68945312499      0.5773916D-01
 30571.72265624999      0.5774646D-01
 30574.66015624999      0.5785273D-01
 30580.53515624999      0.5786474D-01
 30630.53515624999      0.5798160D-01
 30680.53515624999      0.5808144D-01
 30730.53515624999      0.5818537D-01
 30780.53515624999      0.5828327D-01
 30797.36914062499      0.5831958D-01
 30797.40429687499      0.5832607D-01
 30800.29687500000      0.5843180D-01
 30806.08789062499      0.5844224D-01
 30856.08789062499      0.5854246D-01
 30906.08789062499      0.5863062D-01
 30956.08789062499      0.5872379D-01
 31006.08789062499      0.5881083D-01
 31025.83984374999      0.5884805D-01
 31026.12304687499      0.5960718D-01
 31028.60742187499      0.6010912D-01
 31033.57617187499      0.6019828D-01
 31083.57617187499      0.6027820D-01
 31133.57617187499      0.6036491D-01
 31153.46093750000      0.6039872D-01
 31153.67578124999      0.6039910D-01
 31156.28125000000      0.6040505D-01
 31161.49023437499      0.6041474D-01
 31211.49023437499      0.6054397D-01
 31261.49023437499      0.6063078D-01
 31270.58007812499      0.6065637D-01
 31270.77929687499      0.6118688D-01
 31274.02539062499      0.6153158D-01
 31282.84570312499      0.6160822D-01
 31332.84570312499      0.6169191D-01
 31382.84570312499      0.6177972D-01
 31432.84570312499      0.6186096D-01
 31482.84570312499      0.6194260D-01
 31524.08984374999      0.6201075D-01
 31524.42382812499      0.6201579D-01
 31526.77148437499      0.6202038D-01
 31531.46484374999      0.6202978D-01
 31581.46484374999      0.6212457D-01
 31631.46484374999      0.6221619D-01
 31635.57031250000      0.6223198D-01
 31635.58593750000      0.6223990D-01
 31638.56054687499      0.6229152D-01
 31644.50976562499      0.6230234D-01
 31694.50976562499      0.6239432D-01
 31744.50976562499      0.6247876D-01
 31794.50976562499      0.6256873D-01
 31844.50976562499      0.6265441D-01
 31859.88085937499      0.6268638D-01
 31859.89648437499      0.6269437D-01
 31862.76171874999      0.6274768D-01
 31868.49218750000      0.6275699D-01
 31918.49218750000      0.6284186D-01
 31968.49218750000      0.6291837D-01
 31972.71093750000      0.6293368D-01
 31972.72656250000      0.6294147D-01
 31975.75195312499      0.6299280D-01
 31981.80468750000      0.6300189D-01
 32031.80468750000      0.6308033D-01
 32081.80468750000      0.6315150D-01
 32131.80468750000      0.6323013D-01
 32181.80468750000      0.6330263D-01
 32199.77929687499      0.6333295D-01
 32199.81250000000      0.6334101D-01
 32202.72656250000      0.6344347D-01
 32208.55078124999      0.6345116D-01
 32258.55078124999      0.6353331D-01
 32308.55078124999      0.6359898D-01
 32314.72070312499      0.6361670D-01
 32364.72070312499      0.6368817D-01
 32414.72070312499      0.6375017D-01
 32429.66015624999      0.6377744D-01
 32429.67578124999      0.6378537D-01
 32432.57812500000      0.6383639D-01
 32438.37890624999      0.6384350D-01
 32488.37890624999      0.6390802D-01
 32538.37890624999      0.6396605D-01
 32588.37890624999      0.6403150D-01
 32638.37890624999      0.6409269D-01
 32660.98046874999      0.6412373D-01
 32661.06250000000      0.6413209D-01
 32664.03710937499      0.6413568D-01
 32669.98632812499      0.6425381D-01
 32719.98632812499      0.6431651D-01
 32769.98828124999      0.6439436D-01
 32773.14062500000      0.6440265D-01
 32773.19140624999      0.6441329D-01
 32776.21484374999      0.6455793D-01
 32782.26953124999      0.6456526D-01
 32832.26953124999      0.6464858D-01
 32882.26953124999      0.6470659D-01
 32932.26953124999      0.6477471D-01
 32982.26953124999      0.6483563D-01
 33032.26953124999      0.6489729D-01
 33082.26953124999      0.6495720D-01
 33115.82812500000      0.6499907D-01
 33115.86328124999      0.6500774D-01
 33118.70312500000      0.6511065D-01
 33124.38671874999      0.6511691D-01
 33174.38671874999      0.6518802D-01
 33224.38671874999      0.6524114D-01
 33274.38671874999      0.6530426D-01
 33324.38671874999      0.6536103D-01
 33347.14843750000      0.6539120D-01
 33347.16796874999      0.6539939D-01
 33349.99609374999      0.6545092D-01
 33355.65625000000      0.6545658D-01
 33405.65625000000      0.6551190D-01
 33455.65625000000      0.6556057D-01
 33463.53906250000      0.6557875D-01
 33463.57421874999      0.6558648D-01
 33466.57421874999      0.6558953D-01
 33472.57421874999      0.6563793D-01
 33522.57421874999      0.6568778D-01
 33572.57421874999      0.6574013D-01
 33578.48046874999      0.6575561D-01
 33578.59765624999      0.6576591D-01
 33581.67187500000      0.6608087D-01
 33587.82421874999      0.6608693D-01
 33637.82421874999      0.6619241D-01
 33687.82421874999      0.6624296D-01
 33737.82421874999      0.6631079D-01
 33787.82421874999      0.6636215D-01
 33818.82031250000      0.6639911D-01
 33818.90234374999      0.6640659D-01
 33821.89843750000      0.6663558D-01
 33827.88671874999      0.6664147D-01
 33877.88671874999      0.6672558D-01
 33927.88671874999      0.6677243D-01
 33977.88671874999      0.6683018D-01
 34027.88671874999      0.6688040D-01
 34067.21093750000      0.6692143D-01
 34067.41015624999      0.6741264D-01
 34070.65625000000      0.6772363D-01
 34079.87500000000      0.6779860D-01
 34129.87500000000      0.6785108D-01
 34179.87500000000      0.6791055D-01
 34202.28906250000      0.6793752D-01
 34202.52343750000      0.6846048D-01
 34205.02343750000      0.6880971D-01
 34210.02734374999      0.6886931D-01
 34260.02734374999      0.6892363D-01
 34310.02734374999      0.6898175D-01
 34352.75000000000      0.6902982D-01
 34352.93359374999      0.6941804D-01
 34356.17968750000      0.6968922D-01
 34364.61328124999      0.6973079D-01
 34414.61328124999      0.6978373D-01
 34464.61328124999      0.6983704D-01
 34514.61328124999      0.6989340D-01
 34517.96875000000      0.6989962D-01
 34518.17187500000      0.6989985D-01
 34521.41406250000      0.6990388D-01
 34530.28906250000      0.6991441D-01
 34580.28906250000      0.6999040D-01
 34630.28906250000      0.7004783D-01
 34667.21093750000      0.7009530D-01
 34667.24218750000      0.7009865D-01
 34670.47265624999      0.7010229D-01
 34676.92968750000      0.7013594D-01
 34726.92968750000      0.7019223D-01
 34776.92968750000      0.7024844D-01
 34814.08984374999      0.7029309D-01
 34814.10546874999      0.7029743D-01
 34817.35156250000      0.7030097D-01
 34824.00781250000      0.7032005D-01
 34874.00781250000      0.7037345D-01
 34924.00781250000      0.7042601D-01
 34959.80078124999      0.7046812D-01
 35009.80078124999      0.7052253D-01
 35059.80078124999      0.7057679D-01
 35109.80078124999      0.7063197D-01
 35159.80078124999      0.7068556D-01
 35209.80078124999      0.7073836D-01
 35251.23046874999      0.7078194D-01
 35251.37890624999      0.7078633D-01
 35253.17578124999      0.7111229D-01
 35256.76953124999      0.7111573D-01
 35306.76953124999      0.7119754D-01
 35356.76953124999      0.7124394D-01
 35406.76953124999      0.7129666D-01
 35408.05078124999      0.7130010D-01
 35408.10156250000      0.7130530D-01
 35411.27343750000      0.7141139D-01
 35417.61718750000      0.7141707D-01
 35467.61718750000      0.7147104D-01
 35517.61718750000      0.7151470D-01
 35567.61718750000      0.7156301D-01
 35568.96875000000      0.7156701D-01
 35569.20312500000      0.7156735D-01
 35571.82421874999      0.7157072D-01
 35577.06250000000      0.7157625D-01
 35627.06250000000      0.7165563D-01
 35677.06250000000      0.7170691D-01
 35712.42968750000      0.7175115D-01
 35712.44531250000      0.7175459D-01
 35715.30078124999      0.7179783D-01
 35721.00781250000      0.7180362D-01
 35771.00781250000      0.7185702D-01
 35821.00781250000      0.7190558D-01
 35871.00781250000      0.7195915D-01
 35921.00781250000      0.7201002D-01
 35971.00781250000      0.7206076D-01
 36001.57812500000      0.7209274D-01
 36051.57812500000      0.7214259D-01
 36101.57812500000      0.7218851D-01
 36146.14843750000      0.7223276D-01
 36146.39843750000      0.7273710D-01
 36148.92187500000      0.7307712D-01
 36153.96484374999      0.7313271D-01
 36203.96484374999      0.7318278D-01
 36253.96484374999      0.7323501D-01
 36303.96484374999      0.7328662D-01
 36353.96484374999      0.7333747D-01
 36403.96484374999      0.7338732D-01
 36453.96484374999      0.7343645D-01
 36473.69140624999      0.7345729D-01
 36473.75781250000      0.7346135D-01
 36476.91406250000      0.7346442D-01
 36483.22265624999      0.7351992D-01
 36533.22265624999      0.7356717D-01
 36583.22265624999      0.7361692D-01
 36631.85937500000      0.7366467D-01
 36632.01171874999      0.7366855D-01
 36633.83984374999      0.7367037D-01
 36637.50390624999      0.7379939D-01
 36687.50390624999      0.7385172D-01
 36737.50390624999      0.7391918D-01
 36787.50390624999      0.7397274D-01
 36837.50390624999      0.7402875D-01
 36887.50390624999      0.7408313D-01
 36925.58984374999      0.7412538D-01
 36925.70703124999      0.7413009D-01
 36928.87109374999      0.7437394D-01
 36935.19531250000      0.7438026D-01
 36985.19531250000      0.7445894D-01
 37035.19531250000      0.7450721D-01
 37081.10937500000      0.7455810D-01
 37081.14453124999      0.7456107D-01
 37084.39062500000      0.7456419D-01
 37091.17578124999      0.7459512D-01
 37141.17578124999      0.7464316D-01
 37191.17578124999      0.7469210D-01
 37234.03906250000      0.7473674D-01
 37234.07421874999      0.7474063D-01
 37237.09375000000      0.7481541D-01
 37243.13281250000      0.7482110D-01
 37293.13281250000      0.7487842D-01
 37343.13281250000      0.7492623D-01
 37389.55078124999      0.7497551D-01
 37389.71484374999      0.7497557D-01
 37392.96093750000      0.7498044D-01
 37402.86328124999      0.7499094D-01
 37452.86328124999      0.7506487D-01
 37502.86328124999      0.7511599D-01
 37552.86328124999      0.7517403D-01
 37602.86328124999      0.7522787D-01
 37652.86328124999      0.7528162D-01
 37676.46093750000      0.7530949D-01
 37676.55859374999      0.7531478D-01
 37679.76562500000      0.7552304D-01
 37686.17968750000      0.7552929D-01
 37736.17968750000      0.7560703D-01
 37786.17968750000      0.7565475D-01
 37826.92187500000      0.7570150D-01
 37827.00390624999      0.7570462D-01
 37830.25000000000      0.7570787D-01
 37836.76562500000      0.7578556D-01
 37886.76562500000      0.7583833D-01
 37936.76562500000      0.7589967D-01
 37971.48828124999      0.7593848D-01
 37971.52343750000      0.7594435D-01
 37974.76953124999      0.7594772D-01
 37981.49218750000      0.7598311D-01
 38031.49218750000      0.7603540D-01
 38081.49218750000      0.7608987D-01
 38113.85156250000      0.7612848D-01
 38113.88281250000      0.7613353D-01
 38116.98828124999      0.7620831D-01
 38123.20312500000      0.7621467D-01
 38173.20312500000      0.7627584D-01
 38223.20312500000      0.7632579D-01
 38258.42187500000      0.7636762D-01
 38258.53515624999      0.7637194D-01
 38261.78125000000      0.7637542D-01
 38268.30078124999      0.7649098D-01
 38318.30078124999      0.7654538D-01
 38368.30078124999      0.7661639D-01
 38395.50000000000      0.7664660D-01
 38445.50000000000      0.7670805D-01
 38495.50000000000      0.7676402D-01
 38532.57812500000      0.7681045D-01
 38582.57812500000      0.7686990D-01
 38632.57812500000      0.7692635D-01
 38669.66015624999      0.7697148D-01
 38669.67578124999      0.7697634D-01
 38672.92187500000      0.7697970D-01
 38680.48046874999      0.7699995D-01
 38730.48046874999      0.7705285D-01
 38780.48046874999      0.7710575D-01
 38805.73046874999      0.7713939D-01
 38805.74609374999      0.7714498D-01
 38808.81250000000      0.7718640D-01
 38814.94531250000      0.7719270D-01
 38864.94531250000      0.7724932D-01
 38914.94531250000      0.7730056D-01
 38942.80859374999      0.7733610D-01
 38992.80859374999      0.7739222D-01
 39042.80859374999      0.7744444D-01
 39079.89062500000      0.7748894D-01
 39129.89062500000      0.7754570D-01
 39179.89062500000      0.7760000D-01
 39229.89062500000      0.7765719D-01
 39279.89062500000      0.7771242D-01
 39329.89062500000      0.7776850D-01
 39354.05078124999      0.7779824D-01
 39354.16796874999      0.7780415D-01
 39357.41406250000      0.7803865D-01
 39364.04296874999      0.7804537D-01
 39414.04296874999      0.7813557D-01
 39464.04296874999      0.7818560D-01
 39498.62890624999      0.7823067D-01
 39498.67968750000      0.7823455D-01
 39501.92578124999      0.7823786D-01
 39508.78906250000      0.7828753D-01
 39558.78906250000      0.7833893D-01
 39608.78906250000      0.7839398D-01
 39658.78906250000      0.7845218D-01
 39708.78906250000      0.7850968D-01
 39758.78906250000      0.7856683D-01
 39781.14843750000      0.7859542D-01
 39781.18359374999      0.7860104D-01
 39784.42968750000      0.7860451D-01
 39791.25000000000      0.7864146D-01
 39841.25000000000      0.7869460D-01
 39891.25000000000      0.7875005D-01
 39920.30078124999      0.7878703D-01
 39920.35156250000      0.7879297D-01
 39923.59375000000      0.7879657D-01
 39930.47265624999      0.7883763D-01
 39980.47265624999      0.7889623D-01
 40030.47265624999      0.7895455D-01
 40056.37109374999      0.7898447D-01
 40056.43750000000      0.7898468D-01
 40059.68359374999      0.7911824D-01
 40066.33984374999      0.7912602D-01
 40116.33984374999      0.7919805D-01
 40166.33984374999      0.7925513D-01
 40196.57031250000      0.7929819D-01
 40196.58593750000      0.7930329D-01
 40199.57421874999      0.7934352D-01
 40205.54687500000      0.7935037D-01
 40255.54687500000      0.7941277D-01
 40305.54687500000      0.7947122D-01
 40337.82812500000      0.7951619D-01
 40337.91406250000      0.7951629D-01
 40341.16015624999      0.7952023D-01
 40347.99218750000      0.7952859D-01
 40397.99218750000      0.7958952D-01
 40447.99218750000      0.7964987D-01
 40473.89843750000      0.7968110D-01
 40473.96484374999      0.7981430D-01
 40477.21093750000      0.7994955D-01
 40483.90234374999      0.7995801D-01
 40533.90234374999      0.8001999D-01
 40583.90234374999      0.8008131D-01
 40614.10156250000      0.8011812D-01
 40614.16796874999      0.8011815D-01
 40617.41406250000      0.8012233D-01
 40624.28125000000      0.8013121D-01
 40674.28125000000      0.8019427D-01
 40724.28125000000      0.8025695D-01
 40774.28125000000      0.8031894D-01
 40824.28125000000      0.8038064D-01
 40874.28125000000      0.8044367D-01
 40886.23828124999      0.8045883D-01
 40936.23828124999      0.8052178D-01
 40986.23828124999      0.8058442D-01
 41022.30859374999      0.8062933D-01
 41022.32812500000      0.8062942D-01
 41025.57031250000      0.8063349D-01
 41032.52343750000      0.8064227D-01
 41082.52343750000      0.8070505D-01
 41132.52343750000      0.8076720D-01
 41157.39062500000      0.8079803D-01
 41157.42187500000      0.8079814D-01
 41160.66796874999      0.8086971D-01
 41167.32812500000      0.8087789D-01
 41217.32812500000      0.8093931D-01
 41267.32812500000      0.8100023D-01
 41294.46875000000      0.8103334D-01
 41294.76953124999      0.8103364D-01
 41297.70312500000      0.8157794D-01
 41303.56640624999      0.8158491D-01
 41353.56640624999      0.8165210D-01
 41403.56640624999      0.8171027D-01
 41452.62890624999      0.8177469D-01
 41453.14843750000      0.8177558D-01
 41455.15625000000      0.8177891D-01
 41459.17578124999      0.8178673D-01
 41500.81640624999      0.8185636D-01
 41550.81640624999      0.8193918D-01
 41577.67187500000      0.8198342D-01
 41577.68750000000      0.8198345D-01
 41580.90625000000      0.8202402D-01
 41587.35156250000      0.8203459D-01
 41637.35156250000      0.8211579D-01
 41687.35156250000      0.8219603D-01
 41737.35156250000      0.8227559D-01
 41787.35156250000      0.8235444D-01
 41829.44921874999      0.8242029D-01
 41829.48437500000      0.8242036D-01
 41832.66015624999      0.8249769D-01
 41839.01562500000      0.8250757D-01
 41889.01562500000      0.8258475D-01
 41939.01562500000      0.8266112D-01
 41957.07031250000      0.8268864D-01
 41957.13671874999      0.8283202D-01
 41960.38281250000      0.8297934D-01
 41967.14453124999      0.8299036D-01
 42017.14453124999      0.8307070D-01
 42067.14453124999      0.8315037D-01
 42088.32031250000      0.8318389D-01
 42088.48828124999      0.8318422D-01
 42090.47265624999      0.8318787D-01
 42094.44921874999      0.8319535D-01
 42144.44921874999      0.8328403D-01
 42194.44921874999      0.8337190D-01
 42244.44921874999      0.8345899D-01
 42294.44921874999      0.8354525D-01
 42333.42968750000      0.8361210D-01
 42333.44531250000      0.8361212D-01
 42336.48437500000      0.8365312D-01
 42342.56250000000      0.8366387D-01
 42392.56250000000      0.8374854D-01
 42442.56250000000      0.8383239D-01
 42492.56250000000      0.8391568D-01
 42542.56250000000      0.8400093D-01
 42580.17187500000      0.8406477D-01
 42580.30468750000      0.8435697D-01
 42583.55078124999      0.8465078D-01
 42590.25781250000      0.8466281D-01
 42640.25781250000      0.8475114D-01
 42690.25781250000      0.8483849D-01
 42710.48828124999      0.8487371D-01
 42760.48828124999      0.8495990D-01
 42810.48828124999      0.8504508D-01
 42860.48828124999      0.8512941D-01
 42910.48828124999      0.8521293D-01
 42960.48828124999      0.8529571D-01
 42971.12890624999      0.8531398D-01
 43021.12890624999      0.8540116D-01
 43071.12890624999      0.8548855D-01
 43101.44921874999      0.8554135D-01
 43101.46484374999      0.8554141D-01
 43104.71093750000      0.8554708D-01
 43111.43750000000      0.8555895D-01
 43161.43750000000      0.8564610D-01
 43211.43750000000      0.8573253D-01
 43261.43750000000      0.8581837D-01
 43311.43750000000      0.8590341D-01
 43360.26953124999      0.8598604D-01
 43360.37109374999      0.8619829D-01
 43363.61718750000      0.8641315D-01
 43370.35156250000      0.8642507D-01
 43420.35156250000      0.8651219D-01
 43470.35156250000      0.8659852D-01
 43520.35156250000      0.8668442D-01
 43570.35156250000      0.8677161D-01
 43620.35156250000      0.8685821D-01
 43630.42968750000      0.8687560D-01
 43630.87890624999      0.8687665D-01
 43634.02343750000      0.8688435D-01
 43640.30468750000      0.8690024D-01
 43690.30468750000      0.8702119D-01
 43740.30468750000      0.8714093D-01
 43743.26953124999      0.8714811D-01
 43743.35156250000      0.8735809D-01
 43746.56250000000      0.8757289D-01
 43752.98437500000      0.8758854D-01
 43802.98437500000      0.8770874D-01
 43852.98437500000      0.8782759D-01
 43859.66015624999      0.8784335D-01
 43909.66015624999      0.8796076D-01
 43959.66015624999      0.8807687D-01
 43976.03906250000      0.8811495D-01
 43976.55859374999      0.8913517D-01
 43979.70703124999      0.9012809D-01
 43986.00781250000      0.9014373D-01
 44036.00781250000      0.9026575D-01
 44086.00781250000      0.9038568D-01
 44120.62109374999      0.9046759D-01
 44170.62109374999      0.9058398D-01
 44220.62109374999      0.9069844D-01
 44265.19921874999      0.9079910D-01
 44265.33203124999      0.9079949D-01
 44268.57812500000      0.9080765D-01
 44275.47265624999      0.9082491D-01
 44325.47265624999      0.9094759D-01
 44375.47265624999      0.9106819D-01
 44401.26953124999      0.9113001D-01
 44401.40234374999      0.9113030D-01
 44404.64843750000      0.9113871D-01
 44411.39843750000      0.9115619D-01
 44461.39843750000      0.9128364D-01
 44511.39843750000      0.9140906D-01
 44561.39843750000      0.9153251D-01
 44611.39843750000      0.9165700D-01
 44661.39843750000      0.9178054D-01
 44711.39843750000      0.9190381D-01
 44761.39843750000      0.9202697D-01
 44786.80078124999      0.9208909D-01
 44787.05078124999      0.9257449D-01
 44790.29687500000      0.9305827D-01
 44797.00781250000      0.9307505D-01
 44847.00781250000      0.9319831D-01
 44897.00781250000      0.9331974D-01
 44930.26171874999      0.9339946D-01
 44930.44921874999      0.9412812D-01
 44930.64062500000      0.9475008D-01
 44930.83203124999      0.9536310D-01
 44931.01953124999      0.9579228D-01
 44931.21093750000      0.9623046D-01
 44931.40234374999      0.9662132D-01
 44931.59375000000      0.9696764D-01
 44931.78125000000      0.9727556D-01
 44931.97265624999      0.9755069D-01
 44932.16406250000      0.9780325D-01
 44932.35546874999      0.9803293D-01
 44932.41015624999      0.9825926D-01
 44932.43750000000      0.9832767D-01
 44932.46875000000      0.9832767D-01
 44932.50000000000      0.9832767D-01
 44932.52734374999      0.9832757D-01
 44932.55859374999      0.9832752D-01
 44932.58593750000      0.9832757D-01
 44932.61718750000      0.9832762D-01
 44932.64453124999      0.9832767D-01
 44932.67578124999      0.9832781D-01
 44932.70312500000      0.9832786D-01
 44932.72656250000      0.9832792D-01
 44932.78515624999      0.9832791D-01
 44933.32421874999      0.9833409D-01
 44933.76171874999      0.9833456D-01
 44934.22656250000      0.9833550D-01
 44934.44140624999      0.9833600D-01
 44934.47656250000      0.9833627D-01
 44934.49218750000      0.9833644D-01
 44934.52734374999      0.9833653D-01
 44934.69140624999      0.9833768D-01
 44935.07812500000      0.9834146D-01
 44935.24218750000      0.9834326D-01
 44935.39453124999      0.9834527D-01
 44935.42578124999      0.9834576D-01
 44935.67578124999      0.9835462D-01
 44935.92578124999      0.9838815D-01
 44935.96093750000      0.9839699D-01
 44936.16015624999      0.9854006D-01
 44936.17578124999      0.9855223D-01
 44936.42578124999      0.9907709D-01
 44936.54296874999      0.9941517D-01
 44937.60156250000      0.1007830D+00
 44939.72265624999      0.1021756D+00
 44942.52734374999      0.1033203D+00
 44942.55859374999      0.1033357D+00
 44942.67578124999      0.1033879D+00
 44942.71093750000      0.1035888D+00
 44942.80859374999      0.1070480D+00
 44942.84375000000      0.1090586D+00
 44942.87500000000      0.1108076D+00
 44942.96875000000      0.1142895D+00
 44943.16406250000      0.1168850D+00
 44943.55859374999      0.1188768D+00
 44946.92578124999      0.1238798D+00
 44946.94140624999      0.1245312D+00
 44946.96093750000      0.1288650D+00
 44946.97656250000      0.1311047D+00
 44946.99609374999      0.1321018D+00
 44947.01171874999      0.1323411D+00
 44947.03906250000      0.1324875D+00
 44947.09765624999      0.1329432D+00
 44947.12890624999      0.1333218D+00
 44947.14062500000      0.1336483D+00
 44947.14843750000      0.1338942D+00
 44947.16015624999      0.1341042D+00
 44947.16796874999      0.1343036D+00
 44947.17968750000      0.1344877D+00
 44947.18750000000      0.1346583D+00
 44947.19921874999      0.1348164D+00
 44947.20703124999      0.1349632D+00
 44947.21875000000      0.1350998D+00
 44947.22656250000      0.1352197D+00
 44947.23437500000      0.1353384D+00
