 0.000000000000000      0.0000000D+00
0.1000000014901161      0.3170841D-05
0.3000000119209288      0.2219585D-04
0.6006559729576110      0.7945806D-04
0.9013119935989378      0.1653823D-03
 1.201967954635620      0.2799682D-03
 1.502623915672302      0.4232153D-03
 1.803279876708984      0.5951231D-03
 2.103935956954956      0.7956909D-03
 2.404591798782348      0.1024918D-02
 2.705247640609741      0.1282803D-02
 3.005903959274291      0.1569344D-02
 3.299999952316284      0.1877049D-02
 3.901312112808227      0.2506174D-02
 6.179414272308349      0.4889388D-02
 56.17941284179687      0.5707413D-01
 93.45999908447265      0.9591796D-01
 94.64333343505858      0.9758739D-01
 96.44606781005858      0.1001296D+00
 100.0515518188476      0.1052123D+00
 150.0515441894531      0.1753621D+00
 200.0515441894531      0.2452015D+00
 250.0515441894531      0.3147582D+00
 299.8500061035155      0.3837569D+00
 300.2333374023437      0.3842452D+00
 302.0984191894531      0.3866188D+00
 305.8286132812499      0.3913648D+00
 355.8286132812499      0.4547858D+00
 405.8286132812499      0.5180175D+00
 455.8286132812499      0.5810671D+00
 505.8286132812499      0.6439346D+00
 555.8286132812499      0.7066296D+00
 605.8286132812499      0.7691575D+00
 655.8286132812499      0.8315244D+00
 675.9799804687499      0.8566328D+00
 676.4633178710936      0.8572952D+00
 678.3076782226561      0.8598316D+00
 681.9964599609373      0.8648999D+00
 731.9964599609373      0.9334376D+00
 781.9964599609373      0.1001812D+01
 831.9964599609373      0.1070024D+01
 881.9964599609373      0.1138075D+01
 931.9964599609373      0.1205961D+01
 945.1500244140623      0.1223806D+01
 946.0499877929685      0.1224813D+01
 947.8234252929685      0.1226796D+01
 951.3704223632810      0.1230761D+01
 1001.370422363281      0.1286561D+01
 1051.370361328125      0.1342255D+01
 1101.370361328125      0.1397843D+01
 1151.370361328125      0.1453323D+01
 1196.359985351562      0.1503156D+01
 1197.493286132812      0.1504732D+01
 1199.242675781250      0.1507156D+01
 1202.741210937500      0.1512017D+01
 1252.741210937500      0.1581225D+01
 1302.741210937500      0.1650322D+01
 1324.420043945312      0.1680270D+01
 1324.520019531250      0.1680405D+01
 1326.811889648437      0.1683527D+01
 1331.395996093750      0.1689760D+01
 1381.395996093750      0.1757665D+01
 1431.395996093750      0.1825489D+01
 1481.395996093750      0.1893199D+01
 1531.395996093750      0.1960794D+01
 1581.395996093750      0.2028268D+01
 1585.989990234375      0.2034467D+01
 1586.606689453125      0.2035211D+01
 1588.367187500000      0.2037337D+01
 1591.888183593750      0.2041587D+01
 1641.888183593750      0.2101844D+01
 1691.888183593750      0.2161985D+01
 1741.888183593750      0.2222005D+01
 1791.888183593750      0.2281898D+01
 1811.660034179687      0.2305559D+01
 1811.693359375000      0.2305599D+01
 1814.103881835937      0.2308502D+01
 1818.924804687500      0.2314307D+01
 1868.924804687500      0.2374403D+01
 1886.280029296875      0.2395248D+01
 1886.313354492187      0.2395288D+01
 1888.787841796875      0.2398241D+01
 1893.736938476562      0.2404143D+01
 1943.736938476562      0.2463671D+01
 1993.736938476562      0.2523098D+01
 2036.739990234375      0.2574138D+01
 2086.739990234375      0.2633387D+01
 2136.739990234375      0.2692543D+01
 2186.739990234375      0.2751608D+01
 2236.739990234375      0.2810583D+01
 2262.409912109375      0.2840840D+01
 2262.459960937500      0.2840899D+01
 2265.014404296875      0.2843938D+01
 2270.123046875000      0.2850016D+01
 2320.123046875000      0.2909426D+01
 2370.123046875000      0.2968741D+01
 2420.123046875000      0.3027979D+01
 2470.123046875000      0.3087138D+01
 2520.123046875000      0.3146222D+01
 2559.689941406250      0.3192930D+01
 2559.739990234375      0.3192990D+01
 2562.394775390625      0.3196151D+01
 2567.703857421875      0.3202476D+01
 2617.703857421875      0.3261967D+01
 2667.703857421875      0.3321369D+01
 2717.703857421875      0.3380704D+01
 2767.703857421875      0.3439970D+01
 2780.000000000000      0.3454543D+01
 2780.033447265625      0.3454582D+01
 2782.452148437500      0.3457433D+01
 2787.290039062500      0.3463133D+01
 2837.290039062500      0.3521957D+01
 2887.290039062499      0.3580706D+01
 2937.290039062499      0.3639384D+01
 2987.290039062499      0.3697996D+01
 3002.070068359374      0.3715317D+01
 3002.086669921874      0.3715337D+01
 3004.440185546874      0.3718088D+01
 3009.147705078124      0.3723589D+01
 3059.147705078124      0.3781939D+01
 3109.147705078124      0.3840212D+01
 3159.147705078124      0.3898421D+01
 3209.147705078124      0.3956568D+01
 3225.030029296874      0.3975033D+01
 3225.046630859374      0.3975052D+01
 3227.424316406249      0.3977810D+01
 3232.179687500000      0.3983323D+01
 3282.179687500000      0.4041214D+01
 3332.179687500000      0.4099031D+01
 3382.179687500000      0.4156787D+01
 3432.179687500000      0.4214484D+01
 3482.179687500000      0.4272122D+01
 3523.500000000000      0.4319715D+01
 3573.500000000000      0.4377251D+01
 3598.120117187499      0.4405569D+01
 3598.136718750000      0.4405588D+01
 3600.377197265624      0.4408159D+01
 3604.858398437499      0.4413299D+01
 3654.858398437499      0.4470582D+01
 3704.858398437499      0.4527797D+01
 3754.858398437499      0.4584948D+01
 3804.858398437499      0.4642033D+01
 3854.858398437499      0.4699053D+01
 3897.810058593749      0.4747987D+01
 3898.026611328124      0.4748224D+01
 3899.930908203124      0.4750307D+01
 3903.739257812499      0.4754472D+01
 3953.739257812499      0.4809094D+01
 4003.739257812499      0.4863648D+01
 4053.739257812499      0.4918138D+01
 4103.739257812499      0.4972559D+01
 4135.060058593749      0.5006623D+01
 4135.160156250000      0.5006735D+01
 4137.777832031249      0.5009634D+01
 4143.014648437499      0.5015439D+01
 4193.014648437499      0.5070800D+01
 4212.169921874999      0.5091994D+01
 4212.653320312499      0.5092477D+01
 4214.573730468749      0.5094393D+01
 4218.415527343749      0.5098223D+01
 4268.415527343749      0.5148026D+01
 4318.415527343749      0.5197774D+01
 4368.415527343749      0.5247469D+01
 4387.580078124999      0.5266507D+01
 4387.613281250000      0.5266540D+01
 4390.291503906249      0.5269179D+01
 4395.648437500000      0.5274456D+01
 4445.648437500000      0.5323656D+01
 4476.120117187499      0.5353620D+01
 4476.169921874999      0.5353670D+01
 4478.911621093749      0.5356398D+01
 4484.394042968749      0.5361855D+01
 4534.394042968749      0.5411566D+01
 4563.410156250000      0.5440394D+01
 4563.426757812499      0.5440411D+01
 4566.084472656249      0.5443041D+01
 4571.400390624999      0.5448301D+01
 4621.400390624999      0.5497720D+01
 4651.109863281249      0.5527066D+01
 4651.160156250000      0.5527115D+01
 4653.845214843749      0.5529736D+01
 4659.215332031249      0.5534976D+01
 4709.215332031249      0.5583710D+01
 4740.080078124999      0.5613775D+01
 4740.129882812499      0.5613823D+01
 4742.864257812499      0.5616455D+01
 4748.332519531249      0.5621714D+01
 4798.332519531249      0.5669759D+01
 4848.332519531249      0.5717759D+01
 4898.332519531249      0.5765715D+01
 4920.629882812499      0.5787092D+01
 4920.663574218749      0.5787125D+01
 4923.448242187499      0.5789816D+01
 4929.018554687499      0.5795200D+01
 4979.018554687499      0.5843486D+01
 5029.018554687499      0.5891726D+01
 5079.018554687499      0.5939924D+01
 5099.430175781249      0.5959593D+01
 5099.546875000000      0.5959701D+01
 5102.302246093749      0.5962280D+01
 5107.812500000000      0.5967434D+01
 5157.812500000000      0.6014157D+01
 5207.812500000000      0.6060843D+01
 5257.812500000000      0.6107489D+01
 5307.812500000000      0.6154096D+01
 5357.812500000000      0.6200665D+01
 5407.812500000000      0.6247195D+01
 5457.812500000000      0.6293686D+01
 5469.540039062499      0.6304589D+01
 5469.589843750000      0.6304636D+01
 5472.345703124999      0.6307230D+01
 5477.857421874999      0.6312419D+01
 5527.857421874999      0.6359458D+01
 5560.700195312499      0.6390337D+01
 5610.700195312499      0.6437311D+01
 5660.700195312499      0.6484248D+01
 5710.700195312499      0.6531148D+01
 5743.020019531249      0.6561450D+01
 5743.053222656249      0.6561481D+01
 5745.721191406249      0.6563962D+01
 5751.057617187499      0.6568923D+01
 5801.057617187499      0.6615366D+01
 5835.089843749999      0.6646960D+01
 5835.106445312499      0.6646976D+01
 5837.724609374999      0.6649396D+01
 5842.960937500000      0.6654236D+01
 5892.960937500000      0.6700418D+01
 5927.620117187499      0.6732412D+01
 5927.753417968748      0.6732530D+01
 5930.539550781249      0.6735014D+01
 5936.112304687499      0.6739979D+01
 5986.112304687499      0.6784482D+01
 6024.000000000000      0.6818187D+01
 6024.966796874999      0.6819237D+01
 6026.853027343749      0.6821278D+01
 6030.626464843749      0.6825363D+01
 6080.626464843749      0.6879372D+01
 6098.020019531248      0.6898140D+01
 6099.186523437498      0.6899118D+01
 6101.078613281249      0.6900706D+01
 6104.862304687499      0.6903879D+01
 6154.862304687499      0.6945776D+01
 6200.830078124999      0.6984278D+01
 6201.263183593748      0.6984591D+01
 6203.229980468748      0.6986013D+01
 6207.163574218749      0.6988856D+01
 6257.163574218749      0.7024973D+01
 6307.163574218749      0.7061068D+01
 6321.000000000000      0.7071054D+01
 6321.850097656249      0.7071851D+01
 6323.775390624999      0.7073653D+01
 6327.626953124999      0.7077258D+01
 6377.626953124999      0.7124000D+01
 6411.270019531248      0.7155428D+01
 6411.286621093748      0.7155443D+01
 6413.914550781249      0.7157888D+01
 6419.170410156249      0.7162778D+01
 6469.170410156249      0.7209268D+01
 6501.979980468748      0.7239759D+01
 6502.029785156249      0.7239805D+01
 6504.735839843749      0.7242290D+01
 6510.147949218749      0.7247258D+01
 6560.147949218749      0.7293122D+01
 6610.147949218749      0.7338956D+01
 6660.147949218749      0.7384759D+01
 6686.120117187499      0.7408542D+01
 6686.203125000000      0.7408617D+01
 6688.937988281249      0.7411069D+01
 6694.408203124999      0.7415973D+01
 6744.408203124999      0.7460761D+01
 6780.540039062499      0.7493112D+01
 6780.556640624999      0.7493127D+01
 6783.214355468748      0.7495497D+01
 6788.530761718749      0.7500236D+01
 6838.530761718749      0.7544774D+01
 6888.530761718749      0.7589280D+01
 6938.530761718749      0.7633757D+01
 6970.339843749999      0.7662041D+01
 6970.373535156249      0.7662071D+01
 6973.087890624999      0.7664464D+01
 6978.517578124999      0.7669249D+01
 7028.517578124999      0.7713281D+01
 7078.517578124999      0.7757283D+01
 7128.517578124999      0.7801258D+01
 7178.517578124999      0.7845203D+01
 7228.517578124999      0.7889119D+01
 7278.517578124999      0.7933007D+01
 7328.517578124999      0.7976867D+01
 7353.870117187498      0.7999098D+01
 7353.886718749999      0.7999113D+01
 7356.544433593748      0.8001433D+01
 7361.860351562498      0.8006074D+01
 7411.860351562498      0.8049694D+01
 7461.860351562498      0.8093286D+01
 7511.860351562498      0.8136849D+01
 7546.640136718748      0.8167139D+01
 7546.939941406248      0.8167419D+01
 7548.912597656249      0.8169267D+01
 7552.857910156249      0.8172960D+01
 7602.857910156249      0.8219728D+01
 7634.759765624999      0.8249555D+01
 7634.810058593748      0.8249601D+01
 7637.464355468748      0.8252057D+01
 7642.773925781249      0.8256967D+01
 7692.773925781249      0.8303178D+01
 7742.773925781249      0.8349367D+01
 7792.773925781249      0.8395532D+01
 7813.560058593748      0.8414720D+01
 7814.143554687498      0.8415180D+01
 7816.090332031248      0.8416714D+01
 7819.984375000000      0.8419781D+01
 7869.984375000000      0.8459127D+01
 7919.984375000000      0.8498453D+01
 7969.984375000000      0.8537756D+01
 8019.984375000000      0.8577032D+01
 8028.740234374999      0.8583909D+01
 8029.206542968748      0.8584325D+01
 8031.179687500000      0.8586091D+01
 8035.125976562498      0.8589621D+01
 8085.125976562498      0.8634307D+01
 8135.125976562498      0.8678964D+01
 8185.125976562498      0.8723595D+01
 8213.799804687498      0.8749185D+01
 8213.916992187498      0.8749286D+01
 8216.628906249999      0.8751639D+01
 8222.053710937498      0.8756342D+01
 8272.053710937498      0.8799655D+01
 8309.679687500000      0.8832238D+01
 8309.730468749999      0.8832280D+01
 8312.450195312499      0.8834606D+01
 8317.889648437498      0.8839255D+01
 8367.889648437498      0.8881958D+01
 8407.080078124999      0.8915413D+01
 8407.113281249999      0.8915442D+01
 8409.937500000000      0.8917874D+01
 8415.586914062498      0.8922738D+01
 8465.586914062498      0.8965770D+01
 8515.586914062498      0.9008773D+01
 8565.586914062498      0.9051752D+01
 8615.586914062498      0.9094707D+01
 8665.586914062498      0.9137637D+01
 8696.230468749999      0.9163939D+01
 8696.346679687498      0.9164036D+01
 8699.098632812499      0.9166326D+01
 8704.603515624999      0.9170904D+01
 8754.603515624999      0.9212460D+01
 8804.603515624999      0.9253996D+01
 8854.603515624999      0.9295508D+01
 8896.290039062498      0.9330103D+01
 8896.356445312499      0.9330156D+01
 8899.100585937498      0.9332391D+01
 8904.588867187498      0.9336860D+01
 8954.588867187498      0.9377543D+01
 9004.588867187498      0.9418205D+01
 9054.588867187498      0.9458845D+01
 9100.769531249999      0.9496362D+01
 9100.836914062498      0.9496414D+01
 9103.596679687498      0.9498614D+01
 9109.117187500000      0.9503011D+01
 9159.117187500000      0.9542810D+01
 9209.117187500000      0.9582588D+01
 9259.117187500000      0.9622345D+01
 9309.117187500000      0.9662081D+01
 9309.879882812499      0.9662687D+01
 9309.962890624999      0.9662751D+01
 9312.795898437498      0.9664947D+01
 9318.460937500000      0.9669334D+01
 9368.460937500000      0.9708038D+01
 9418.460937500000      0.9746724D+01
 9468.460937500000      0.9785388D+01
 9518.460937500000      0.9824033D+01
 9525.059570312499      0.9829133D+01
 9525.193359374999      0.9829231D+01
 9528.056640624999      0.9831352D+01
 9533.783203124999      0.9835588D+01
 9583.783203124999      0.9872562D+01
 9633.783203124999      0.9909519D+01
 9683.783203124999      0.9946456D+01
 9733.783203124999      0.9983376D+01
 9750.740234374999      0.9995893D+01
 9750.773437500000      0.9995918D+01
 9753.615234374999      0.9997992D+01
 9759.297851562498      0.1000214D+02
 9809.297851562498      0.1003861D+02
 9859.297851562498      0.1007507D+02
 9909.297851562498      0.1011151D+02
 9959.297851562498      0.1014793D+02
 9979.200195312499      0.1016242D+02
 9979.316406249999      0.1016251D+02
 9982.216796874999      0.1016453D+02
 9988.018554687498      0.1016859D+02
 10038.01855468750      0.1020351D+02
 10088.01855468750      0.1023841D+02
 10138.01855468750      0.1027330D+02
 10188.01855468750      0.1030818D+02
 10217.98046875000      0.1032907D+02
 10218.03027343750      0.1032910D+02
 10220.90234375000      0.1033107D+02
 10226.64843750000      0.1033500D+02
 10276.64843750000      0.1036921D+02
 10326.64843750000      0.1040340D+02
 10376.64843750000      0.1043758D+02
 10426.64843750000      0.1047174D+02
 10461.48046875000      0.1049553D+02
 10461.61328125000      0.1049562D+02
 10464.56445312500      0.1049753D+02
 10470.46679687500      0.1050136D+02
 10520.46679687500      0.1053378D+02
 10570.46679687500      0.1056619D+02
 10589.99023437500      0.1057884D+02
 10590.05664062500      0.1057888D+02
 10593.01855468750      0.1058075D+02
 10598.94238281250      0.1058448D+02
 10648.94238281250      0.1061600D+02
 10698.94238281250      0.1064751D+02
 10748.94238281250      0.1067900D+02
 10798.94238281250      0.1071048D+02
 10848.94238281250      0.1074195D+02
 10854.34960937500      0.1074535D+02
 10854.43359375000      0.1074540D+02
 10857.43652343750      0.1074723D+02
 10863.44140625000      0.1075088D+02
 10913.44140625000      0.1078124D+02
 10963.44140625000      0.1081159D+02
 10991.42968750000      0.1082858D+02
 10991.53027343750      0.1082863D+02
 10994.54687500000      0.1083039D+02
 11000.58203125000      0.1083389D+02
 11050.58203125000      0.1086291D+02
 11100.58203125000      0.1089191D+02
 11150.58203125000      0.1092091D+02
 11200.58203125000      0.1094990D+02
 11250.58203125000      0.1097887D+02
 11278.33984375000      0.1099496D+02
 11278.42285156250      0.1099500D+02
 11281.47070312500      0.1099670D+02
 11287.56542968750      0.1100010D+02
 11337.56542968750      0.1102795D+02
 11387.56542968750      0.1105580D+02
 11437.56542968750      0.1108364D+02
 11487.56542968750      0.1111147D+02
 11537.56542968750      0.1113929D+02
 11576.82031250000      0.1116112D+02
 11576.88671875000      0.1116116D+02
 11579.93945312500      0.1116280D+02
 11586.04492187500      0.1116609D+02
 11636.04492187500      0.1119301D+02
 11686.04492187500      0.1121992D+02
 11731.03027343750      0.1124412D+02
 11731.78027343750      0.1124467D+02
 11733.80664062500      0.1124615D+02
 11737.86035156250      0.1124910D+02
 11787.86035156250      0.1128554D+02
 11837.86035156250      0.1132197D+02
 11843.19042968750      0.1132585D+02
 11843.50683593750      0.1132610D+02
 11845.50878906250      0.1132771D+02
 11849.51171875000      0.1133091D+02
 11899.51171875000      0.1137091D+02
 11949.51171875000      0.1141090D+02
 11999.51171875000      0.1145088D+02
 12044.33984375000      0.1148671D+02
 12044.37304687500      0.1148674D+02
 12047.24414062500      0.1148905D+02
 12052.98535156250      0.1149368D+02
 12102.98535156250      0.1153400D+02
 12152.98535156250      0.1157429D+02
 12202.98535156250      0.1161458D+02
 12243.32031250000      0.1164707D+02
 12293.32031250000      0.1168734D+02
 12343.32031250000      0.1172760D+02
 12393.32031250000      0.1176784D+02
 12442.30957031250      0.1180726D+02
 12442.36035156250      0.1180730D+02
 12445.19824218750      0.1180962D+02
 12450.87304687500      0.1181424D+02
 12500.87304687500      0.1185498D+02
 12550.87304687500      0.1189571D+02
 12600.87304687500      0.1193642D+02
 12650.87304687500      0.1197711D+02
 12700.87304687500      0.1201780D+02
 12736.04980468750      0.1204642D+02
 12736.06640625000      0.1204643D+02
 12739.04101562500      0.1204886D+02
 12744.99023437500      0.1205372D+02
 12794.99023437500      0.1209456D+02
 12844.99023437500      0.1213537D+02
 12894.99023437500      0.1217618D+02
 12930.83984375000      0.1220543D+02
 12980.83984375000      0.1224621D+02
 13030.83984375000      0.1228698D+02
 13080.83984375000      0.1232774D+02
 13125.63964843750      0.1236424D+02
 13125.72363281250      0.1236431D+02
 13128.52343750000      0.1236664D+02
 13134.12500000000      0.1237130D+02
 13184.12500000000      0.1241285D+02
 13220.54003906250      0.1244310D+02
 13220.55664062500      0.1244311D+02
 13223.10742187500      0.1244522D+02
 13228.20996093750      0.1244944D+02
 13278.20996093750      0.1249080D+02
 13328.20996093750      0.1253214D+02
 13378.20996093750      0.1257347D+02
 13411.32031250000      0.1260084D+02
 13461.32031250000      0.1264215D+02
 13511.32031250000      0.1268344D+02
 13561.32031250000      0.1272472D+02
 13602.09960937500      0.1275838D+02
 13602.16699218750      0.1275844D+02
 13604.95996093750      0.1276078D+02
 13610.54687500000      0.1276546D+02
 13660.54687500000      0.1280735D+02
 13710.54687500000      0.1284921D+02
 13760.54687500000      0.1289106D+02
 13810.54687500000      0.1293290D+02
 13860.54687500000      0.1297472D+02
 13910.54687500000      0.1301654D+02
 13960.54687500000      0.1305834D+02
 14010.54687500000      0.1310013D+02
 14060.54687500000      0.1314190D+02
 14069.41015625000      0.1314931D+02
 14119.41015625000      0.1319107D+02
 14162.87988281250      0.1322736D+02
 14162.91308593750      0.1322739D+02
 14165.56640625000      0.1322959D+02
 14170.87207031250      0.1323399D+02
 14220.87207031250      0.1327541D+02
 14270.87207031250      0.1331681D+02
 14320.87207031250      0.1335819D+02
 14351.70996093750      0.1338371D+02
 14351.72656250000      0.1338373D+02
 14354.34472656250      0.1338589D+02
 14359.58105468750      0.1339020D+02
 14409.58105468750      0.1343141D+02
 14459.58105468750      0.1347259D+02
 14509.58105468750      0.1351376D+02
 14541.50976562500      0.1354005D+02
 14541.55957031250      0.1354009D+02
 14544.36328125000      0.1354242D+02
 14549.97070312500      0.1354709D+02
 14599.97070312500      0.1358870D+02
 14649.97070312500      0.1363028D+02
 14699.97070312500      0.1367185D+02
 14749.97070312500      0.1371341D+02
 14799.97070312500      0.1375495D+02
 14821.90039062500      0.1377317D+02
 14822.13378906250      0.1377337D+02
 14824.18652343750      0.1377515D+02
 14828.29296875000      0.1377872D+02
 14878.29296875000      0.1382214D+02
 14928.29296875000      0.1386555D+02
 14978.29296875000      0.1390895D+02
 15028.29296875000      0.1395235D+02
 15078.29296875000      0.1399575D+02
 15083.76953125000      0.1400051D+02
 15083.78710937500      0.1400052D+02
 15086.50683593750      0.1400288D+02
 15091.94628906250      0.1400758D+02
 15141.94628906250      0.1405085D+02
 15191.94628906250      0.1409410D+02
 15241.94628906250      0.1413734D+02
 15291.94628906250      0.1418058D+02
 15341.94628906250      0.1422380D+02
 15346.87988281250      0.1422807D+02
 15396.87988281250      0.1427128D+02
 15434.58984375000      0.1430387D+02
 15434.94042968750      0.1430415D+02
 15436.94824218750      0.1430576D+02
 15440.96582031250      0.1430898D+02
 15490.96582031250      0.1434904D+02
 15540.96582031250      0.1438909D+02
 15590.96582031250      0.1442912D+02
 15629.37988281250      0.1445985D+02
 15679.37988281250      0.1449984D+02
 15729.37988281250      0.1453980D+02
 15779.37988281250      0.1457975D+02
 15824.17968750000      0.1461553D+02
 15824.64648437500      0.1461585D+02
 15826.64648437500      0.1461725D+02
 15830.64648437500      0.1462004D+02
 15880.64648437500      0.1465491D+02
 15930.64648437500      0.1468976D+02
 15980.64648437500      0.1472460D+02
 16030.64648437500      0.1475942D+02
 16052.63964843750      0.1477473D+02
 16052.69042968750      0.1477477D+02
 16055.51269531250      0.1477676D+02
 16061.15722656250      0.1478076D+02
 16111.15722656250      0.1481612D+02
 16161.15722656250      0.1485146D+02
 16211.15722656250      0.1488679D+02
 16261.15722656250      0.1492209D+02
 16276.95996093750      0.1493325D+02
 16277.69335937500      0.1493387D+02
 16279.65527343750      0.1493553D+02
 16283.57910156250      0.1493885D+02
 16333.57910156250      0.1498101D+02
 16365.50000000000      0.1500790D+02
 16365.70019531250      0.1500807D+02
 16367.80957031250      0.1500990D+02
 16372.03027343750      0.1501355D+02
 16422.03125000000      0.1505686D+02
 16472.03125000000      0.1510018D+02
 16522.03125000000      0.1514351D+02
 16572.03125000000      0.1518685D+02
 16622.03125000000      0.1523020D+02
 16672.03125000000      0.1527357D+02
 16700.43945312500      0.1529820D+02
 16700.45703125000      0.1529822D+02
 16702.94335937500      0.1530037D+02
 16707.91992187500      0.1530468D+02
 16757.91992187500      0.1534795D+02
 16807.91992187500      0.1539123D+02
 16857.91992187500      0.1543450D+02
 16868.67968750000      0.1544382D+02
 16918.67968750000      0.1548709D+02
 16968.67968750000      0.1553036D+02
 17018.67968750000      0.1557362D+02
 17036.91015625000      0.1558939D+02
 17037.02734375000      0.1558949D+02
 17039.66015625000      0.1559174D+02
 17044.92773437500      0.1559622D+02
 17094.92773437500      0.1563875D+02
 17144.92773437500      0.1568128D+02
 17194.92773437500      0.1572380D+02
 17244.92773437500      0.1576632D+02
 17294.92773437500      0.1580881D+02
 17344.92773437500      0.1585130D+02
 17384.42968750000      0.1588485D+02
 17434.42968750000      0.1592732D+02
 17484.42968750000      0.1596977D+02
 17534.42968750000      0.1601220D+02
 17558.19921875000      0.1603238D+02
 17558.21679687500      0.1603239D+02
 17560.75000000000      0.1603453D+02
 17565.81445312500      0.1603882D+02
 17615.81445312500      0.1608113D+02
 17665.81445312500      0.1612342D+02
 17715.81445312500      0.1616570D+02
 17732.77929687500      0.1618004D+02
 17733.34570312500      0.1618047D+02
 17735.40429687500      0.1618201D+02
 17739.51953125000      0.1618509D+02
 17789.51953125000      0.1622240D+02
 17839.51953125000      0.1625970D+02
 17889.51953125000      0.1629699D+02
 17939.51953125000      0.1633424D+02
 17940.71093750000      0.1633513D+02
 17940.72656250000      0.1633514D+02
 17943.47851562500      0.1633718D+02
 17948.98242187500      0.1634127D+02
 17998.98242187500      0.1637833D+02
 18048.98242187500      0.1641537D+02
 18098.98242187500      0.1645239D+02
 18148.98242187500      0.1648940D+02
 18198.98242187500      0.1652638D+02
 18248.98242187500      0.1656334D+02
 18254.35937500000      0.1656732D+02
 18254.39257812500      0.1656734D+02
 18257.12304687500      0.1656934D+02
 18262.58593750000      0.1657334D+02
 18312.58593750000      0.1660994D+02
 18362.58593750000      0.1664652D+02
 18412.58593750000      0.1668309D+02
 18462.58593750000      0.1671964D+02
 18465.84960937500      0.1672202D+02
 18515.84960937500      0.1675855D+02
 18565.84960937500      0.1679506D+02
 18615.84960937500      0.1683156D+02
 18665.84960937500      0.1686803D+02
 18677.34960937500      0.1687642D+02
 18677.48242187500      0.1687652D+02
 18679.07812500000      0.1687773D+02
 18682.26757812500      0.1688014D+02
 18732.26757812500      0.1691790D+02
 18778.47070312500      0.1695277D+02
 18778.48632812500      0.1695279D+02
 18780.97460937500      0.1695465D+02
 18785.94921875000      0.1695840D+02
 18835.94921875000      0.1699596D+02
 18885.94921875000      0.1703351D+02
 18935.94921875000      0.1707104D+02
 18985.94921875000      0.1710856D+02
 19035.94921875000      0.1714606D+02
 19083.50976562500      0.1718172D+02
 19083.59375000000      0.1718178D+02
 19086.26953125000      0.1718375D+02
 19091.62304687500      0.1718768D+02
 19141.62304687500      0.1722433D+02
 19191.62304687500      0.1726098D+02
 19241.62304687500      0.1729761D+02
 19291.62304687500      0.1733422D+02
 19292.60937500000      0.1733495D+02
 19292.66015625000      0.1733498D+02
 19295.40429687500      0.1733697D+02
 19300.89453125000      0.1734093D+02
 19350.89453125000      0.1737703D+02
 19400.89453125000      0.1741311D+02
 19450.89453125000      0.1744917D+02
 19500.89453125000      0.1748523D+02
 19505.32031250000      0.1748842D+02
 19505.36914062500      0.1748845D+02
 19508.13281250000      0.1749042D+02
 19513.65820312500      0.1749435D+02
 19563.65820312500      0.1752987D+02
 19613.65820312500      0.1756537D+02
 19663.65820312500      0.1760086D+02
 19713.65820312500      0.1763634D+02
 19721.75976562500      0.1764209D+02
 19771.75976562500      0.1767755D+02
 19821.75976562500      0.1771300D+02
 19871.75976562500      0.1774843D+02
 19921.75976562500      0.1778386D+02
 19971.75976562500      0.1781926D+02
 20021.75976562500      0.1785466D+02
 20046.41992187500      0.1787211D+02
 20046.47070312500      0.1787215D+02
 20049.25585937500      0.1787415D+02
 20054.82421875000      0.1787815D+02
 20104.82421875000      0.1791403D+02
 20154.82421875000      0.1794989D+02
 20204.82421875000      0.1798575D+02
 20254.82421875000      0.1802159D+02
 20259.13085937500      0.1802467D+02
 20259.16406250000      0.1802470D+02
 20261.91992187500      0.1802666D+02
 20267.43554687500      0.1803057D+02
 20317.43554687500      0.1806606D+02
 20366.72070312500      0.1810102D+02
 20367.00390625000      0.1810121D+02
 20369.07226562500      0.1810255D+02
 20373.20898437500      0.1810523D+02
 20423.20898437500      0.1813764D+02
 20473.20898437500      0.1817003D+02
 20486.10937500000      0.1817839D+02
 20486.71093750000      0.1817885D+02
 20488.73437500000      0.1818040D+02
 20492.78125000000      0.1818351D+02
 20542.78125000000      0.1822179D+02
 20583.00000000000      0.1825256D+02
 20583.43359375000      0.1825286D+02
 20585.55078125000      0.1825430D+02
 20589.78710937500      0.1825720D+02
 20639.78710937500      0.1829132D+02
 20689.78710937500      0.1832544D+02
 20739.78710937500      0.1835955D+02
 20789.78710937500      0.1839364D+02
 20807.31054687500      0.1840558D+02
 20807.41015625000      0.1840565D+02
 20810.16210937500      0.1840747D+02
 20815.66601562500      0.1841110D+02
 20865.66601562500      0.1844410D+02
 20915.66601562500      0.1847709D+02
 20965.66601562500      0.1851007D+02
 21015.66601562500      0.1854304D+02
 21040.08007812500      0.1855913D+02
 21040.11328125000      0.1855915D+02
 21042.84960937500      0.1856094D+02
 21048.32031250000      0.1856450D+02
 21098.32031250000      0.1859708D+02
 21148.32031250000      0.1862965D+02
 21198.32031250000      0.1866221D+02
 21248.32031250000      0.1869476D+02
 21275.82031250000      0.1871265D+02
 21275.93750000000      0.1871273D+02
 21278.71875000000      0.1871447D+02
 21284.28125000000      0.1871794D+02
 21334.28125000000      0.1874917D+02
 21384.28125000000      0.1878039D+02
 21434.28125000000      0.1881160D+02
 21484.28125000000      0.1884280D+02
 21522.56054687500      0.1886668D+02
 21522.66015625000      0.1886674D+02
 21525.44726562500      0.1886841D+02
 21531.02148437500      0.1887176D+02
 21581.02148437500      0.1890180D+02
 21631.02148437500      0.1893182D+02
 21681.02148437500      0.1896184D+02
 21731.02148437500      0.1899185D+02
 21779.58984375000      0.1902098D+02
 21779.64062500000      0.1902101D+02
 21782.38476562500      0.1902263D+02
 21787.87500000000      0.1902586D+02
 21837.87500000000      0.1905527D+02
 21887.87500000000      0.1908466D+02
 21937.87500000000      0.1911405D+02
 21987.87500000000      0.1914342D+02
 22037.87500000000      0.1917279D+02
 22042.08007812500      0.1917526D+02
 22042.17968750000      0.1917532D+02
 22045.03125000000      0.1917693D+02
 22050.73437500000      0.1918014D+02
 22100.73437500000      0.1920833D+02
 22150.73437500000      0.1923651D+02
 22179.16015625000      0.1925252D+02
 22179.25976562500      0.1925257D+02
 22182.11328125000      0.1925412D+02
 22187.82031250000      0.1925719D+02
 22237.82031250000      0.1928417D+02
 22287.82031250000      0.1931113D+02
 22337.82031250000      0.1933809D+02
 22387.82031250000      0.1936503D+02
 22437.82031250000      0.1939197D+02
 22487.82031250000      0.1941891D+02
 22537.82031250000      0.1944583D+02
 22587.82031250000      0.1947274D+02
 22609.51953125000      0.1948442D+02
 22609.63671875000      0.1948448D+02
 22612.51757812500      0.1948595D+02
 22618.27734375000      0.1948889D+02
 22668.27734375000      0.1951439D+02
 22718.27734375000      0.1953988D+02
 22768.27734375000      0.1956536D+02
 22818.27734375000      0.1959084D+02
 22868.27734375000      0.1961631D+02
 22912.89062500000      0.1963904D+02
 22913.03906250000      0.1963911D+02
 22914.81835937500      0.1963995D+02
 22918.37304687500      0.1964163D+02
 22968.37304687500      0.1966526D+02
 23018.37304687500      0.1968888D+02
 23068.37304687500      0.1971250D+02
 23118.37304687500      0.1973611D+02
 23168.37304687500      0.1975972D+02
 23218.37304687500      0.1978332D+02
 23240.42968750000      0.1979373D+02
 23240.51367187500      0.1979377D+02
 23243.43750000000      0.1979509D+02
 23249.28710937500      0.1979773D+02
 23299.28710937500      0.1982030D+02
 23349.28710937500      0.1984286D+02
 23399.28710937500      0.1986541D+02
 23449.28710937500      0.1988797D+02
 23499.28710937500      0.1991051D+02
 23549.28710937500      0.1993305D+02
 23583.11914062500      0.1994830D+02
 23583.25390625000      0.1994835D+02
 23586.20312500000      0.1994959D+02
 23592.10156250000      0.1995205D+02
 23642.10156250000      0.1997294D+02
 23692.10156250000      0.1999382D+02
 23742.10156250000      0.2001470D+02
 23792.10156250000      0.2003557D+02
 23842.10156250000      0.2005644D+02
 23892.10156250000      0.2007730D+02
 23942.10156250000      0.2009816D+02
 23953.24023437500      0.2010281D+02
 23953.33984375000      0.2010285D+02
 23956.32031250000      0.2010402D+02
 23962.28320312500      0.2010635D+02
 24012.28320312500      0.2012597D+02
 24062.28320312500      0.2014558D+02
 24112.28320312500      0.2016518D+02
 24150.10937500000      0.2018002D+02
 24150.17578125000      0.2018004D+02
 24153.13867187500      0.2018115D+02
 24159.06250000000      0.2018338D+02
 24209.06250000000      0.2020215D+02
 24259.06250000000      0.2022092D+02
 24309.06250000000      0.2023968D+02
 24359.06250000000      0.2025844D+02
 24409.06250000000      0.2027720D+02
 24459.06250000000      0.2029595D+02
 24509.06250000000      0.2031470D+02
 24559.06250000000      0.2033345D+02
 24561.33984375000      0.2033430D+02
 24561.49023437500      0.2033435D+02
 24563.26367187500      0.2033495D+02
 24566.81250000000      0.2033615D+02
 24616.81250000000      0.2035303D+02
 24666.81250000000      0.2036991D+02
 24716.81250000000      0.2038678D+02
 24766.81250000000      0.2040365D+02
 24816.81250000000      0.2042051D+02
 24866.81250000000      0.2043738D+02
 24916.81250000000      0.2045424D+02
 24966.81250000000      0.2047110D+02
 25016.81250000000      0.2048795D+02
 25018.26953125000      0.2048844D+02
 25019.76953125000      0.2048947D+02
 25021.80859375000      0.2049087D+02
 25025.88671875000      0.2049365D+02
 25075.88671875000      0.2052779D+02
 25125.88671875000      0.2056191D+02
 25175.88671875000      0.2059602D+02
 25225.88671875000      0.2063014D+02
 25275.88671875000      0.2066425D+02
 25325.88671875000      0.2069837D+02
 25342.92968750000      0.2071000D+02
 25392.92968750000      0.2074411D+02
 25442.92968750000      0.2077822D+02
 25492.92968750000      0.2081232D+02
 25542.92968750000      0.2084642D+02
 25559.36914062500      0.2085763D+02
 25559.38671875000      0.2085765D+02
 25562.22851562500      0.2085959D+02
 25567.91210937500      0.2086349D+02
 25617.91210937500      0.2089774D+02
 25667.91210937500      0.2093198D+02
 25717.91210937500      0.2096622D+02
 25767.91210937500      0.2100046D+02
 25817.91210937500      0.2103470D+02
 25867.91210937500      0.2106893D+02
 25882.14062500000      0.2107867D+02
 25882.15625000000      0.2107868D+02
 25884.95312500000      0.2108060D+02
 25890.54492187500      0.2108445D+02
 25940.54492187500      0.2111883D+02
 25990.54492187500      0.2115320D+02
 26040.54492187500      0.2118757D+02
 26090.54492187500      0.2122193D+02
 26140.54492187500      0.2125629D+02
 26190.54492187500      0.2129065D+02
 26203.05078125000      0.2129924D+02
 26203.25000000000      0.2129937D+02
 26205.54687500000      0.2130086D+02
 26210.14062500000      0.2130383D+02
 26260.14062500000      0.2133621D+02
 26310.14062500000      0.2136858D+02
 26360.14062500000      0.2140095D+02
 26410.14062500000      0.2143330D+02
 26432.93945312500      0.2144806D+02
 26433.27343750000      0.2144829D+02
 26435.70507812500      0.2145002D+02
 26440.56835937500      0.2145347D+02
 26490.56835937500      0.2148895D+02
 26540.56835937500      0.2152440D+02
 26590.56835937500      0.2155986D+02
 26640.56835937500      0.2159531D+02
 26690.56835937500      0.2163077D+02
 26739.66015625000      0.2166558D+02
 26739.69335937500      0.2166560D+02
 26742.27343750000      0.2166742D+02
 26747.43164062500      0.2167105D+02
 26797.43164062500      0.2170621D+02
 26847.43164062500      0.2174137D+02
 26897.43164062500      0.2177653D+02
 26947.43164062500      0.2181168D+02
 26997.43164062500      0.2184683D+02
 27047.43164062500      0.2188197D+02
 27049.81054687500      0.2188365D+02
 27099.81054687500      0.2191879D+02
 27149.81054687500      0.2195393D+02
 27153.18945312500      0.2195630D+02
 27153.42382812500      0.2195646D+02
 27155.79687500000      0.2195802D+02
 27160.54296875000      0.2196115D+02
 27210.54296875000      0.2199408D+02
 27260.54296875000      0.2202699D+02
 27310.54296875000      0.2205991D+02
 27360.54296875000      0.2209281D+02
 27377.50000000000      0.2210396D+02
 27427.50000000000      0.2213686D+02
 27477.50000000000      0.2216974D+02
 27527.50000000000      0.2220261D+02
 27577.50000000000      0.2223548D+02
 27601.81054687500      0.2225146D+02
 27601.84375000000      0.2225148D+02
 27604.79296875000      0.2225343D+02
 27610.69140625000      0.2225735D+02
 27660.69140625000      0.2229053D+02
 27710.69140625000      0.2232370D+02
 27760.69140625000      0.2235686D+02
 27810.69140625000      0.2239002D+02
 27823.43945312500      0.2239848D+02
 27823.62304687500      0.2239859D+02
 27826.86914062500      0.2240062D+02
 27835.07031250000      0.2240576D+02
 27885.07031250000      0.2243704D+02
 27935.07031250000      0.2246831D+02
 27985.07031250000      0.2249957D+02
 28035.07031250000      0.2253083D+02
 28060.68945312500      0.2254684D+02
 28060.77343750000      0.2254689D+02
 28063.65429687500      0.2254874D+02
 28069.41796875000      0.2255244D+02
 28119.41796875000      0.2258454D+02
 28169.41796875000      0.2261662D+02
 28219.41796875000      0.2264870D+02
 28269.41796875000      0.2268077D+02
 28290.57031250000      0.2269434D+02
 28290.58593750000      0.2269435D+02
 28293.54882812500      0.2269626D+02
 28299.47265625000      0.2270008D+02
 28349.47265625000      0.2273231D+02
 28399.47265625000      0.2276453D+02
 28449.47265625000      0.2279674D+02
 28499.47265625000      0.2282894D+02
 28519.03906250000      0.2284154D+02
 28519.07421875000      0.2284156D+02
 28521.90429687500      0.2284337D+02
 28527.56445312500      0.2284698D+02
 28577.56445312500      0.2287883D+02
 28627.56445312500      0.2291068D+02
 28677.56445312500      0.2294251D+02
 28727.56445312500      0.2297435D+02
 28750.34960937500      0.2298885D+02
 28750.44921875000      0.2298891D+02
 28753.33593750000      0.2299069D+02
 28759.10937500000      0.2299425D+02
 28809.10937500000      0.2302503D+02
 28859.10937500000      0.2305580D+02
 28909.10937500000      0.2308657D+02
 28959.10937500000      0.2311732D+02
 28990.68945312499      0.2313675D+02
 28990.80664062499      0.2313682D+02
 28993.71289062499      0.2313868D+02
 28999.52343750000      0.2314239D+02
 29049.52343750000      0.2317434D+02
 29099.52343750000      0.2320627D+02
 29149.52343750000      0.2323820D+02
 29199.52343750000      0.2327012D+02
 29220.57031250000      0.2328356D+02
 29220.58593750000      0.2328357D+02
 29223.33789062499      0.2328532D+02
 29228.84375000000      0.2328881D+02
 29278.84375000000      0.2332056D+02
 29328.84375000000      0.2335229D+02
 29378.84375000000      0.2338402D+02
 29428.84375000000      0.2341574D+02
 29451.89062500000      0.2343036D+02
 29452.95703124999      0.2343077D+02
 29455.09960937499      0.2343161D+02
 29459.38281250000      0.2343328D+02
 29509.38281250000      0.2345283D+02
 29559.38281250000      0.2347236D+02
 29609.38281250000      0.2349190D+02
 29644.66015624999      0.2350568D+02
 29645.09375000000      0.2350590D+02
 29647.33789062499      0.2350700D+02
 29651.82421874999      0.2350922D+02
 29701.82421874999      0.2353389D+02
 29751.82421874999      0.2355856D+02
 29801.82421874999      0.2358323D+02
 29851.82421874999      0.2360788D+02
 29901.82421874999      0.2363253D+02
 29951.82421874999      0.2365718D+02
 30001.82421874999      0.2368182D+02
 30051.82421874999      0.2370645D+02
 30099.71093750000      0.2373003D+02
 30100.24414062499      0.2373036D+02
 30102.45312500000      0.2373171D+02
 30106.87500000000      0.2373441D+02
 30156.87500000000      0.2376496D+02
 30206.87500000000      0.2379550D+02
 30219.88085937499      0.2380344D+02
 30221.16406250000      0.2380384D+02
 30223.28906250000      0.2380451D+02
 30227.54296874999      0.2380584D+02
 30277.54296874999      0.2382148D+02
 30327.54296874999      0.2383712D+02
 30377.54296874999      0.2385275D+02
 30427.54296874999      0.2386839D+02
 30460.21093750000      0.2387860D+02
 30461.69335937499      0.2387957D+02
 30463.84960937499      0.2388097D+02
 30468.16015624999      0.2388378D+02
 30518.16015624999      0.2391625D+02
 30568.16015624999      0.2394871D+02
 30571.68945312499      0.2395100D+02
 30571.72265624999      0.2395102D+02
 30574.66015624999      0.2395291D+02
 30580.53515624999      0.2395669D+02
 30630.53515624999      0.2398882D+02
 30680.53515624999      0.2402095D+02
 30730.53515624999      0.2405308D+02
 30780.53515624999      0.2408520D+02
 30797.36914062499      0.2409601D+02
 30797.40429687499      0.2409603D+02
 30800.29687500000      0.2409787D+02
 30806.08789062499      0.2410155D+02
 30856.08789062499      0.2413334D+02
 30906.08789062499      0.2416512D+02
 30956.08789062499      0.2419689D+02
 31006.08789062499      0.2422866D+02
 31025.83984374999      0.2424121D+02
 31026.12304687499      0.2424137D+02
 31028.60742187499      0.2424281D+02
 31033.57617187499      0.2424567D+02
 31083.57617187499      0.2427448D+02
 31133.57617187499      0.2430330D+02
 31153.46093750000      0.2431475D+02
 31153.67578124999      0.2431489D+02
 31156.28125000000      0.2431651D+02
 31161.49023437499      0.2431975D+02
 31211.49023437499      0.2435082D+02
 31261.49023437499      0.2438187D+02
 31270.58007812499      0.2438752D+02
 31270.77929687499      0.2438764D+02
 31274.02539062499      0.2438951D+02
 31282.84570312499      0.2439463D+02
 31332.84570312499      0.2442358D+02
 31382.84570312499      0.2445253D+02
 31432.84570312499      0.2448148D+02
 31482.84570312499      0.2451042D+02
 31524.08984374999      0.2453428D+02
 31524.42382812499      0.2453450D+02
 31526.77148437499      0.2453602D+02
 31531.46484374999      0.2453905D+02
 31581.46484374999      0.2457138D+02
 31631.46484374999      0.2460369D+02
 31635.57031250000      0.2460635D+02
 31635.58593750000      0.2460636D+02
 31638.56054687499      0.2460827D+02
 31644.50976562499      0.2461209D+02
 31694.50976562499      0.2464425D+02
 31744.50976562499      0.2467639D+02
 31794.50976562499      0.2470853D+02
 31844.50976562499      0.2474067D+02
 31859.88085937499      0.2475055D+02
 31859.89648437499      0.2475056D+02
 31862.76171874999      0.2475239D+02
 31868.49218750000      0.2475606D+02
 31918.49218750000      0.2478803D+02
 31968.49218750000      0.2481999D+02
 31972.71093750000      0.2482269D+02
 31972.72656250000      0.2482270D+02
 31975.75195312499      0.2482463D+02
 31981.80468750000      0.2482848D+02
 32031.80468750000      0.2486027D+02
 32081.80468750000      0.2489206D+02
 32131.80468750000      0.2492385D+02
 32181.80468750000      0.2495563D+02
 32199.77929687499      0.2496705D+02
 32199.81250000000      0.2496707D+02
 32202.72656250000      0.2496890D+02
 32208.55078124999      0.2497257D+02
 32258.55078124999      0.2500401D+02
 32308.55078124999      0.2503545D+02
 32314.72070312499      0.2503933D+02
 32364.72070312499      0.2507077D+02
 32414.72070312499      0.2510220D+02
 32429.66015624999      0.2511159D+02
 32429.67578124999      0.2511160D+02
 32432.57812500000      0.2511341D+02
 32438.37890624999      0.2511703D+02
 32488.37890624999      0.2514829D+02
 32538.37890624999      0.2517954D+02
 32588.37890624999      0.2521078D+02
 32638.37890624999      0.2524202D+02
 32660.98046874999      0.2525614D+02
 32661.06250000000      0.2525619D+02
 32664.03710937499      0.2525810D+02
 32669.98632812499      0.2526191D+02
 32719.98632812499      0.2529396D+02
 32769.98828124999      0.2532600D+02
 32773.14062500000      0.2532802D+02
 32773.19140624999      0.2532806D+02
 32776.21484374999      0.2532997D+02
 32782.26953124999      0.2533379D+02
 32832.26953124999      0.2536534D+02
 32882.26953124999      0.2539688D+02
 32932.26953124999      0.2542842D+02
 32982.26953124999      0.2545995D+02
 33032.26953124999      0.2549148D+02
 33082.26953124999      0.2552300D+02
 33115.82812500000      0.2554416D+02
 33115.86328124999      0.2554418D+02
 33118.70312500000      0.2554595D+02
 33124.38671874999      0.2554950D+02
 33174.38671874999      0.2558068D+02
 33224.38671874999      0.2561185D+02
 33274.38671874999      0.2564302D+02
 33324.38671874999      0.2567419D+02
 33347.14843750000      0.2568838D+02
 33347.16796874999      0.2568839D+02
 33349.99609374999      0.2569014D+02
 33355.65625000000      0.2569365D+02
 33405.65625000000      0.2572464D+02
 33455.65625000000      0.2575562D+02
 33463.53906250000      0.2576051D+02
 33463.57421874999      0.2576053D+02
 33466.57421874999      0.2576241D+02
 33472.57421874999      0.2576617D+02
 33522.57421874999      0.2579748D+02
 33572.57421874999      0.2582879D+02
 33578.48046874999      0.2583249D+02
 33578.59765624999      0.2583256D+02
 33581.67187500000      0.2583441D+02
 33587.82421874999      0.2583812D+02
 33637.82421874999      0.2586823D+02
 33687.82421874999      0.2589833D+02
 33737.82421874999      0.2592843D+02
 33787.82421874999      0.2595852D+02
 33818.82031250000      0.2597717D+02
 33818.90234374999      0.2597722D+02
 33821.89843750000      0.2597897D+02
 33827.88671874999      0.2598247D+02
 33877.88671874999      0.2601168D+02
 33927.88671874999      0.2604087D+02
 33977.88671874999      0.2607007D+02
 34027.88671874999      0.2609925D+02
 34067.21093750000      0.2612220D+02
 34067.41015624999      0.2612231D+02
 34070.65625000000      0.2612406D+02
 34079.87500000000      0.2612904D+02
 34129.87500000000      0.2615604D+02
 34179.87500000000      0.2618304D+02
 34202.28906250000      0.2619514D+02
 34202.52343750000      0.2619526D+02
 34205.02343750000      0.2619647D+02
 34210.02734374999      0.2619891D+02
 34260.02734374999      0.2622327D+02
 34310.02734374999      0.2624762D+02
 34352.75000000000      0.2626843D+02
 34352.93359374999      0.2626851D+02
 34356.17968750000      0.2626995D+02
 34364.61328124999      0.2627370D+02
 34414.61328124999      0.2629593D+02
 34464.61328124999      0.2631816D+02
 34514.61328124999      0.2634037D+02
 34517.96875000000      0.2634187D+02
 34518.17187500000      0.2634196D+02
 34521.41406250000      0.2634356D+02
 34530.28906250000      0.2634791D+02
 34580.28906250000      0.2637242D+02
 34630.28906250000      0.2639692D+02
 34667.21093750000      0.2641502D+02
 34667.24218750000      0.2641504D+02
 34670.47265624999      0.2641664D+02
 34676.92968750000      0.2641986D+02
 34726.92968750000      0.2644473D+02
 34776.92968750000      0.2646960D+02
 34814.08984374999      0.2648808D+02
 34814.10546874999      0.2648809D+02
 34817.35156250000      0.2648972D+02
 34824.00781250000      0.2649305D+02
 34874.00781250000      0.2651810D+02
 34924.00781250000      0.2654314D+02
 34959.80078124999      0.2656106D+02
 35009.80078124999      0.2658610D+02
 35059.80078124999      0.2661112D+02
 35109.80078124999      0.2663614D+02
 35159.80078124999      0.2666116D+02
 35209.80078124999      0.2668617D+02
 35251.23046874999      0.2670689D+02
 35251.37890624999      0.2670696D+02
 35253.17578124999      0.2670780D+02
 35256.76953124999      0.2670947D+02
 35306.76953124999      0.2673276D+02
 35356.76953124999      0.2675605D+02
 35406.76953124999      0.2677933D+02
 35408.05078124999      0.2677993D+02
 35408.10156250000      0.2677995D+02
 35411.27343750000      0.2678139D+02
 35417.61718750000      0.2678427D+02
 35467.61718750000      0.2680698D+02
 35517.61718750000      0.2682967D+02
 35567.61718750000      0.2685236D+02
 35568.96875000000      0.2685298D+02
 35569.20312500000      0.2685309D+02
 35571.82421874999      0.2685442D+02
 35577.06250000000      0.2685708D+02
 35627.06250000000      0.2688242D+02
 35677.06250000000      0.2690776D+02
 35712.42968750000      0.2692568D+02
 35712.44531250000      0.2692569D+02
 35715.30078124999      0.2692712D+02
 35721.00781250000      0.2692999D+02
 35771.00781250000      0.2695513D+02
 35821.00781250000      0.2698026D+02
 35871.00781250000      0.2700539D+02
 35921.00781250000      0.2703052D+02
 35971.00781250000      0.2705564D+02
 36001.57812500000      0.2707099D+02
 36051.57812500000      0.2709610D+02
 36101.57812500000      0.2712121D+02
 36146.14843750000      0.2714359D+02
 36146.39843750000      0.2714370D+02
 36148.92187500000      0.2714482D+02
 36153.96484374999      0.2714706D+02
 36203.96484374999      0.2716931D+02
 36253.96484374999      0.2719156D+02
 36303.96484374999      0.2721379D+02
 36353.96484374999      0.2723603D+02
 36403.96484374999      0.2725826D+02
 36453.96484374999      0.2728048D+02
 36473.69140624999      0.2728925D+02
 36473.75781250000      0.2728928D+02
 36476.91406250000      0.2729073D+02
 36483.22265624999      0.2729364D+02
 36533.22265624999      0.2731662D+02
 36583.22265624999      0.2733960D+02
 36631.85937500000      0.2736195D+02
 36632.01171874999      0.2736202D+02
 36633.83984374999      0.2736292D+02
 36637.50390624999      0.2736473D+02
 36687.50390624999      0.2738940D+02
 36737.50390624999      0.2741407D+02
 36787.50390624999      0.2743874D+02
 36837.50390624999      0.2746340D+02
 36887.50390624999      0.2748805D+02
 36925.58984374999      0.2750683D+02
 36925.70703124999      0.2750688D+02
 36928.87109374999      0.2750836D+02
 36935.19531250000      0.2751131D+02
 36985.19531250000      0.2753463D+02
 37035.19531250000      0.2755795D+02
 37081.10937500000      0.2757936D+02
 37081.14453124999      0.2757937D+02
 37084.39062500000      0.2758091D+02
 37091.17578124999      0.2758413D+02
 37141.17578124999      0.2760781D+02
 37191.17578124999      0.2763149D+02
 37234.03906250000      0.2765179D+02
 37234.07421874999      0.2765181D+02
 37237.09375000000      0.2765322D+02
 37243.13281250000      0.2765603D+02
 37293.13281250000      0.2767933D+02
 37343.13281250000      0.2770262D+02
 37389.55078124999      0.2772424D+02
 37389.71484374999      0.2772432D+02
 37392.96093750000      0.2772595D+02
 37402.86328124999      0.2773094D+02
 37452.86328124999      0.2775610D+02
 37502.86328124999      0.2778126D+02
 37552.86328124999      0.2780641D+02
 37602.86328124999      0.2783156D+02
 37652.86328124999      0.2785670D+02
 37676.46093750000      0.2786857D+02
 37676.55859374999      0.2786861D+02
 37679.76562500000      0.2787015D+02
 37686.17968750000      0.2787323D+02
 37736.17968750000      0.2789725D+02
 37786.17968750000      0.2792125D+02
 37826.92187500000      0.2794081D+02
 37827.00390624999      0.2794085D+02
 37830.25000000000      0.2794247D+02
 37836.76562500000      0.2794572D+02
 37886.76562500000      0.2797066D+02
 37936.76562500000      0.2799558D+02
 37971.48828124999      0.2801290D+02
 37971.52343750000      0.2801291D+02
 37974.76953124999      0.2801455D+02
 37981.49218750000      0.2801796D+02
 38031.49218750000      0.2804325D+02
 38081.49218750000      0.2806854D+02
 38113.85156250000      0.2808491D+02
 38113.88281250000      0.2808492D+02
 38116.98828124999      0.2808647D+02
 38123.20312500000      0.2808957D+02
 38173.20312500000      0.2811448D+02
 38223.20312500000      0.2813938D+02
 38258.42187500000      0.2815692D+02
 38258.53515624999      0.2815698D+02
 38261.78125000000      0.2815868D+02
 38268.30078124999      0.2816210D+02
 38318.30078124999      0.2818829D+02
 38368.30078124999      0.2821448D+02
 38395.50000000000      0.2822872D+02
 38445.50000000000      0.2825491D+02
 38495.50000000000      0.2828108D+02
 38532.57812500000      0.2830049D+02
 38582.57812500000      0.2832666D+02
 38632.57812500000      0.2835282D+02
 38669.66015624999      0.2837222D+02
 38669.67578124999      0.2837223D+02
 38672.92187500000      0.2837394D+02
 38680.48046874999      0.2837792D+02
 38730.48046874999      0.2840426D+02
 38780.48046874999      0.2843060D+02
 38805.73046874999      0.2844389D+02
 38805.74609374999      0.2844390D+02
 38808.81250000000      0.2844551D+02
 38814.94531250000      0.2844871D+02
 38864.94531250000      0.2847486D+02
 38914.94531250000      0.2850099D+02
 38942.80859374999      0.2851556D+02
 38992.80859374999      0.2854169D+02
 39042.80859374999      0.2856782D+02
 39079.89062500000      0.2858719D+02
 39129.89062500000      0.2861331D+02
 39179.89062500000      0.2863943D+02
 39229.89062500000      0.2866553D+02
 39279.89062500000      0.2869164D+02
 39329.89062500000      0.2871774D+02
 39354.05078124999      0.2873035D+02
 39354.16796874999      0.2873041D+02
 39357.41406250000      0.2873202D+02
 39364.04296874999      0.2873531D+02
 39414.04296874999      0.2876011D+02
 39464.04296874999      0.2878490D+02
 39498.62890624999      0.2880205D+02
 39498.67968750000      0.2880208D+02
 39501.92578124999      0.2880373D+02
 39508.78906250000      0.2880721D+02
 39558.78906250000      0.2883255D+02
 39608.78906250000      0.2885789D+02
 39658.78906250000      0.2888322D+02
 39708.78906250000      0.2890855D+02
 39758.78906250000      0.2893387D+02
 39781.14843750000      0.2894520D+02
 39781.18359374999      0.2894521D+02
 39784.42968750000      0.2894688D+02
 39791.25000000000      0.2895038D+02
 39841.25000000000      0.2897607D+02
 39891.25000000000      0.2900175D+02
 39920.30078124999      0.2901668D+02
 39920.35156250000      0.2901670D+02
 39923.59375000000      0.2901840D+02
 39930.47265624999      0.2902201D+02
 39980.47265624999      0.2904824D+02
 40030.47265624999      0.2907446D+02
 40056.37109374999      0.2908804D+02
 40056.43750000000      0.2908807D+02
 40059.68359374999      0.2908973D+02
 40066.33984374999      0.2909312D+02
 40116.33984374999      0.2911860D+02
 40166.33984374999      0.2914407D+02
 40196.57031250000      0.2915947D+02
 40196.58593750000      0.2915948D+02
 40199.57421874999      0.2916099D+02
 40205.54687500000      0.2916401D+02
 40255.54687500000      0.2918929D+02
 40305.54687500000      0.2921457D+02
 40337.82812500000      0.2923088D+02
 40337.91406250000      0.2923093D+02
 40341.16015624999      0.2923263D+02
 40347.99218750000      0.2923621D+02
 40397.99218750000      0.2926238D+02
 40447.99218750000      0.2928855D+02
 40473.89843750000      0.2930211D+02
 40473.96484374999      0.2930215D+02
 40477.21093750000      0.2930380D+02
 40483.90234374999      0.2930720D+02
 40533.90234374999      0.2933264D+02
 40583.90234374999      0.2935806D+02
 40614.10156250000      0.2937342D+02
 40614.16796874999      0.2937346D+02
 40617.41406250000      0.2937515D+02
 40624.28125000000      0.2937875D+02
 40674.28125000000      0.2940489D+02
 40724.28125000000      0.2943102D+02
 40774.28125000000      0.2945715D+02
 40824.28125000000      0.2948327D+02
 40874.28125000000      0.2950939D+02
 40886.23828124999      0.2951564D+02
 40936.23828124999      0.2954175D+02
 40986.23828124999      0.2956785D+02
 41022.30859374999      0.2958668D+02
 41022.32812500000      0.2958669D+02
 41025.57031250000      0.2958839D+02
 41032.52343750000      0.2959205D+02
 41082.52343750000      0.2961832D+02
 41132.52343750000      0.2964458D+02
 41157.39062500000      0.2965764D+02
 41157.42187500000      0.2965766D+02
 41160.66796874999      0.2965934D+02
 41167.32812500000      0.2966279D+02
 41217.32812500000      0.2968868D+02
 41267.32812500000      0.2971458D+02
 41294.46875000000      0.2972863D+02
 41294.76953124999      0.2972876D+02
 41297.70312500000      0.2973009D+02
 41303.56640624999      0.2973273D+02
 41353.56640624999      0.2975530D+02
 41403.56640624999      0.2977786D+02
 41452.62890624999      0.2980000D+02
 41453.14843750000      0.2980029D+02
 41455.15625000000      0.2980142D+02
 41459.17578124999      0.2980368D+02
 41500.81640624999      0.2982710D+02
 41550.81640624999      0.2985521D+02
 41577.67187500000      0.2987031D+02
 41577.68750000000      0.2987032D+02
 41580.90625000000      0.2987212D+02
 41587.35156250000      0.2987572D+02
 41637.35156250000      0.2990365D+02
 41687.35156250000      0.2993158D+02
 41737.35156250000      0.2995949D+02
 41787.35156250000      0.2998741D+02
 41829.44921874999      0.3001090D+02
 41829.48437500000      0.3001092D+02
 41832.66015624999      0.3001267D+02
 41839.01562500000      0.3001618D+02
 41889.01562500000      0.3004374D+02
 41939.01562500000      0.3007129D+02
 41957.07031250000      0.3008124D+02
 41957.13671874999      0.3008127D+02
 41960.38281250000      0.3008302D+02
 41967.14453124999      0.3008665D+02
 42017.14453124999      0.3011351D+02
 42067.14453124999      0.3014036D+02
 42088.32031250000      0.3015173D+02
 42088.48828124999      0.3015183D+02
 42090.47265624999      0.3015296D+02
 42094.44921874999      0.3015523D+02
 42144.44921874999      0.3018375D+02
 42194.44921874999      0.3021226D+02
 42244.44921874999      0.3024077D+02
 42294.44921874999      0.3026927D+02
 42333.42968750000      0.3029148D+02
 42333.44531250000      0.3029149D+02
 42336.48437500000      0.3029322D+02
 42342.56250000000      0.3029666D+02
 42392.56250000000      0.3032498D+02
 42442.56250000000      0.3035330D+02
 42492.56250000000      0.3038161D+02
 42542.56250000000      0.3040991D+02
 42580.17187500000      0.3043119D+02
 42580.30468750000      0.3043126D+02
 42583.55078124999      0.3043302D+02
 42590.25781250000      0.3043663D+02
 42640.25781250000      0.3046358D+02
 42690.25781250000      0.3049053D+02
 42710.48828124999      0.3050143D+02
 42760.48828124999      0.3052837D+02
 42810.48828124999      0.3055530D+02
 42860.48828124999      0.3058222D+02
 42910.48828124999      0.3060914D+02
 42960.48828124999      0.3063605D+02
 42971.12890624999      0.3064178D+02
 43021.12890624999      0.3066868D+02
 43071.12890624999      0.3069557D+02
 43101.44921874999      0.3071188D+02
 43101.46484374999      0.3071189D+02
 43104.71093750000      0.3071364D+02
 43111.43750000000      0.3071728D+02
 43161.43750000000      0.3074433D+02
 43211.43750000000      0.3077138D+02
 43261.43750000000      0.3079842D+02
 43311.43750000000      0.3082545D+02
 43360.26953124999      0.3085184D+02
 43360.37109374999      0.3085190D+02
 43363.61718750000      0.3085358D+02
 43370.35156250000      0.3085709D+02
 43420.35156250000      0.3088308D+02
 43470.35156250000      0.3090906D+02
 43520.35156250000      0.3093504D+02
 43570.35156250000      0.3096101D+02
 43620.35156250000      0.3098697D+02
 43630.42968750000      0.3099221D+02
 43630.87890624999      0.3099248D+02
 43634.02343750000      0.3099438D+02
 43640.30468750000      0.3099818D+02
 43690.30468750000      0.3102838D+02
 43740.30468750000      0.3105857D+02
 43743.26953124999      0.3106036D+02
 43743.35156250000      0.3106041D+02
 43746.56250000000      0.3106230D+02
 43752.98437500000      0.3106609D+02
 43802.98437500000      0.3109558D+02
 43852.98437500000      0.3112506D+02
 43859.66015624999      0.3112899D+02
 43909.66015624999      0.3115846D+02
 43959.66015624999      0.3118793D+02
 43976.03906250000      0.3119758D+02
 43976.55859374999      0.3119783D+02
 43979.70703124999      0.3119937D+02
 43986.00781250000      0.3120243D+02
 44036.00781250000      0.3122677D+02
 44086.00781250000      0.3125110D+02
 44120.62109374999      0.3126794D+02
 44170.62109374999      0.3129226D+02
 44220.62109374999      0.3131658D+02
 44265.19921874999      0.3133825D+02
 44265.33203124999      0.3133832D+02
 44268.57812500000      0.3133999D+02
 44275.47265624999      0.3134354D+02
 44325.47265624999      0.3136925D+02
 44375.47265624999      0.3139496D+02
 44401.26953124999      0.3140822D+02
 44401.40234374999      0.3140829D+02
 44404.64843750000      0.3141005D+02
 44411.39843750000      0.3141370D+02
 44461.39843750000      0.3144075D+02
 44511.39843750000      0.3146779D+02
 44561.39843750000      0.3149482D+02
 44611.39843750000      0.3152185D+02
 44661.39843750000      0.3154887D+02
 44711.39843750000      0.3157589D+02
 44761.39843750000      0.3160290D+02
 44786.80078124999      0.3161662D+02
 44787.05078124999      0.3161674D+02
 44790.29687500000      0.3161832D+02
 44797.00781250000      0.3162160D+02
 44847.00781250000      0.3164603D+02
 44897.00781250000      0.3167045D+02
 44930.26171874999      0.3168668D+02
 44930.44921874999      0.3168677D+02
 44930.64062500000      0.3168685D+02
 44930.83203124999      0.3168692D+02
 44931.01953124999      0.3168698D+02
 44931.21093750000      0.3168703D+02
 44931.40234374999      0.3168707D+02
 44931.59375000000      0.3168711D+02
 44931.78125000000      0.3168714D+02
 44931.97265624999      0.3168716D+02
 44932.16406250000      0.3168717D+02
 44932.35546874999      0.3168717D+02
 44932.41015624999      0.3168717D+02
 44932.43750000000      0.3168717D+02
 44932.46875000000      0.3168717D+02
 44932.50000000000      0.3168717D+02
 44932.52734374999      0.3168717D+02
 44932.55859374999      0.3168717D+02
 44932.58593750000      0.3168718D+02
 44932.61718750000      0.3168718D+02
 44932.64453124999      0.3168718D+02
 44932.67578124999      0.3168718D+02
 44932.70312500000      0.3168718D+02
 44932.72656250000      0.3168719D+02
 44932.78515624999      0.3168719D+02
 44933.32421874999      0.3168725D+02
 44933.76171874999      0.3168729D+02
 44934.22656250000      0.3168740D+02
 44934.44140624999      0.3168746D+02
 44934.47656250000      0.3168747D+02
 44934.49218750000      0.3168748D+02
 44934.52734374999      0.3168750D+02
 44934.69140624999      0.3168760D+02
 44935.07812500000      0.3168786D+02
 44935.24218750000      0.3168797D+02
 44935.39453124999      0.3168807D+02
 44935.42578124999      0.3168809D+02
 44935.67578124999      0.3168824D+02
 44935.92578124999      0.3168835D+02
 44935.96093750000      0.3168836D+02
 44936.16015624999      0.3168837D+02
 44936.17578124999      0.3168837D+02
 44936.42578124999      0.3168821D+02
 44936.54296874999      0.3168807D+02
 44937.60156250000      0.3168665D+02
 44939.72265624999      0.3168313D+02
 44942.52734374999      0.3167806D+02
 44942.55859374999      0.3167800D+02
 44942.67578124999      0.3167776D+02
 44942.71093750000      0.3167765D+02
 44942.80859374999      0.3167684D+02
 44942.84375000000      0.3167650D+02
 44942.87500000000      0.3167608D+02
 44942.96875000000      0.3167469D+02
 44943.16406250000      0.3167148D+02
 44943.55859374999      0.3166444D+02
 44946.92578124999      0.3161975D+02
 44946.94140624999      0.3161952D+02
 44946.96093750000      0.3161946D+02
 44946.97656250000      0.3161947D+02
 44946.99609374999      0.3161949D+02
 44947.01171874999      0.3161950D+02
 44947.03906250000      0.3161951D+02
 44947.09765624999      0.3161952D+02
 44947.12890624999      0.3161953D+02
 44947.14062500000      0.3161953D+02
 44947.14843750000      0.3161953D+02
 44947.16015624999      0.3161953D+02
 44947.16796874999      0.3161953D+02
 44947.17968750000      0.3161953D+02
 44947.18750000000      0.3161953D+02
 44947.19921874999      0.3161953D+02
 44947.20703124999      0.3161953D+02
 44947.21875000000      0.3161953D+02
 44947.22656250000      0.3161953D+02
 44947.23437500000      0.3161953D+02
