 0.000000000000000      0.0000000D+00
0.1000000014901161      0.0000000D+00
0.3000000119209288      0.5503930D-07
0.6006559729576110      0.0000000D+00
0.9013119935989378      0.2191039D-07
 1.201967954635620      0.0000000D+00
 1.502623915672302      0.7738323D-07
 1.803279876708984      0.2327464D-07
 2.103935956954956      0.1898423D-07
 2.404591798782348      0.0000000D+00
 2.705247640609741      0.0000000D+00
 3.005903959274291      0.1378230D-06
 3.299999952316284      0.8572189D-07
 3.901312112808227      0.0000000D+00
 6.178729057312010      0.8215752D-08
 56.17873001098632      0.1136581D-06
 93.45999908447265      0.1134624D-06
 94.64333343505858      0.1410310D-06
 96.44585418701171      0.1645951D-06
 100.0509109497070      0.2934271D-06
 150.0509033203125      0.5036830D-05
 200.0509033203125      0.4972806D-05
 250.0509033203125      0.4789503D-05
 299.8500061035155      0.4781919D-05
 300.2333374023437      0.1950977D-03
 302.0991210937499      0.3565778D-03
 305.8307495117187      0.3618903D-03
 355.8307495117187      0.3601146D-03
 405.8307495117187      0.3595871D-03
 455.8307495117187      0.3591100D-03
 505.8307495117187      0.3586157D-03
 555.8307495117187      0.3579312D-03
 605.8307495117186      0.3569210D-03
 655.8307495117186      0.3556957D-03
 675.9799804687499      0.3552157D-03
 676.4633178710936      0.3552882D-03
 678.3085327148436      0.3556630D-03
 681.9989624023436      0.3562871D-03
 731.9989624023436      0.3794954D-03
 781.9989624023436      0.3828959D-03
 831.9989624023436      0.3845731D-03
 881.9989624023436      0.3848546D-03
 931.9989624023436      0.3841479D-03
 945.1500244140623      0.3840668D-03
 946.0499877929685      0.9749138D-03
 947.8235473632810      0.1545359D-02
 951.3707885742186      0.1544099D-02
 1001.370788574219      0.1525541D-02
 1051.370849609375      0.1507912D-02
 1101.370849609375      0.1490704D-02
 1151.370849609375      0.1474140D-02
 1196.359985351562      0.1459574D-02
 1197.493286132812      0.1460235D-02
 1199.242797851562      0.1461450D-02
 1202.741577148437      0.1499955D-02
 1252.741577148437      0.1522673D-02
 1302.741577148437      0.1537555D-02
 1324.420043945312      0.1544643D-02
 1324.520019531250      0.1547822D-02
 1326.805664062500      0.1707005D-02
 1331.377197265625      0.1707815D-02
 1381.377197265625      0.1716929D-02
 1431.377197265625      0.1716332D-02
 1481.377197265625      0.1711741D-02
 1531.377197265625      0.1706804D-02
 1581.377197265625      0.1700569D-02
 1585.989990234375      0.1703305D-02
 1586.606689453125      0.2454759D-02
 1588.367797851562      0.3119874D-02
 1591.889892578125      0.3130402D-02
 1641.889892578125      0.3105024D-02
 1691.889892578125      0.3079050D-02
 1741.889892578125      0.3052376D-02
 1791.889892578125      0.3025119D-02
 1811.660034179687      0.3014515D-02
 1811.693359375000      0.3014512D-02
 1814.099731445312      0.3013315D-02
 1818.912475585937      0.3017107D-02
 1868.912475585937      0.2990586D-02
 1886.280029296875      0.2981197D-02
 1886.313354492187      0.2981210D-02
 1888.792236328125      0.3026789D-02
 1893.750000000000      0.3024124D-02
 1943.750000000000      0.2995417D-02
 1993.750000000000      0.2966025D-02
 2036.739990234375      0.2941226D-02
 2086.739990234375      0.2913348D-02
 2136.739990234375      0.2884469D-02
 2186.739990234375      0.2855987D-02
 2236.739990234375      0.2827603D-02
 2262.409912109375      0.2814314D-02
 2262.459960937500      0.2817656D-02
 2265.011474609375      0.2816185D-02
 2270.113769531250      0.2825478D-02
 2320.113769531250      0.2796756D-02
 2370.113769531250      0.2766544D-02
 2420.113769531250      0.2739280D-02
 2470.113769531250      0.2712696D-02
 2520.113769531250      0.2686528D-02
 2559.689941406250      0.2666749D-02
 2559.739990234375      0.2670961D-02
 2562.404785156250      0.2669490D-02
 2567.734130859375      0.2680250D-02
 2617.734130859375      0.2653129D-02
 2667.734130859375      0.2624342D-02
 2717.734130859375      0.2600118D-02
 2767.734130859375      0.2577010D-02
 2780.000000000000      0.2575401D-02
 2780.033447265625      0.2582041D-02
 2782.469238281250      0.2647278D-02
 2787.340576171875      0.2644587D-02
 2837.340576171875      0.2617537D-02
 2887.340576171874      0.2590854D-02
 2937.340576171874      0.2567536D-02
 2987.340576171874      0.2547391D-02
 3002.070068359374      0.2545671D-02
 3002.086669921874      0.2552906D-02
 3004.456298828124      0.2587200D-02
 3009.195556640624      0.2585001D-02
 3059.195556640624      0.2560836D-02
 3109.195556640624      0.2537193D-02
 3159.195556640624      0.2518988D-02
 3209.195556640624      0.2503089D-02
 3225.030029296874      0.2502492D-02
 3225.046630859374      0.2510103D-02
 3227.384765624999      0.2546658D-02
 3232.060546874999      0.2544717D-02
 3282.060546874999      0.2524107D-02
 3332.060546874999      0.2504150D-02
 3382.060546874999      0.2489861D-02
 3432.060546874999      0.2478093D-02
 3482.060546874999      0.2467667D-02
 3523.500000000000      0.2461119D-02
 3573.500000000000      0.2452909D-02
 3598.120117187499      0.2451304D-02
 3598.136718750000      0.2459417D-02
 3600.370117187499      0.2500406D-02
 3604.836914062499      0.2499270D-02
 3654.836914062499      0.2485615D-02
 3704.836914062499      0.2473063D-02
 3754.836914062499      0.2465331D-02
 3804.836914062499      0.2459170D-02
 3854.836914062499      0.2455452D-02
 3897.810058593749      0.2454674D-02
 3898.026611328124      0.2919058D-02
 3899.932128906249      0.3310651D-02
 3903.743164062499      0.3313127D-02
 3953.743164062499      0.3309336D-02
 4003.743164062499      0.3306313D-02
 4053.743164062499      0.3304583D-02
 4103.743164062499      0.3303754D-02
 4135.060058593749      0.3303970D-02
 4135.160156250000      0.3305027D-02
 4137.779785156249      0.3305401D-02
 4143.019042968749      0.3343397D-02
 4193.019042968749      0.3349400D-02
 4212.169921874999      0.3352272D-02
 4212.653320312499      0.4221326D-02
 4214.573730468749      0.4970355D-02
 4218.414550781249      0.4973209D-02
 4268.414550781249      0.4966770D-02
 4318.414550781249      0.4959901D-02
 4368.414550781249      0.4952535D-02
 4387.580078124999      0.4949958D-02
 4387.613281250000      0.4951216D-02
 4390.296875000000      0.5012329D-02
 4395.663574218749      0.5011431D-02
 4445.663574218749      0.5002283D-02
 4476.120117187499      0.4996507D-02
 4476.169921874999      0.4997097D-02
 4478.911621093749      0.4996628D-02
 4484.394042968749      0.5007064D-02
 4534.394042968749      0.4999010D-02
 4563.410156250000      0.4993859D-02
 4563.426757812499      0.4994746D-02
 4566.104980468749      0.5025533D-02
 4571.461425781249      0.5024571D-02
 4621.461425781249      0.5014544D-02
 4651.109863281249      0.5008421D-02
 4651.160156250000      0.5009291D-02
 4653.834960937499      0.5106005D-02
 4659.184570312499      0.5104834D-02
 4709.184570312499      0.5093642D-02
 4740.080078124999      0.5086283D-02
 4740.129882812499      0.5086979D-02
 4742.846191406249      0.5179845D-02
 4748.279296874999      0.5178412D-02
 4798.279296874999      0.5165405D-02
 4848.279296874999      0.5151849D-02
 4898.279296874999      0.5138309D-02
 4920.629882812499      0.5132526D-02
 4920.663574218749      0.5133700D-02
 4923.454101562499      0.5133092D-02
 4929.035156250000      0.5139022D-02
 4979.035156250000      0.5126012D-02
 5029.035156250000      0.5112033D-02
 5079.035156250000      0.5098287D-02
 5099.430175781249      0.5092941D-02
 5099.546875000000      0.5094408D-02
 5102.293945312499      0.5313628D-02
 5107.789062500000      0.5312041D-02
 5157.789062500000      0.5296828D-02
 5207.789062500000      0.5280875D-02
 5257.789062500000      0.5264970D-02
 5307.789062500000      0.5248931D-02
 5357.789062500000      0.5232916D-02
 5407.789062500000      0.5216651D-02
 5457.789062500000      0.5200385D-02
 5469.540039062499      0.5197080D-02
 5469.589843750000      0.5199065D-02
 5472.353027343749      0.5198150D-02
 5477.879394531249      0.5208304D-02
 5527.879394531249      0.5192569D-02
 5560.700195312499      0.5181973D-02
 5610.700195312499      0.5166622D-02
 5660.700195312499      0.5150212D-02
 5710.700195312499      0.5133990D-02
 5743.020019531249      0.5123755D-02
 5743.053222656249      0.5124934D-02
 5745.747070312499      0.5195221D-02
 5751.134765624999      0.5193412D-02
 5801.134765624999      0.5176696D-02
 5835.089843749999      0.5165480D-02
 5835.106445312499      0.5166925D-02
 5837.744628906248      0.5202217D-02
 5843.020507812499      0.5200497D-02
 5893.020507812499      0.5183625D-02
 5927.620117187499      0.5171929D-02
 5927.753417968748      0.5172930D-02
 5930.538574218749      0.5435569D-02
 5936.108398437498      0.5433686D-02
 5986.108398437498      0.5416945D-02
 6024.000000000000      0.5403894D-02
 6024.966796874999      0.5405009D-02
 6026.852050781249      0.5407936D-02
 6030.623535156249      0.5414178D-02
 6080.623535156249      0.5499988D-02
 6098.020019531248      0.5526670D-02
 6099.186523437498      0.7345393D-02
 6101.077148437498      0.9073348D-02
 6104.857421874999      0.9073321D-02
 6154.857421874999      0.9072027D-02
 6200.830078124999      0.9071103D-02
 6201.263183593748      0.9663902D-02
 6203.228027343749      0.1019306D-01
 6207.156250000000      0.1019286D-01
 6257.156250000000      0.1018939D-01
 6307.156250000000      0.1018507D-01
 6321.000000000000      0.1018417D-01
 6321.850097656249      0.1018436D-01
 6323.772949218749      0.1018487D-01
 6327.618652343749      0.1018645D-01
 6377.618652343749      0.1019954D-01
 6411.270019531248      0.1020536D-01
 6411.286621093748      0.1020577D-01
 6413.924316406248      0.1024262D-01
 6419.200195312499      0.1024337D-01
 6469.200195312499      0.1024885D-01
 6501.979980468748      0.1025147D-01
 6502.029785156249      0.1025201D-01
 6504.718750000000      0.1035951D-01
 6510.095703124999      0.1035968D-01
 6560.095703124999      0.1036033D-01
 6610.095703124999      0.1035924D-01
 6660.095703124999      0.1035636D-01
 6686.120117187499      0.1035441D-01
 6686.203125000000      0.1035544D-01
 6688.920898437498      0.1053164D-01
 6694.356933593748      0.1053097D-01
 6744.356933593748      0.1052433D-01
 6780.540039062499      0.1051843D-01
 6780.556640624999      0.1051901D-01
 6783.204589843749      0.1055565D-01
 6788.500488281249      0.1055464D-01
 6838.500488281249      0.1054483D-01
 6888.500488281249      0.1053365D-01
 6938.500488281249      0.1052155D-01
 6970.339843749999      0.1051355D-01
 6970.373535156249      0.1051449D-01
 6973.093261718749      0.1058608D-01
 6978.533203124999      0.1058460D-01
 7028.533203124999      0.1056975D-01
 7078.533203124999      0.1055389D-01
 7128.533203124999      0.1053764D-01
 7178.533203124999      0.1052057D-01
 7228.533203124999      0.1050289D-01
 7278.533203124999      0.1048416D-01
 7328.533203124999      0.1046470D-01
 7353.870117187498      0.1045513D-01
 7353.886718749999      0.1045663D-01
 7356.544433593748      0.1049483D-01
 7361.860351562498      0.1049265D-01
 7411.860351562498      0.1047136D-01
 7461.860351562498      0.1044933D-01
 7511.860351562498      0.1042766D-01
 7546.640136718748      0.1041279D-01
 7546.939941406248      0.1041272D-01
 7548.910156249999      0.1041219D-01
 7552.850097656249      0.1041123D-01
 7602.850097656249      0.1040126D-01
 7634.759765624999      0.1039246D-01
 7634.810058593748      0.1039395D-01
 7637.444335937498      0.1053074D-01
 7642.713378906248      0.1052910D-01
 7692.713378906248      0.1051348D-01
 7742.713378906248      0.1049698D-01
 7792.713378906248      0.1048105D-01
 7813.560058593748      0.1047494D-01
 7814.143554687498      0.1162846D-01
 7816.086425781249      0.1263011D-01
 7819.974121093748      0.1262902D-01
 7869.974121093748      0.1261519D-01
 7919.974121093748      0.1260228D-01
 7969.974121093748      0.1258697D-01
 8019.974121093748      0.1257101D-01
 8028.740234374999      0.1256858D-01
 8029.206542968748      0.1256852D-01
 8031.178222656249      0.1256825D-01
 8035.122070312499      0.1256755D-01
 8085.122070312499      0.1256385D-01
 8135.122070312499      0.1255316D-01
 8185.122070312499      0.1254167D-01
 8213.799804687498      0.1253501D-01
 8213.916992187498      0.1253648D-01
 8216.624023437498      0.1282839D-01
 8222.041015624999      0.1282685D-01
 8272.041015624999      0.1281226D-01
 8309.679687500000      0.1280023D-01
 8309.730468749999      0.1280142D-01
 8312.425781249999      0.1292510D-01
 8317.816406249999      0.1292331D-01
 8367.816406249999      0.1290641D-01
 8407.080078124999      0.1289236D-01
 8407.113281249999      0.1289337D-01
 8409.892578124999      0.1289244D-01
 8415.452148437498      0.1290148D-01
 8465.452148437498      0.1288355D-01
 8515.452148437498      0.1286457D-01
 8565.452148437498      0.1284552D-01
 8615.452148437498      0.1282582D-01
 8665.452148437498      0.1280512D-01
 8696.230468749999      0.1279240D-01
 8696.346679687498      0.1279410D-01
 8699.093750000000      0.1308286D-01
 8704.588867187498      0.1308048D-01
 8754.588867187498      0.1305873D-01
 8804.588867187498      0.1303627D-01
 8854.588867187498      0.1301414D-01
 8896.290039062498      0.1299531D-01
 8896.356445312499      0.1299635D-01
 8899.095703124999      0.1315992D-01
 8904.572265624999      0.1315742D-01
 8954.572265624999      0.1313396D-01
 9004.572265624999      0.1310961D-01
 9054.572265624999      0.1308567D-01
 9100.769531249999      0.1306319D-01
 9100.836914062498      0.1306420D-01
 9103.588867187498      0.1322599D-01
 9109.092773437498      0.1322334D-01
 9159.092773437498      0.1319844D-01
 9209.092773437498      0.1317300D-01
 9259.092773437498      0.1314800D-01
 9309.092773437498      0.1312300D-01
 9309.879882812499      0.1312361D-01
 9309.962890624999      0.1312617D-01
 9312.777343749999      0.1332206D-01
 9318.406250000000      0.1331918D-01
 9368.406250000000      0.1329408D-01
 9418.406250000000      0.1326841D-01
 9468.406250000000      0.1324331D-01
 9518.406250000000      0.1321765D-01
 9525.059570312499      0.1321521D-01
 9525.193359374999      0.1321765D-01
 9528.041992187498      0.1351553D-01
 9533.740234374999      0.1351274D-01
 9583.740234374999      0.1348815D-01
 9633.740234374999      0.1346292D-01
 9683.740234374999      0.1343822D-01
 9733.740234374999      0.1341311D-01
 9750.740234374999      0.1340518D-01
 9750.773437500000      0.1340719D-01
 9753.644531249999      0.1348085D-01
 9759.385742187498      0.1347798D-01
 9809.385742187498      0.1345231D-01
 9859.385742187498      0.1342637D-01
 9909.385742187498      0.1340097D-01
 9959.385742187498      0.1337524D-01
 9979.200195312499      0.1336574D-01
 9979.316406249999      0.1336746D-01
 9982.200195312499      0.1361899D-01
 9987.966796874999      0.1361607D-01
 10037.96679687500      0.1359155D-01
 10087.96679687500      0.1356644D-01
 10137.96679687500      0.1354203D-01
 10187.96679687500      0.1351762D-01
 10217.98046875000      0.1350335D-01
 10218.03027343750      0.1350455D-01
 10220.88671875000      0.1361320D-01
 10226.60156250000      0.1361035D-01
 10276.60156250000      0.1358556D-01
 10326.60156250000      0.1356056D-01
 10376.60156250000      0.1353612D-01
 10426.60156250000      0.1351148D-01
 10461.48046875000      0.1349451D-01
 10461.61328125000      0.1349583D-01
 10464.54687500000      0.1376727D-01
 10470.41601562500      0.1376462D-01
 10520.41601562500      0.1374145D-01
 10570.41601562500      0.1371788D-01
 10589.99023437500      0.1370917D-01
 10590.05664062500      0.1371050D-01
 10592.98730468750      0.1384365D-01
 10598.84960937500      0.1384102D-01
 10648.84960937500      0.1381837D-01
 10698.84960937500      0.1379547D-01
 10748.84960937500      0.1377308D-01
 10798.84960937500      0.1375055D-01
 10848.84960937500      0.1372778D-01
 10854.34960937500      0.1372610D-01
 10854.43359375000      0.1372767D-01
 10857.42089843750      0.1388906D-01
 10863.39550781250      0.1388647D-01
 10913.39550781250      0.1386436D-01
 10963.39550781250      0.1384212D-01
 10991.42968750000      0.1383033D-01
 10991.53027343750      0.1383126D-01
 10994.52832031250      0.1401789D-01
 11000.52441406250      0.1401532D-01
 11050.52441406250      0.1399469D-01
 11100.52441406250      0.1397391D-01
 11150.52441406250      0.1395342D-01
 11200.52441406250      0.1393284D-01
 11250.52441406250      0.1391207D-01
 11278.33984375000      0.1390071D-01
 11278.42285156250      0.1390163D-01
 11281.45214843750      0.1405371D-01
 11287.50976562500      0.1405132D-01
 11337.50976562500      0.1403123D-01
 11387.50976562500      0.1401079D-01
 11437.50976562500      0.1399088D-01
 11487.50976562500      0.1397102D-01
 11537.50976562500      0.1395097D-01
 11576.82031250000      0.1393517D-01
 11576.88671875000      0.1393587D-01
 11579.91601562500      0.1405630D-01
 11585.97460937500      0.1405393D-01
 11635.97460937500      0.1403425D-01
 11685.97460937500      0.1401449D-01
 11731.03027343750      0.1399708D-01
 11731.78027343750      0.1399675D-01
 11733.80078125000      0.1399581D-01
 11737.84277343750      0.1399401D-01
 11787.84277343750      0.1397562D-01
 11837.84277343750      0.1395177D-01
 11843.19042968750      0.1395046D-01
 11843.50683593750      0.1395033D-01
 11845.50488281250      0.1394941D-01
 11849.50292968750      0.1394790D-01
 11899.50292968750      0.1392979D-01
 11949.50292968750      0.1390793D-01
 11999.50292968750      0.1388779D-01
 12044.33984375000      0.1386941D-01
 12044.37304687500      0.1387132D-01
 12047.23242187500      0.1387021D-01
 12052.95019531250      0.1388138D-01
 12102.95019531250      0.1386003D-01
 12152.95019531250      0.1383805D-01
 12202.95019531250      0.1381829D-01
 12243.32031250000      0.1380231D-01
 12293.32031250000      0.1378250D-01
 12343.32031250000      0.1376165D-01
 12393.32031250000      0.1374128D-01
 12442.30957031250      0.1372285D-01
 12442.36035156250      0.1372548D-01
 12445.16406250000      0.1372442D-01
 12450.77050781250      0.1374675D-01
 12500.77050781250      0.1372599D-01
 12550.77050781250      0.1370524D-01
 12600.77050781250      0.1368676D-01
 12650.77050781250      0.1366806D-01
 12700.77050781250      0.1364928D-01
 12736.04980468750      0.1363655D-01
 12736.06640625000      0.1363911D-01
 12739.02832031250      0.1363796D-01
 12744.95312500000      0.1364259D-01
 12794.95312500000      0.1362258D-01
 12844.95312500000      0.1360263D-01
 12894.95312500000      0.1358481D-01
 12930.83984375000      0.1357249D-01
 12980.83984375000      0.1355553D-01
 13030.83984375000      0.1353653D-01
 13080.83984375000      0.1351908D-01
 13125.63964843750      0.1350376D-01
 13125.72363281250      0.1350639D-01
 13128.51074218750      0.1350548D-01
 13134.08496093750      0.1355418D-01
 13184.08496093750      0.1353897D-01
 13220.54003906250      0.1352798D-01
 13220.55664062500      0.1353074D-01
 13223.12695312500      0.1359423D-01
 13228.26660156250      0.1359253D-01
 13278.26660156250      0.1357767D-01
 13328.26660156250      0.1356278D-01
 13378.26660156250      0.1354966D-01
 13411.32031250000      0.1354203D-01
 13461.32031250000      0.1353077D-01
 13511.32031250000      0.1351679D-01
 13561.32031250000      0.1350402D-01
 13602.09960937500      0.1349360D-01
 13602.16699218750      0.1349539D-01
 13604.95410156250      0.1349492D-01
 13610.53027343750      0.1353792D-01
 13660.53027343750      0.1352820D-01
 13710.53027343750      0.1351888D-01
 13760.53027343750      0.1351243D-01
 13810.53027343750      0.1350567D-01
 13860.53027343750      0.1349907D-01
 13910.53027343750      0.1349231D-01
 13960.53027343750      0.1348628D-01
 14010.53027343750      0.1348067D-01
 14060.53027343750      0.1347515D-01
 14069.41015625000      0.1347542D-01
 14119.41015625000      0.1347339D-01
 14162.87988281250      0.1346718D-01
 14162.91308593750      0.1346840D-01
 14165.52636718750      0.1360666D-01
 14170.75292968750      0.1360596D-01
 14220.75292968750      0.1359866D-01
 14270.75292968750      0.1359139D-01
 14320.75292968750      0.1358610D-01
 14351.70996093750      0.1358382D-01
 14351.72656250000      0.1358738D-01
 14354.35449218750      0.1365724D-01
 14359.61035156250      0.1365646D-01
 14409.61035156250      0.1364905D-01
 14459.61035156250      0.1364195D-01
 14509.61035156250      0.1363734D-01
 14541.50976562500      0.1363505D-01
 14541.55957031250      0.1363841D-01
 14544.35253906250      0.1363816D-01
 14549.93750000000      0.1367381D-01
 14599.93750000000      0.1367102D-01
 14649.93750000000      0.1366866D-01
 14699.93750000000      0.1366839D-01
 14749.93750000000      0.1366880D-01
 14799.93750000000      0.1366888D-01
 14821.90039062500      0.1366994D-01
 14822.13378906250      0.1367014D-01
 14824.19042968750      0.1367156D-01
 14828.30371093750      0.1367460D-01
 14878.30371093750      0.1372357D-01
 14928.30371093750      0.1376029D-01
 14978.30371093750      0.1379847D-01
 15028.30371093750      0.1383627D-01
 15078.30371093750      0.1387425D-01
 15083.76953125000      0.1387926D-01
 15083.78710937500      0.1388520D-01
 15086.47558593750      0.1396736D-01
 15091.85253906250      0.1397096D-01
 15141.85253906250      0.1400470D-01
 15191.85253906250      0.1403853D-01
 15241.85253906250      0.1407422D-01
 15291.85253906250      0.1410990D-01
 15341.85253906250      0.1414638D-01
 15346.87988281250      0.1415103D-01
 15396.87988281250      0.1419222D-01
 15434.58984375000      0.1421873D-01
 15434.94042968750      0.1562127D-01
 15436.94726562500      0.1676650D-01
 15440.96289062500      0.1676815D-01
 15490.96289062500      0.1678773D-01
 15540.96289062500      0.1681254D-01
 15590.96289062500      0.1683041D-01
 15629.37988281250      0.1684401D-01
 15679.37988281250      0.1686114D-01
 15729.37988281250      0.1687563D-01
 15779.37988281250      0.1688997D-01
 15824.17968750000      0.1690228D-01
 15824.64648437500      0.1838000D-01
 15826.64453125000      0.1961761D-01
 15830.64160156250      0.1961932D-01
 15880.64160156250      0.1963933D-01
 15930.64160156250      0.1966351D-01
 15980.64160156250      0.1968068D-01
 16030.64160156250      0.1969700D-01
 16052.63964843750      0.1970428D-01
 16052.69042968750      0.1970600D-01
 16055.48632812500      0.1970694D-01
 16061.07812500000      0.1973678D-01
 16111.07812500000      0.1975096D-01
 16161.07812500000      0.1976360D-01
 16211.07812500000      0.1977652D-01
 16261.07812500000      0.1978807D-01
 16276.95996093750      0.1979212D-01
 16277.69335937500      0.1979314D-01
 16279.65234375000      0.1979626D-01
 16283.56933593750      0.1980462D-01
 16333.56933593750      0.1988406D-01
 16365.50000000000      0.1993264D-01
 16365.70019531250      0.1993344D-01
 16367.82031250000      0.1994033D-01
 16372.06152343750      0.1995463D-01
 16422.06250000000      0.2013967D-01
 16472.06250000000      0.2029870D-01
 16522.06250000000      0.2045531D-01
 16572.06250000000      0.2060898D-01
 16622.06250000000      0.2075971D-01
 16672.06250000000      0.2090723D-01
 16700.43945312500      0.2098959D-01
 16700.45703125000      0.2099047D-01
 16702.90039062500      0.2108779D-01
 16707.78906250000      0.2110103D-01
 16757.78906250000      0.2123553D-01
 16807.78906250000      0.2136790D-01
 16857.78906250000      0.2149881D-01
 16868.67968750000      0.2152730D-01
 16918.67968750000      0.2165738D-01
 16968.67968750000      0.2178245D-01
 17018.67968750000      0.2190678D-01
 17036.91015625000      0.2195182D-01
 17037.02734375000      0.2195470D-01
 17039.64453125000      0.2256930D-01
 17044.88085937500      0.2257747D-01
 17094.88085937500      0.2265992D-01
 17144.88085937500      0.2273654D-01
 17194.88085937500      0.2281419D-01
 17244.88085937500      0.2288924D-01
 17294.88085937500      0.2296352D-01
 17344.88085937500      0.2303671D-01
 17384.42968750000      0.2309400D-01
 17434.42968750000      0.2316608D-01
 17484.42968750000      0.2323626D-01
 17534.42968750000      0.2330645D-01
 17558.19921875000      0.2334002D-01
 17558.21679687500      0.2334418D-01
 17560.73046875000      0.2344064D-01
 17565.75976562500      0.2344700D-01
 17615.75976562500      0.2350938D-01
 17665.75976562500      0.2357103D-01
 17715.75976562500      0.2363465D-01
 17732.77929687500      0.2365735D-01
 17733.34570312500      0.2585798D-01
 17735.40625000000      0.2758997D-01
 17739.52929687500      0.2759351D-01
 17789.52929687500      0.2762737D-01
 17839.52929687500      0.2767294D-01
 17889.52929687500      0.2770242D-01
 17939.52929687500      0.2773304D-01
 17940.71093750000      0.2773610D-01
 17940.72656250000      0.2774088D-01
 17943.45703125000      0.2780757D-01
 17948.91796875000      0.2781053D-01
 17998.91796875000      0.2783562D-01
 18048.91796875000      0.2785866D-01
 18098.91796875000      0.2788262D-01
 18148.91796875000      0.2790406D-01
 18198.91796875000      0.2792368D-01
 18248.91796875000      0.2794206D-01
 18254.35937500000      0.2794617D-01
 18254.39257812500      0.2795133D-01
 18257.10742187500      0.2808471D-01
 18262.53710937500      0.2808641D-01
 18312.53710937500      0.2810123D-01
 18362.53710937500      0.2811421D-01
 18412.53710937500      0.2812846D-01
 18462.53710937500      0.2814090D-01
 18465.84960937500      0.2814412D-01
 18515.84960937500      0.2815811D-01
 18565.84960937500      0.2816563D-01
 18615.84960937500      0.2817482D-01
 18665.84960937500      0.2818247D-01
 18677.34960937500      0.2818589D-01
 18677.48242187500      0.2819112D-01
 18679.06640625000      0.2819147D-01
 18682.23046875000      0.2832866D-01
 18732.23046875000      0.2834020D-01
 18778.47070312500      0.2835046D-01
 18778.48632812500      0.2835489D-01
 18780.93945312500      0.2843356D-01
 18785.84570312500      0.2843455D-01
 18835.84570312500      0.2844433D-01
 18885.84570312500      0.2845266D-01
 18935.84570312500      0.2846414D-01
 18985.84570312500      0.2847359D-01
 19035.84570312500      0.2848282D-01
 19083.50976562500      0.2849039D-01
 19083.59375000000      0.2849435D-01
 19086.24804687500      0.2885231D-01
 19091.55468750000      0.2885289D-01
 19141.55468750000      0.2885998D-01
 19191.55468750000      0.2886286D-01
 19241.55468750000      0.2886938D-01
 19291.55468750000      0.2887463D-01
 19292.60937500000      0.2887820D-01
 19292.66015625000      0.2888522D-01
 19295.38671875000      0.2909362D-01
 19300.84179687500      0.2909374D-01
 19350.84179687500      0.2909665D-01
 19400.84179687500      0.2909712D-01
 19450.84179687500      0.2910168D-01
 19500.84179687500      0.2910478D-01
 19505.32031250000      0.2910795D-01
 19505.36914062500      0.2911467D-01
 19508.11914062500      0.2931736D-01
 19513.61523437500      0.2931729D-01
 19563.61523437500      0.2931810D-01
 19613.61523437500      0.2931649D-01
 19663.61523437500      0.2931848D-01
 19713.61523437500      0.2931899D-01
 19721.75976562500      0.2932230D-01
 19771.75976562500      0.2932446D-01
 19821.75976562500      0.2932035D-01
 19871.75976562500      0.2931934D-01
 19921.75976562500      0.2931761D-01
 19971.75976562500      0.2931616D-01
 20021.75976562500      0.2931319D-01
 20046.41992187500      0.2931341D-01
 20046.47070312500      0.2931898D-01
 20049.24414062500      0.2931868D-01
 20054.79101562500      0.2936690D-01
 20104.79101562500      0.2936242D-01
 20154.79101562500      0.2935777D-01
 20204.79101562500      0.2935772D-01
 20254.79101562500      0.2935680D-01
 20259.13085937500      0.2936084D-01
 20259.16406250000      0.2936788D-01
 20261.93164062500      0.2950621D-01
 20267.46875000000      0.2950568D-01
 20317.46875000000      0.2950200D-01
 20366.72070312500      0.2949668D-01
 20367.00390625000      0.3052905D-01
 20369.07421875000      0.3134663D-01
 20373.21875000000      0.3135185D-01
 20423.21875000000      0.3135876D-01
 20473.21875000000      0.3136928D-01
 20486.10937500000      0.3137344D-01
 20486.71093750000      0.3137379D-01
 20488.73242187500      0.3137520D-01
 20492.77539062500      0.3138037D-01
 20542.77539062500      0.3141521D-01
 20583.00000000000      0.3144175D-01
 20583.43359375000      0.3302937D-01
 20585.55664062500      0.3425121D-01
 20589.80468750000      0.3427900D-01
 20639.80468750000      0.3431607D-01
 20689.80468750000      0.3435999D-01
 20739.80468750000      0.3439461D-01
 20789.80468750000      0.3442857D-01
 20807.31054687500      0.3444181D-01
 20807.41015625000      0.3444639D-01
 20810.14257812500      0.3480818D-01
 20815.60742187500      0.3481142D-01
 20865.60742187500      0.3484651D-01
 20915.60742187500      0.3487284D-01
 20965.60742187500      0.3490103D-01
 21015.60742187500      0.3492659D-01
 21040.08007812500      0.3494046D-01
 21040.11328125000      0.3494443D-01
 21042.82226562500      0.3506570D-01
 21048.24218750000      0.3506812D-01
 21098.24218750000      0.3509101D-01
 21148.24218750000      0.3511034D-01
 21198.24218750000      0.3513151D-01
 21248.24218750000      0.3515083D-01
 21275.82031250000      0.3516272D-01
 21275.93750000000      0.3516674D-01
 21278.69921875000      0.3556867D-01
 21284.22460937500      0.3557053D-01
 21334.22460937500      0.3559354D-01
 21384.22460937500      0.3560720D-01
 21434.22460937500      0.3562291D-01
 21484.22460937500      0.3563711D-01
 21522.56054687500      0.3564814D-01
 21522.66015625000      0.3565178D-01
 21525.42187500000      0.3598677D-01
 21530.94335937500      0.3598800D-01
 21580.94335937500      0.3600501D-01
 21630.94335937500      0.3601477D-01
 21680.94335937500      0.3602690D-01
 21730.94335937500      0.3603769D-01
 21779.58984375000      0.3604730D-01
 21779.64062500000      0.3605017D-01
 21782.36718750000      0.3621899D-01
 21787.82031250000      0.3621994D-01
 21837.82031250000      0.3622948D-01
 21887.82031250000      0.3623553D-01
 21937.82031250000      0.3624389D-01
 21987.82031250000      0.3625076D-01
 22037.82031250000      0.3625691D-01
 22042.08007812500      0.3626019D-01
 22042.17968750000      0.3626400D-01
 22045.00976562500      0.3657880D-01
 22050.66992187500      0.3657946D-01
 22100.66992187500      0.3658820D-01
 22150.66992187500      0.3659130D-01
 22179.16015625000      0.3659564D-01
 22179.25976562500      0.3659879D-01
 22182.08398437500      0.3690332D-01
 22187.73242187500      0.3690381D-01
 22237.73242187500      0.3691177D-01
 22287.73242187500      0.3691478D-01
 22337.73242187500      0.3691987D-01
 22387.73242187500      0.3692379D-01
 22437.73242187500      0.3692763D-01
 22487.73242187500      0.3693088D-01
 22537.73242187500      0.3693339D-01
 22587.73242187500      0.3693552D-01
 22609.51953125000      0.3693732D-01
 22609.63671875000      0.3694016D-01
 22612.49218750000      0.3728190D-01
 22618.20703125000      0.3728202D-01
 22668.20703125000      0.3728680D-01
 22718.20703125000      0.3728701D-01
 22768.20703125000      0.3728904D-01
 22818.20703125000      0.3729017D-01
 22868.20703125000      0.3729055D-01
 22912.89062500000      0.3729098D-01
 22913.03906250000      0.3762727D-01
 22914.80273437500      0.3798215D-01
 22918.32812500000      0.3798555D-01
 22968.32812500000      0.3798889D-01
 23018.32812500000      0.3799057D-01
 23068.32812500000      0.3799341D-01
 23118.32812500000      0.3799569D-01
 23168.32812500000      0.3799734D-01
 23218.32812500000      0.3799887D-01
 23240.42968750000      0.3800017D-01
 23240.51367187500      0.3800239D-01
 23243.41796875000      0.3822435D-01
 23249.22851562500      0.3822459D-01
 23299.22851562500      0.3822699D-01
 23349.22851562500      0.3822716D-01
 23399.22851562500      0.3822893D-01
 23449.22851562500      0.3823030D-01
 23499.22851562500      0.3823088D-01
 23549.22851562500      0.3823116D-01
 23583.11914062500      0.3823147D-01
 23583.25390625000      0.3823319D-01
 23586.17773437500      0.3857403D-01
 23592.02734375000      0.3857404D-01
 23642.02734375000      0.3857606D-01
 23692.02734375000      0.3857535D-01
 23742.02734375000      0.3857598D-01
 23792.02734375000      0.3857592D-01
 23842.02734375000      0.3857566D-01
 23892.02734375000      0.3857511D-01
 23942.02734375000      0.3857411D-01
 23953.24023437500      0.3857474D-01
 23953.33984375000      0.3857653D-01
 23956.29687500000      0.3882159D-01
 23962.21289062500      0.3882151D-01
 24012.21289062500      0.3882146D-01
 24062.21289062500      0.3881988D-01
 24112.21289062500      0.3881957D-01
 24150.10937500000      0.3881927D-01
 24150.17578125000      0.3882043D-01
 24153.11718750000      0.3898290D-01
 24158.99804687500      0.3898278D-01
 24208.99804687500      0.3898230D-01
 24258.99804687500      0.3898085D-01
 24308.99804687500      0.3898034D-01
 24358.99804687500      0.3897953D-01
 24408.99804687500      0.3897856D-01
 24458.99804687500      0.3897738D-01
 24508.99804687500      0.3897612D-01
 24558.99804687500      0.3897452D-01
 24561.33984375000      0.3897522D-01
 24561.49023437500      0.3897681D-01
 24563.24609375000      0.3931687D-01
 24566.75976562500      0.3931683D-01
 24616.75976562500      0.3931694D-01
 24666.75976562500      0.3931567D-01
 24716.75976562500      0.3931510D-01
 24766.75976562500      0.3931416D-01
 24816.75976562500      0.3931322D-01
 24866.75976562500      0.3931206D-01
 24916.75976562500      0.3931054D-01
 24966.75976562500      0.3930901D-01
 25016.75976562500      0.3930729D-01
 25018.26953125000      0.3930802D-01
 25019.76953125000      0.3930834D-01
 25021.80468750000      0.3930920D-01
 25025.87304687500      0.3931685D-01
 25075.87304687500      0.3933311D-01
 25125.87304687500      0.3934839D-01
 25175.87304687500      0.3936777D-01
 25225.87304687500      0.3938499D-01
 25275.87304687500      0.3940181D-01
 25325.87304687500      0.3941803D-01
 25342.92968750000      0.3942660D-01
 25392.92968750000      0.3944480D-01
 25442.92968750000      0.3945561D-01
 25492.92968750000      0.3947069D-01
 25542.92968750000      0.3948426D-01
 25559.36914062500      0.3949150D-01
 25559.38671875000      0.3949877D-01
 25562.21679687500      0.3949929D-01
 25567.87695312500      0.3951761D-01
 25617.87695312500      0.3952753D-01
 25667.87695312500      0.3953708D-01
 25717.87695312500      0.3955220D-01
 25767.87695312500      0.3956569D-01
 25817.87695312500      0.3957910D-01
 25867.87695312500      0.3959199D-01
 25882.14062500000      0.3959908D-01
 25882.15625000000      0.3960725D-01
 25884.94140625000      0.3960779D-01
 25890.51171875000      0.3962676D-01
 25940.51171875000      0.3963481D-01
 25990.51171875000      0.3964314D-01
 26040.51171875000      0.3965822D-01
 26090.51171875000      0.3967199D-01
 26140.51171875000      0.3968599D-01
 26190.51171875000      0.3969976D-01
 26203.05078125000      0.3970708D-01
 26203.25000000000      0.4045262D-01
 26205.56250000000      0.4099035D-01
 26210.18945312500      0.4102867D-01
 26260.18945312500      0.4104564D-01
 26310.18945312500      0.4106372D-01
 26360.18945312500      0.4108383D-01
 26410.18945312500      0.4110301D-01
 26432.93945312500      0.4111366D-01
 26433.27343750000      0.4111389D-01
 26435.72460937500      0.4111551D-01
 26440.62695312500      0.4111864D-01
 26490.62695312500      0.4121083D-01
 26540.62695312500      0.4124196D-01
 26590.62695312500      0.4128291D-01
 26640.62695312500      0.4131884D-01
 26690.62695312500      0.4135459D-01
 26739.66015625000      0.4138873D-01
 26739.69335937500      0.4139556D-01
 26742.25781250000      0.4154977D-01
 26747.38867187500      0.4155277D-01
 26797.38867187500      0.4159144D-01
 26847.38867187500      0.4161872D-01
 26897.38867187500      0.4165338D-01
 26947.38867187500      0.4168538D-01
 26997.38867187500      0.4171703D-01
 27047.38867187500      0.4174743D-01
 27049.81054687500      0.4175514D-01
 27099.81054687500      0.4178939D-01
 27149.81054687500      0.4181327D-01
 27153.18945312500      0.4182191D-01
 27153.42382812500      0.4269806D-01
 27155.81445312500      0.4331202D-01
 27160.59570312500      0.4337281D-01
 27210.59570312500      0.4340559D-01
 27260.59570312500      0.4344334D-01
 27310.59570312500      0.4347878D-01
 27360.59570312500      0.4351336D-01
 27377.50000000000      0.4352823D-01
 27427.50000000000      0.4356373D-01
 27477.50000000000      0.4359092D-01
 27527.50000000000      0.4362341D-01
 27577.50000000000      0.4365298D-01
 27601.81054687500      0.4366978D-01
 27601.84375000000      0.4367636D-01
 27604.76171875000      0.4367799D-01
 27610.59960937500      0.4372022D-01
 27660.59960937500      0.4374726D-01
 27710.59960937500      0.4377419D-01
 27760.59960937500      0.4380672D-01
 27810.59960937500      0.4383669D-01
 27823.43945312500      0.4384852D-01
 27823.62304687500      0.4449609D-01
 27826.86914062500      0.4495414D-01
 27835.12890625000      0.4500106D-01
 27885.12890625000      0.4503259D-01
 27935.12890625000      0.4506512D-01
 27985.12890625000      0.4509942D-01
 28035.12890625000      0.4513222D-01
 28060.68945312500      0.4515092D-01
 28060.77343750000      0.4515679D-01
 28063.64062500000      0.4515863D-01
 28069.37500000000      0.4525871D-01
 28119.37500000000      0.4528943D-01
 28169.37500000000      0.4532437D-01
 28219.37500000000      0.4535921D-01
 28269.37500000000      0.4539321D-01
 28290.57031250000      0.4541007D-01
 28290.58593750000      0.4541725D-01
 28293.48632812500      0.4541889D-01
 28299.28906250000      0.4543964D-01
 28349.28906250000      0.4546809D-01
 28399.28906250000      0.4549589D-01
 28449.28906250000      0.4552970D-01
 28499.28906250000      0.4556108D-01
 28519.03906250000      0.4557657D-01
 28519.07421875000      0.4558395D-01
 28521.89257812500      0.4571013D-01
 28527.52929687500      0.4571308D-01
 28577.52929687500      0.4574744D-01
 28627.52929687500      0.4577214D-01
 28677.52929687500      0.4580402D-01
 28727.52929687500      0.4583343D-01
 28750.34960937500      0.4584984D-01
 28750.44921875000      0.4585704D-01
 28753.31640625000      0.4621305D-01
 28759.05078125000      0.4621588D-01
 28809.05078125000      0.4626521D-01
 28859.05078124999      0.4628890D-01
 28909.05078124999      0.4631878D-01
 28959.05078124999      0.4634599D-01
 28990.68945312499      0.4636511D-01
 28990.80664062499      0.4637102D-01
 28993.69726562499      0.4637261D-01
 28999.47656250000      0.4651546D-01
 29049.47656250000      0.4654298D-01
 29099.47656250000      0.4657956D-01
 29149.47656250000      0.4661031D-01
 29199.47656250000      0.4664130D-01
 29220.57031250000      0.4665752D-01
 29220.58593750000      0.4666501D-01
 29223.34960937499      0.4672874D-01
 29228.87500000000      0.4673159D-01
 29278.87500000000      0.4675908D-01
 29328.87500000000      0.4678321D-01
 29378.87500000000      0.4681448D-01
 29428.87500000000      0.4684377D-01
 29451.89062500000      0.4686019D-01
 29452.95703124999      0.4886875D-01
 29455.09960937499      0.5082644D-01
 29459.38281250000      0.5082960D-01
 29509.38281250000      0.5086569D-01
 29559.38281250000      0.5090343D-01
 29609.38281250000      0.5093892D-01
 29644.66015624999      0.5096405D-01
 29645.09375000000      0.5096451D-01
 29647.33984374999      0.5096646D-01
 29651.83203124999      0.5097055D-01
 29701.83203124999      0.5103418D-01
 29751.83203124999      0.5107700D-01
 29801.83203124999      0.5112213D-01
 29851.83203124999      0.5116515D-01
 29901.83203124999      0.5120741D-01
 29951.83203124999      0.5124867D-01
 30001.83203124999      0.5128868D-01
 30051.83203124999      0.5132752D-01
 30099.71093750000      0.5136402D-01
 30100.24414062499      0.5136451D-01
 30102.45703124999      0.5136678D-01
 30106.88281250000      0.5137212D-01
 30156.88281250000      0.5142402D-01
 30206.88281250000      0.5147443D-01
 30219.88085937499      0.5149357D-01
 30221.16406250000      0.5356273D-01
 30223.28710937499      0.5556169D-01
 30227.53515624999      0.5556544D-01
 30277.53515624999      0.5560888D-01
 30327.53515624999      0.5565306D-01
 30377.53515624999      0.5569556D-01
 30427.53515624999      0.5573700D-01
 30460.21093750000      0.5576431D-01
 30461.69335937499      0.5576660D-01
 30463.84765624999      0.5577136D-01
 30468.15820312499      0.5578737D-01
 30518.15820312499      0.5589393D-01
 30568.15820312499      0.5599905D-01
 30571.68945312499      0.5601265D-01
 30571.72265624999      0.5602010D-01
 30574.64843750000      0.5613085D-01
 30580.49804687499      0.5614296D-01
 30630.49804687499      0.5625509D-01
 30680.49804687499      0.5635071D-01
 30730.49804687499      0.5645077D-01
 30780.49804687499      0.5654446D-01
 30797.36914062499      0.5658006D-01
 30797.40429687499      0.5658698D-01
 30800.27343750000      0.5669675D-01
 30806.01562500000      0.5670685D-01
 30856.01562500000      0.5680549D-01
 30906.01562500000      0.5688938D-01
 30956.01562500000      0.5697826D-01
 31006.01562500000      0.5706144D-01
 31025.83984374999      0.5709789D-01
 31026.12304687499      0.5788946D-01
 31028.62304687499      0.5841620D-01
 31033.62500000000      0.5850625D-01
 31083.62500000000      0.5858430D-01
 31133.62500000000      0.5866988D-01
 31153.46093750000      0.5870286D-01
 31153.67578124999      0.5870331D-01
 31156.30273437499      0.5870871D-01
 31161.55664062499      0.5871799D-01
 31211.55664062499      0.5884472D-01
 31261.55664062499      0.5892865D-01
 31270.58007812499      0.5895408D-01
 31270.77929687499      0.5950822D-01
 31274.02539062499      0.5987076D-01
 31282.92187500000      0.5994833D-01
 31332.92187500000      0.6003081D-01
 31382.92187500000      0.6011825D-01
 31432.92187500000      0.6020092D-01
 31482.92187500000      0.6028245D-01
 31524.08984374999      0.6034876D-01
 31524.42382812499      0.6035182D-01
 31526.77343750000      0.6035690D-01
 31531.47460937499      0.6036621D-01
 31581.47460937499      0.6049664D-01
 31631.47460937499      0.6058770D-01
 31635.57031250000      0.6060875D-01
 31635.58593750000      0.6061517D-01
 31638.58593750000      0.6066943D-01
 31644.58789062499      0.6068021D-01
 31694.58789062499      0.6077238D-01
 31744.58789062499      0.6085731D-01
 31794.58789062499      0.6094954D-01
 31844.58789062499      0.6103630D-01
 31859.88085937499      0.6106724D-01
 31859.89648437499      0.6107510D-01
 31862.75000000000      0.6113113D-01
 31868.45703124999      0.6114027D-01
 31918.45703124999      0.6122428D-01
 31968.45703124999      0.6130052D-01
 31972.71093750000      0.6131582D-01
 31972.72656250000      0.6132380D-01
 31975.76562500000      0.6137674D-01
 31981.84375000000      0.6138596D-01
 32031.84375000000      0.6146468D-01
 32081.84375000000      0.6153603D-01
 32131.84375000000      0.6161554D-01
 32181.84375000000      0.6169004D-01
 32199.77929687499      0.6172101D-01
 32199.81250000000      0.6172917D-01
 32202.71484374999      0.6183632D-01
 32208.51562500000      0.6184419D-01
 32258.51562500000      0.6192611D-01
 32308.51562500000      0.6199108D-01
 32314.72070312499      0.6200857D-01
 32364.72070312499      0.6207970D-01
 32414.72070312499      0.6214149D-01
 32429.66015624999      0.6216930D-01
 32429.67578124999      0.6217661D-01
 32432.56445312499      0.6223037D-01
 32438.34179687499      0.6223744D-01
 32488.34179687499      0.6230263D-01
 32538.34179687499      0.6236156D-01
 32588.34179687499      0.6242878D-01
 32638.34179687499      0.6249136D-01
 32660.98046874999      0.6252363D-01
 32661.06250000000      0.6253142D-01
 32664.02343750000      0.6253515D-01
 32669.94140624999      0.6265750D-01
 32719.94140624999      0.6271932D-01
 32769.94140624999      0.6279735D-01
 32773.14062500000      0.6280486D-01
 32773.19140624999      0.6281550D-01
 32776.22656250000      0.6296755D-01
 32782.29296874999      0.6297483D-01
 32832.29296874999      0.6305899D-01
 32882.29296874999      0.6311667D-01
 32932.29296874999      0.6318531D-01
 32982.29296874999      0.6324655D-01
 33032.29296874999      0.6330919D-01
 33082.29296874999      0.6337029D-01
 33115.82812500000      0.6341317D-01
 33115.86328124999      0.6342110D-01
 33118.68750000000      0.6353030D-01
 33124.33593750000      0.6353638D-01
 33174.33593750000      0.6360668D-01
 33224.33593750000      0.6365917D-01
 33274.33593750000      0.6372115D-01
 33324.33593750000      0.6377725D-01
 33347.14843750000      0.6380728D-01
 33347.16796874999      0.6381542D-01
 33349.99609374999      0.6386980D-01
 33355.65625000000      0.6387562D-01
 33405.65625000000      0.6393118D-01
 33455.65625000000      0.6398030D-01
 33463.53906250000      0.6399778D-01
 33463.57421874999      0.6400617D-01
 33466.56250000000      0.6400923D-01
 33472.53515624999      0.6405954D-01
 33522.53515624999      0.6411031D-01
 33572.53515624999      0.6416346D-01
 33578.48046874999      0.6417853D-01
 33578.59765624999      0.6418853D-01
 33581.65625000000      0.6452187D-01
 33587.77734374999      0.6452817D-01
 33637.77734374999      0.6463470D-01
 33687.77734374999      0.6468434D-01
 33737.77734374999      0.6475019D-01
 33787.77734374999      0.6480185D-01
 33818.82031250000      0.6483833D-01
 33818.90234374999      0.6484553D-01
 33821.88281250000      0.6508678D-01
 33827.84375000000      0.6509262D-01
 33877.84375000000      0.6517770D-01
 33927.84375000000      0.6522481D-01
 33977.84375000000      0.6528310D-01
 34027.84375000000      0.6533313D-01
 34067.21093750000      0.6537564D-01
 34067.41015624999      0.6589454D-01
 34070.65625000000      0.6622463D-01
 34079.95703124999      0.6630055D-01
 34129.95703124999      0.6635199D-01
 34179.95703124999      0.6641079D-01
 34202.28906250000      0.6643701D-01
 34202.52343750000      0.6698881D-01
 34205.03906250000      0.6736004D-01
 34210.07031250000      0.6742088D-01
 34260.07031250000      0.6747514D-01
 34310.07031250000      0.6753327D-01
 34352.75000000000      0.6758142D-01
 34352.93359374999      0.6799238D-01
 34356.17968750000      0.6828108D-01
 34364.65234374999      0.6832351D-01
 34414.65234374999      0.6837775D-01
 34464.65234374999      0.6843339D-01
 34514.65234374999      0.6848892D-01
 34517.96875000000      0.6849534D-01
 34518.17187500000      0.6849565D-01
 34521.41406250000      0.6849951D-01
 34530.32812500000      0.6851006D-01
 34580.32812500000      0.6858628D-01
 34630.32812500000      0.6864335D-01
 34667.21093750000      0.6869040D-01
 34667.24218750000      0.6869370D-01
 34670.44140624999      0.6869735D-01
 34676.83984374999      0.6873201D-01
 34726.83984374999      0.6878834D-01
 34776.83984374999      0.6884506D-01
 34814.08984374999      0.6889018D-01
 34814.10546874999      0.6889407D-01
 34817.35156250000      0.6889767D-01
 34824.04296874999      0.6891772D-01
 34874.04296874999      0.6897204D-01
 34924.04296874999      0.6902608D-01
 34959.80078124999      0.6906930D-01
 35009.80078124999      0.6912561D-01
 35059.80078124999      0.6917862D-01
 35109.80078124999      0.6923335D-01
 35159.80078124999      0.6928644D-01
 35209.80078124999      0.6933913D-01
 35251.23046874999      0.6938270D-01
 35251.37890624999      0.6938668D-01
 35253.16406250000      0.6973231D-01
 35256.73046874999      0.6973583D-01
 35306.73046874999      0.6981869D-01
 35356.73046874999      0.6986538D-01
 35406.73046874999      0.6991888D-01
 35408.05078124999      0.6992263D-01
 35408.10156250000      0.6992723D-01
 35411.25781250000      0.7004040D-01
 35417.57421874999      0.7004629D-01
 35467.57421874999      0.7010241D-01
 35517.57421874999      0.7014777D-01
 35567.57421874999      0.7019700D-01
 35568.96875000000      0.7020123D-01
 35569.20312500000      0.7020146D-01
 35571.84375000000      0.7020454D-01
 35577.12500000000      0.7021015D-01
 35627.12500000000      0.7029005D-01
 35677.12500000000      0.7034075D-01
 35712.42968750000      0.7038439D-01
 35712.44531250000      0.7038792D-01
 35715.24218750000      0.7043315D-01
 35720.83593750000      0.7043874D-01
 35770.83593750000      0.7049204D-01
 35820.83593750000      0.7054046D-01
 35870.83593750000      0.7059433D-01
 35920.83593750000      0.7064493D-01
 35970.83593750000      0.7069625D-01
 36001.57812500000      0.7072898D-01
 36051.57812500000      0.7077996D-01
 36101.57812500000      0.7082735D-01
 36146.14843750000      0.7087259D-01
 36146.39843750000      0.7140748D-01
 36148.93750000000      0.7177096D-01
 36154.01171874999      0.7182774D-01
 36204.01171874999      0.7187765D-01
 36254.01171874999      0.7193062D-01
 36304.01171874999      0.7198148D-01
 36354.01171874999      0.7203215D-01
 36404.01171874999      0.7208193D-01
 36454.01171874999      0.7213126D-01
 36473.69140624999      0.7215259D-01
 36473.75781250000      0.7215637D-01
 36476.90625000000      0.7215940D-01
 36483.20312500000      0.7221756D-01
 36533.20312500000      0.7226574D-01
 36583.20312500000      0.7231732D-01
 36631.85937500000      0.7236699D-01
 36632.01171874999      0.7237051D-01
 36633.83203124999      0.7237240D-01
 36637.48046874999      0.7250768D-01
 36687.48046874999      0.7256064D-01
 36737.48046874999      0.7262833D-01
 36787.48046874999      0.7268075D-01
 36837.48046874999      0.7273653D-01
 36887.48046874999      0.7279029D-01
 36925.58984374999      0.7283236D-01
 36925.70703124999      0.7283679D-01
 36928.84765624999      0.7309634D-01
 36935.13671874999      0.7310250D-01
 36985.13671874999      0.7318235D-01
 37035.13671874999      0.7323114D-01
 37081.10937500000      0.7328290D-01
 37081.14453124999      0.7328556D-01
 37084.39062500000      0.7328887D-01
 37091.12500000000      0.7332107D-01
 37141.12500000000      0.7337068D-01
 37191.12500000000      0.7342098D-01
 37234.03906250000      0.7346685D-01
 37234.07421874999      0.7347080D-01
 37237.06250000000      0.7355037D-01
 37243.03515624999      0.7355630D-01
 37293.03515624999      0.7361309D-01
 37343.03515624999      0.7366022D-01
 37389.55078124999      0.7370882D-01
 37389.71484374999      0.7370900D-01
 37392.96093750000      0.7371319D-01
 37402.97656250000      0.7372364D-01
 37452.97656250000      0.7379693D-01
 37502.97656250000      0.7384764D-01
 37552.97656250000      0.7390577D-01
 37602.97656250000      0.7395874D-01
 37652.97656250000      0.7401343D-01
 37676.46093750000      0.7404110D-01
 37676.55859374999      0.7404648D-01
 37679.75000000000      0.7426933D-01
 37686.13671874999      0.7427572D-01
 37736.13671874999      0.7435533D-01
 37786.13671874999      0.7440434D-01
 37826.92187500000      0.7445181D-01
 37827.00390624999      0.7445528D-01
 37830.25000000000      0.7445854D-01
 37836.73828124999      0.7453957D-01
 37886.73828124999      0.7459147D-01
 37936.73828124999      0.7465205D-01
 37971.48828124999      0.7469033D-01
 37971.52343750000      0.7469556D-01
 37974.76953124999      0.7469905D-01
 37981.50781250000      0.7473515D-01
 38031.50781250000      0.7478656D-01
 38081.50781250000      0.7483984D-01
 38113.85156250000      0.7487819D-01
 38113.88281250000      0.7488321D-01
 38116.98437500000      0.7496288D-01
 38123.18359374999      0.7496917D-01
 38173.18359374999      0.7503049D-01
 38223.18359374999      0.7508104D-01
 38258.42187500000      0.7512321D-01
 38258.53515624999      0.7512756D-01
 38261.78125000000      0.7513119D-01
 38268.28125000000      0.7525302D-01
 38318.28125000000      0.7530864D-01
 38368.28125000000      0.7538192D-01
 38395.50000000000      0.7541250D-01
 38445.50000000000      0.7547397D-01
 38495.50000000000      0.7552848D-01
 38532.57812500000      0.7557455D-01
 38582.57812500000      0.7563235D-01
 38632.57812500000      0.7568731D-01
 38669.66015624999      0.7573134D-01
 38669.67578124999      0.7573609D-01
 38672.92187500000      0.7573952D-01
 38680.35937500000      0.7576066D-01
 38730.35937500000      0.7581296D-01
 38780.35937500000      0.7586671D-01
 38805.73046874999      0.7590057D-01
 38805.74609374999      0.7590628D-01
 38808.77343750000      0.7595024D-01
 38814.82421874999      0.7595653D-01
 38864.82421874999      0.7601433D-01
 38914.82421874999      0.7606628D-01
 38942.80859374999      0.7610282D-01
 38992.80859374999      0.7615983D-01
 39042.80859374999      0.7621177D-01
 39079.89062500000      0.7625529D-01
 39129.89062500000      0.7631068D-01
 39179.89062500000      0.7636355D-01
 39229.89062500000      0.7641946D-01
 39279.89062500000      0.7647411D-01
 39329.89062500000      0.7652992D-01
 39354.05078124999      0.7655969D-01
 39354.16796874999      0.7656600D-01
 39357.41406250000      0.7681873D-01
 39364.00000000000      0.7682551D-01
 39414.00000000000      0.7691921D-01
 39464.00000000000      0.7697107D-01
 39498.62890624999      0.7701766D-01
 39498.67968750000      0.7702114D-01
 39501.92578124999      0.7702462D-01
 39508.78906250000      0.7707701D-01
 39558.78906250000      0.7713080D-01
 39608.78906250000      0.7718936D-01
 39658.78906250000      0.7724809D-01
 39708.78906250000      0.7730597D-01
 39758.78906250000      0.7736375D-01
 39781.14843750000      0.7739256D-01
 39781.18359374999      0.7739840D-01
 39784.42968750000      0.7740195D-01
 39791.21484374999      0.7744066D-01
 39841.21484374999      0.7749493D-01
 39891.21484374999      0.7755198D-01
 39920.30078124999      0.7758955D-01
 39920.35156250000      0.7759538D-01
 39923.59375000000      0.7759895D-01
 39930.43750000000      0.7765396D-01
 39980.43750000000      0.7771054D-01
 40030.43750000000      0.7777227D-01
 40056.37109374999      0.7780662D-01
 40056.43750000000      0.7781195D-01
 40059.68359374999      0.7795708D-01
 40066.31640624999      0.7796465D-01
 40116.31640624999      0.7804666D-01
 40166.31640624999      0.7810311D-01
 40196.57031250000      0.7814727D-01
 40196.58593750000      0.7815168D-01
 40199.58593750000      0.7819476D-01
 40205.58593750000      0.7820155D-01
 40255.58593750000      0.7826264D-01
 40305.58593750000      0.7831807D-01
 40337.82812500000      0.7836101D-01
 40337.91406250000      0.7836507D-01
 40341.16015624999      0.7836880D-01
 40347.95312500000      0.7843715D-01
 40397.95312500000      0.7849593D-01
 40447.95312500000      0.7856390D-01
 40473.89843750000      0.7859652D-01
 40473.96484374999      0.7862918D-01
 40477.21093750000      0.7877434D-01
 40483.86328124999      0.7878222D-01
 40533.86328124999      0.7886015D-01
 40583.86328124999      0.7891922D-01
 40614.10156250000      0.7896192D-01
 40614.16796874999      0.7896487D-01
 40617.41406250000      0.7896887D-01
 40624.28906250000      0.7902141D-01
 40674.28906250000      0.7908343D-01
 40724.28906250000      0.7915220D-01
 40774.28906250000      0.7921710D-01
 40824.28906250000      0.7928193D-01
 40874.28906250000      0.7934595D-01
 40886.23828124999      0.7936336D-01
 40936.23828124999      0.7942759D-01
 40986.23828124999      0.7948858D-01
 41022.30859374999      0.7953623D-01
 41022.32812500000      0.7953875D-01
 41025.57031250000      0.7954277D-01
 41032.57421874999      0.7955784D-01
 41082.57421874999      0.7961968D-01
 41132.57421874999      0.7968159D-01
 41157.39062500000      0.7971577D-01
 41157.42187500000      0.7971881D-01
 41160.66796874999      0.7979377D-01
 41167.32812500000      0.7980200D-01
 41217.32812500000      0.7987016D-01
 41267.32812500000      0.7993171D-01
 41294.46875000000      0.7996935D-01
 41294.76953124999      0.8036195D-01
 41297.66796874999      0.8079273D-01
 41303.46875000000      0.8085093D-01
 41353.46875000000      0.8092052D-01
 41403.46875000000      0.8099078D-01
 41452.62890624999      0.8105709D-01
 41453.14843750000      0.8106123D-01
 41455.14843750000      0.8111779D-01
 41459.15625000000      0.8115868D-01
 41509.15625000000      0.8126199D-01
 41559.15625000000      0.8134980D-01
 41577.67187500000      0.8138995D-01
 41577.68750000000      0.8139239D-01
 41580.75390624999      0.8143384D-01
 41586.88281250000      0.8144447D-01
 41636.88281250000      0.8153366D-01
 41686.88281250000      0.8161955D-01
 41736.88281250000      0.8170998D-01
 41786.88281250000      0.8179745D-01
 41829.44921874999      0.8187269D-01
 41829.48437500000      0.8187570D-01
 41832.65234374999      0.8195531D-01
 41838.99609374999      0.8196597D-01
 41888.99609374999      0.8205736D-01
 41938.99609374999      0.8213954D-01
 41957.07031250000      0.8217449D-01
 41957.13671874999      0.8225100D-01
 41960.38281250000      0.8239794D-01
 41967.14843750000      0.8240933D-01
 42017.14843750000      0.8250791D-01
 42067.14843750000      0.8258986D-01
 42088.32031250000      0.8263072D-01
 42088.48828124999      0.8263192D-01
 42090.46484374999      0.8263559D-01
 42094.42578124999      0.8267415D-01
 42144.42578124999      0.8276463D-01
 42194.42578124999      0.8285942D-01
 42244.42578124999      0.8294943D-01
 42294.42578124999      0.8304060D-01
 42333.42968750000      0.8311100D-01
 42333.44531250000      0.8311175D-01
 42336.50000000000      0.8315332D-01
 42342.60546874999      0.8316424D-01
 42392.60546874999      0.8325370D-01
 42442.60546874999      0.8334143D-01
 42492.60546874999      0.8343024D-01
 42542.60546874999      0.8351777D-01
 42580.17187500000      0.8358349D-01
 42580.30468750000      0.8378949D-01
 42583.55078124999      0.8407804D-01
 42590.24218750000      0.8409005D-01
 42640.24218750000      0.8418722D-01
 42690.24218750000      0.8427633D-01
 42710.48828124999      0.8431568D-01
 42760.48828124999      0.8440452D-01
 42810.48828124999      0.8449202D-01
 42860.48828124999      0.8457913D-01
 42910.48828124999      0.8466520D-01
 42960.48828124999      0.8475104D-01
 42971.12890624999      0.8476959D-01
 43021.12890624999      0.8485478D-01
 43071.12890624999      0.8493842D-01
 43101.44921874999      0.8498977D-01
 43101.46484374999      0.8499037D-01
 43104.71093750000      0.8499581D-01
 43111.51562500000      0.8500873D-01
 43161.51562500000      0.8509233D-01
 43211.51562500000      0.8517613D-01
 43261.51562500000      0.8526017D-01
 43311.51562500000      0.8534376D-01
 43360.26953124999      0.8542462D-01
 43360.37109374999      0.8561317D-01
 43363.61718750000      0.8582400D-01
 43370.33984374999      0.8583543D-01
 43420.33984374999      0.8592469D-01
 43470.33984374999      0.8600901D-01
 43520.33984374999      0.8609487D-01
 43570.33984374999      0.8617885D-01
 43620.33984374999      0.8626238D-01
 43630.42968750000      0.8627960D-01
 43630.87890624999      0.8628061D-01
 43634.01953124999      0.8628786D-01
 43640.29296874999      0.8630283D-01
 43690.29296874999      0.8641716D-01
 43740.29296874999      0.8653129D-01
 43743.26953124999      0.8653811D-01
 43743.35156250000      0.8674238D-01
 43746.54687500000      0.8695156D-01
 43752.93359374999      0.8696657D-01
 43802.93359374999      0.8708226D-01
 43852.93359374999      0.8719660D-01
 43859.66015624999      0.8721203D-01
 43909.66015624999      0.8732528D-01
 43959.66015624999      0.8743760D-01
 43976.03906250000      0.8747440D-01
 43976.55859374999      0.8847345D-01
 43979.70312500000      0.8943307D-01
 43985.99218750000      0.8945573D-01
 44035.99218750000      0.8957563D-01
 44085.99218750000      0.8969532D-01
 44120.62109374999      0.8977642D-01
 44170.62109374999      0.8989229D-01
 44220.62109374999      0.9000622D-01
 44265.19921874999      0.9010717D-01
 44265.33203124999      0.9010785D-01
 44268.57812500000      0.9011576D-01
 44275.44921874999      0.9014318D-01
 44325.44921874999      0.9026317D-01
 44375.44921874999      0.9038362D-01
 44401.26953124999      0.9044486D-01
 44401.40234374999      0.9044530D-01
 44404.64843750000      0.9045365D-01
 44411.39062500000      0.9047092D-01
 44461.39062500000      0.9059680D-01
 44511.39062500000      0.9072090D-01
 44561.39062500000      0.9084361D-01
 44611.39062500000      0.9096445D-01
 44661.39062500000      0.9108371D-01
 44711.39062500000      0.9120172D-01
 44761.39062500000      0.9131888D-01
 44786.80078124999      0.9137818D-01
 44787.05078124999      0.9181065D-01
 44790.29687500000      0.9228557D-01
 44796.99609374999      0.9230178D-01
 44846.99609374999      0.9242162D-01
 44896.99609374999      0.9253893D-01
 44930.26171874999      0.9261744D-01
 44930.44921874999      0.9313829D-01
 44930.64062500000      0.9376972D-01
 44930.83203124999      0.9436953D-01
 44931.01953124999      0.9486999D-01
 44931.21093750000      0.9533497D-01
 44931.40234374999      0.9574735D-01
 44931.59375000000      0.9611304D-01
 44931.78125000000      0.9643897D-01
 44931.97265624999      0.9673158D-01
 44932.16406250000      0.9699513D-01
 44932.35546874999      0.9723409D-01
 44932.41015624999      0.9747004D-01
 44932.43750000000      0.9754148D-01
 44932.46875000000      0.9754148D-01
 44932.50000000000      0.9754148D-01
 44932.52734374999      0.9754148D-01
 44932.55859374999      0.9754148D-01
 44932.58593750000      0.9754154D-01
 44932.61718750000      0.9754154D-01
 44932.64453124999      0.9754154D-01
 44932.67578124999      0.9754155D-01
 44932.70312500000      0.9754161D-01
 44932.72656250000      0.9754162D-01
 44932.78515624999      0.9754169D-01
 44933.32421874999      0.9754578D-01
 44933.76171874999      0.9754610D-01
 44934.22656250000      0.9754673D-01
 44934.44140624999      0.9754705D-01
 44934.47656250000      0.9754757D-01
 44934.49218750000      0.9754780D-01
 44934.52734374999      0.9754792D-01
 44934.68750000000      0.9754869D-01
 44935.07812500000      0.9755118D-01
 44935.24218750000      0.9755272D-01
 44935.39453124999      0.9755958D-01
 44935.42578124999      0.9755981D-01
 44935.67578124999      0.9756616D-01
 44935.92578124999      0.9757773D-01
 44935.96093750000      0.9758086D-01
 44936.16015624999      0.9762796D-01
 44936.17578124999      0.9763234D-01
 44936.42578124999      0.9781716D-01
 44936.54296874999      0.9793768D-01
 44937.60156250000      0.9846722D-01
 44939.72265624999      0.9904383D-01
 44942.52734374999      0.9954052D-01
 44942.55859374999      0.9954677D-01
 44942.67578124999      0.9956962D-01
 44942.71093750000      0.9962775D-01
 44942.80859374999      0.1012660D+00
 44942.84375000000      0.1022866D+00
 44942.87500000000      0.1031636D+00
 44942.96875000000      0.1049870D+00
 44943.16406250000      0.1065423D+00
 44943.55859374999      0.1077468D+00
 44946.92578124999      0.1107431D+00
 44946.94140624999      0.1111975D+00
 44946.96093750000      0.1143518D+00
 44946.97656250000      0.1161055D+00
 44946.99609374999      0.1171552D+00
 44947.01171874999      0.1176228D+00
 44947.03906250000      0.1179151D+00
 44947.09765624999      0.1182893D+00
 44947.12890624999      0.1185615D+00
 44947.14062500000      0.1187870D+00
 44947.14843750000      0.1190349D+00
 44947.16015624999      0.1192503D+00
 44947.16796874999      0.1194512D+00
 44947.17968750000      0.1196364D+00
 44947.18750000000      0.1198077D+00
 44947.19921874999      0.1199666D+00
 44947.20703124999      0.1201139D+00
 44947.21875000000      0.1202505D+00
 44947.22656250000      0.1203762D+00
 44947.23437500000      0.1204946D+00
