 0.000000000000000      0.0000000D+00
0.1000000014901161      0.0000000D+00
0.3000000119209288      0.0000000D+00
0.5099704265594481      0.0000000D+00
0.6795469522476195      0.0000000D+00
0.8156814575195311      0.0000000D+00
0.9325639605522154      0.0000000D+00
 1.000000000000000      0.0000000D+00
 1.101785778999328      0.0000000D+00
 1.305357217788696      0.0000000D+00
 6.126620769500730      0.0000000D+00
 14.79372310638427      0.9323061D-01
 18.93236541748047      0.1413446D+00
 26.39410781860351      0.5561262D+00
 35.91277313232421      0.7790061D+00
 47.36760711669921      0.8746811D+00
 62.98925018310545      0.9530165D+00
 85.87889862060545      0.1024868D+01
 121.6997604370117      0.1094740D+01
 171.6997528076172      0.1156490D+01
 221.6997528076172      0.1195935D+01
 271.6997375488281      0.1227543D+01
 321.6997375488280      0.1251477D+01
 371.6997375488280      0.1269550D+01
 421.6997375488280      0.1288282D+01
 471.6997375488280      0.1304212D+01
 521.6997680664062      0.1317629D+01
 571.6997680664062      0.1329094D+01
 621.6997680664061      0.1339086D+01
 671.6997680664061      0.1350762D+01
 721.6997680664061      0.1362354D+01
 771.6997680664061      0.1372940D+01
 821.6997680664061      0.1382753D+01
 871.6997680664061      0.1391900D+01
 921.6997680664061      0.1400514D+01
 971.6997680664061      0.1408650D+01
 1021.699768066406      0.1417951D+01
 1071.699707031250      0.1429200D+01
 1121.699707031250      0.1439821D+01
 1171.699707031250      0.1449782D+01
 1221.699707031250      0.1459093D+01
 1271.699707031250      0.1467766D+01
 1321.699707031250      0.1475842D+01
 1371.699707031250      0.1483373D+01
 1421.699707031250      0.1493311D+01
 1471.699707031250      0.1503832D+01
 1521.699707031250      0.1513513D+01
 1571.699707031250      0.1522428D+01
 1621.699707031250      0.1530626D+01
 1671.699707031250      0.1538159D+01
 1721.699707031250      0.1545076D+01
 1771.699707031250      0.1551426D+01
 1821.699707031250      0.1557260D+01
 1838.920043945312      0.1559703D+01
 1839.191528320312      0.1559937D+01
 1839.276611328125      0.1559937D+01
 1839.380981445312      0.1559937D+01
 1839.493408203125      0.1559937D+01
 1839.624145507812      0.1559937D+01
 1839.776367187500      0.1559937D+01
 1839.920043945312      0.1559937D+01
 1840.124267578125      0.1559937D+01
 1840.532714843750      0.1559937D+01
 1890.532714843750      0.1559937D+01
 1940.532714843750      0.1559937D+01
 1990.532714843750      0.1559937D+01
 2040.532714843750      0.1559937D+01
 2067.919921875000      0.1559937D+01
 2068.193603515625      0.1559937D+01
 2068.395507812500      0.1559937D+01
 2068.555664062500      0.1559937D+01
 2068.685546875000      0.1559937D+01
 2068.800537109375      0.1559937D+01
 2068.909179687500      0.1559937D+01
 2068.919921875000      0.1559937D+01
 2069.145019531250      0.1559937D+01
 2069.879638671875      0.1559937D+01
 2100.335449218750      0.1563050D+01
 2150.335449218750      0.1574233D+01
 2200.335449218750      0.1583344D+01
 2250.335449218750      0.1591487D+01
 2300.335449218750      0.1598912D+01
 2327.879882812500      0.1602754D+01
 2328.154541015625      0.1602937D+01
 2328.244628906250      0.1602937D+01
 2328.348144531250      0.1602937D+01
 2328.466064453125      0.1602937D+01
 2328.602294921875      0.1602937D+01
 2328.760498046875      0.1602937D+01
 2328.879882812500      0.1602937D+01
 2329.088867187500      0.1602937D+01
 2329.506347656250      0.1602937D+01
 2379.506347656250      0.1602937D+01
 2429.506347656250      0.1602937D+01
 2465.919921875000      0.1602937D+01
 2466.266845703125      0.1602937D+01
 2466.520019531250      0.1602937D+01
 2466.719238281250      0.1602937D+01
 2466.881591796875      0.1602937D+01
 2466.919921875000      0.1602937D+01
 2467.052246093750      0.1602937D+01
 2467.316650390625      0.1602937D+01
 2494.750732421875      0.1602937D+01
 2544.750732421875      0.1602937D+01
 2594.750732421875      0.1602937D+01
 2644.750732421875      0.1602937D+01
 2694.750732421875      0.1602937D+01
 2744.750732421875      0.1602937D+01
 2794.750732421875      0.1602937D+01
 2844.750732421875      0.1602937D+01
 2894.750732421874      0.1602937D+01
 2944.750732421874      0.1602937D+01
 2994.750732421874      0.1602937D+01
 3044.750732421874      0.1602937D+01
 3094.750732421874      0.1602937D+01
 3144.750732421874      0.1602937D+01
 3194.750732421874      0.1602937D+01
 3244.750732421874      0.1602937D+01
 3294.750732421874      0.1602937D+01
 3344.750732421874      0.1602937D+01
 3394.750732421874      0.1602937D+01
 3444.750732421874      0.1602937D+01
 3494.750732421874      0.1602937D+01
 3544.750732421874      0.1602937D+01
 3594.750732421874      0.1602937D+01
 3644.750732421874      0.1602937D+01
 3694.750732421874      0.1602937D+01
 3744.750732421874      0.1602937D+01
 3794.750732421874      0.1602937D+01
 3844.750732421874      0.1602937D+01
 3894.750732421874      0.1602937D+01
 3944.750732421874      0.1602937D+01
 3994.750732421874      0.1602937D+01
 4044.750732421874      0.1602937D+01
 4094.750732421874      0.1602937D+01
 4144.750488281249      0.1602937D+01
 4194.750488281249      0.1602937D+01
 4244.750488281249      0.1602937D+01
 4294.750488281249      0.1602937D+01
 4317.799804687499      0.1602937D+01
 4318.151855468749      0.1602937D+01
 4318.291503906249      0.1602937D+01
 4318.466796874999      0.1602937D+01
 4318.670898437499      0.1602937D+01
 4318.799804687499      0.1602937D+01
 4319.066894531249      0.1602937D+01
 4319.601562500000      0.1602937D+01
 4369.601562500000      0.1602937D+01
 4419.601562500000      0.1602937D+01
 4469.601562500000      0.1602937D+01
 4519.601562500000      0.1602937D+01
 4569.601562500000      0.1602937D+01
 4619.601562500000      0.1602937D+01
 4669.601562500000      0.1602937D+01
 4699.919921874999      0.1602937D+01
 4700.178222656249      0.1602937D+01
 4700.365234374999      0.1602937D+01
 4700.513183593749      0.1602937D+01
 4700.633300781249      0.1602937D+01
 4700.739746093749      0.1602937D+01
 4700.837890624999      0.1602937D+01
 4700.919921874999      0.1603050D+01
 4701.011230468749      0.1607535D+01
 4701.194335937499      0.1607664D+01
 4719.297363281249      0.1621970D+01
 4756.259277343749      0.1652882D+01
 4806.259277343749      0.1682314D+01
 4856.259277343749      0.1703473D+01
 4906.259277343749      0.1726607D+01
 4956.259277343749      0.1743247D+01
 5006.259277343749      0.1755781D+01
 5056.259277343749      0.1765570D+01
 5106.259277343749      0.1778311D+01
 5156.259277343749      0.1790319D+01
 5206.259277343749      0.1800281D+01
 5256.259277343749      0.1808677D+01
 5306.259277343749      0.1815852D+01
 5356.259277343749      0.1822054D+01
 5406.259277343749      0.1827471D+01
 5456.259277343749      0.1832246D+01
 5506.259277343749      0.1836487D+01
 5556.259277343749      0.1841179D+01
 5606.259277343749      0.1847870D+01
 5656.259277343749      0.1853899D+01
 5706.259277343749      0.1859360D+01
 5756.259277343749      0.1864329D+01
 5806.259277343749      0.1868870D+01
 5856.259277343749      0.1873038D+01
 5906.259277343749      0.1876878D+01
 5956.259277343749      0.1880424D+01
 6006.259277343749      0.1883711D+01
 6023.799804687499      0.1884938D+01
 6024.061523437498      0.1885042D+01
 6024.144531249999      0.1885042D+01
 6024.231445312499      0.1885042D+01
 6024.332031249999      0.1885042D+01
 6024.446777343749      0.1885042D+01
 6024.579589843749      0.1885042D+01
 6024.734375000000      0.1885042D+01
 6024.799804687499      0.1885042D+01
 6024.999511718749      0.1885042D+01
 6025.399902343749      0.1885042D+01
 6075.399902343749      0.1885042D+01
 6125.399902343749      0.1885042D+01
 6175.399902343749      0.1885042D+01
 6225.399902343749      0.1885042D+01
 6249.919921874999      0.1885042D+01
 6250.194824218749      0.1885042D+01
 6250.391113281249      0.1885042D+01
 6250.545410156249      0.1885042D+01
 6250.672363281249      0.1885042D+01
 6250.783203124999      0.1885042D+01
 6250.884765624999      0.1885042D+01
 6250.919921874999      0.1885042D+01
 6251.015625000000      0.1885042D+01
 6251.208496093748      0.1885042D+01
 6271.868652343749      0.1885042D+01
 6313.190429687499      0.1885042D+01
 6363.190429687499      0.1885042D+01
 6404.520019531248      0.1885042D+01
 6404.795410156249      0.1885042D+01
 6404.889648437498      0.1885042D+01
 6404.997070312499      0.1885042D+01
 6405.118164062499      0.1885042D+01
 6405.257324218749      0.1885042D+01
 6405.418457031248      0.1885042D+01
 6405.520019531248      0.1885042D+01
 6405.729980468748      0.1885042D+01
 6406.149902343749      0.1885042D+01
 6456.149902343749      0.1885042D+01
 6491.919921874999      0.1885042D+01
 6492.195800781249      0.1885042D+01
 6492.392578124999      0.1885042D+01
 6492.548828124999      0.1885042D+01
 6492.676757812499      0.1885042D+01
 6492.788085937498      0.1885042D+01
 6492.889160156249      0.1885042D+01
 6492.919921874999      0.1885042D+01
 6493.014648437498      0.1885042D+01
 6493.203125000000      0.1885042D+01
 6512.862304687499      0.1885042D+01
 6553.766113281249      0.1885042D+01
 6603.766113281249      0.1885042D+01
 6653.766113281249      0.1885042D+01
 6703.766113281249      0.1885042D+01
 6753.766113281249      0.1885042D+01
 6803.766113281249      0.1885042D+01
 6853.766113281249      0.1885042D+01
 6876.680175781249      0.1885171D+01
 6876.957031249999      0.1885211D+01
 6877.054687500000      0.1885211D+01
 6877.166503906248      0.1885211D+01
 6877.292480468748      0.1885211D+01
 6877.436523437498      0.1885211D+01
 6877.603515624999      0.1885211D+01
 6877.680175781249      0.1885211D+01
 6877.895507812499      0.1885211D+01
 6878.326171874999      0.1885211D+01
 6928.326171874999      0.1885211D+01
 6961.919921874999      0.1885211D+01
 6962.209960937498      0.1885211D+01
 6962.417968749999      0.1885211D+01
 6962.583496093748      0.1885211D+01
 6962.718261718749      0.1885211D+01
 6962.835937500000      0.1885211D+01
 6962.919921874999      0.1885211D+01
 6963.020996093748      0.1885211D+01
 6963.223632812499      0.1885211D+01
 6984.541503906248      0.1885211D+01
 7034.541503906248      0.1885211D+01
 7084.541503906248      0.1885211D+01
 7134.541503906248      0.1885211D+01
 7184.541503906248      0.1885211D+01
 7234.541503906248      0.1885211D+01
 7284.541503906248      0.1885211D+01
 7334.541503906248      0.1885211D+01
 7384.541503906248      0.1885211D+01
 7434.541503906248      0.1885211D+01
 7484.541503906248      0.1885211D+01
 7534.541503906248      0.1885211D+01
 7584.541503906248      0.1885211D+01
 7634.541503906248      0.1885211D+01
 7684.541503906248      0.1885211D+01
 7734.541503906248      0.1885211D+01
 7784.541503906248      0.1885211D+01
 7834.541503906248      0.1885211D+01
 7884.541503906248      0.1885211D+01
 7934.541503906248      0.1885246D+01
 7984.541503906248      0.1885379D+01
 8034.541503906248      0.1885508D+01
 8084.541503906248      0.1885634D+01
 8121.160156249999      0.1885738D+01
 8121.460937500000      0.1885774D+01
 8121.573242187498      0.1885774D+01
 8121.707519531248      0.1885774D+01
 8121.859863281249      0.1885774D+01
 8122.035644531248      0.1885774D+01
 8122.160156249999      0.1885774D+01
 8122.389648437498      0.1885774D+01
 8122.849609374999      0.1885774D+01
 8172.849609374999      0.1885774D+01
 8222.849609374999      0.1885774D+01
 8272.849609374999      0.1885774D+01
 8322.849609374999      0.1885774D+01
 8372.849609374999      0.1885774D+01
 8422.849609374999      0.1885774D+01
 8472.849609374999      0.1885774D+01
 8522.849609374999      0.1885774D+01
 8572.849609374999      0.1885774D+01
 8622.849609374999      0.1885774D+01
 8655.919921874999      0.1885774D+01
 8656.202148437498      0.1885774D+01
 8656.404296874999      0.1885774D+01
 8656.566406249999      0.1885774D+01
 8656.698242187498      0.1885774D+01
 8656.813476562498      0.1885774D+01
 8656.917968749999      0.1885774D+01
 8656.919921874999      0.1888713D+01
 8657.088867187498      0.1888790D+01
 8657.426757812499      0.1888790D+01
 8691.487304687498      0.1889061D+01
 8741.487304687498      0.1889488D+01
 8791.487304687498      0.1889934D+01
 8841.487304687498      0.1890382D+01
 8891.487304687498      0.1890832D+01
 8941.487304687498      0.1891282D+01
 8991.487304687498      0.1891730D+01
 9041.487304687498      0.1892177D+01
 9091.487304687498      0.1892619D+01
 9141.487304687498      0.1893058D+01
 9191.487304687498      0.1893493D+01
 9241.487304687498      0.1893924D+01
 9291.487304687498      0.1894350D+01
 9341.487304687498      0.1894772D+01
 9391.487304687498      0.1895189D+01
 9441.487304687498      0.1895601D+01
 9491.487304687498      0.1896009D+01
 9541.487304687498      0.1896412D+01
 9591.487304687498      0.1896810D+01
 9641.487304687498      0.1897204D+01
 9691.487304687498      0.1897594D+01
 9741.487304687498      0.1897978D+01
 9791.487304687498      0.1898359D+01
 9841.487304687498      0.1898735D+01
 9891.487304687498      0.1899107D+01
 9941.487304687498      0.1899476D+01
 9991.487304687498      0.1899840D+01
 10041.48730468750      0.1900200D+01
 10091.48730468750      0.1900556D+01
 10141.48730468750      0.1900909D+01
 10191.48730468750      0.1901258D+01
 10241.48730468750      0.1901604D+01
 10291.48730468750      0.1901945D+01
 10341.48730468750      0.1902284D+01
 10391.48730468750      0.1902620D+01
 10441.48730468750      0.1902951D+01
 10491.48730468750      0.1903280D+01
 10541.48730468750      0.1903605D+01
 10591.48730468750      0.1903927D+01
 10641.48730468750      0.1904246D+01
 10691.48730468750      0.1904562D+01
 10741.48730468750      0.1904876D+01
 10791.48730468750      0.1905186D+01
 10841.48730468750      0.1905494D+01
 10872.12011718750      0.1905721D+01
 10872.40820312500      0.1905785D+01
 10872.51464843750      0.1905785D+01
 10872.63964843750      0.1905785D+01
 10872.78027343750      0.1905785D+01
 10872.94238281250      0.1905785D+01
 10873.12011718750      0.1905785D+01
 10873.18652343750      0.1905785D+01
 10873.25292968750      0.1905785D+01
 10873.32031250000      0.1905785D+01
 10873.38671875000      0.1905785D+01
 10873.45312500000      0.1905785D+01
 10873.51953125000      0.1905785D+01
 10873.58691406250      0.1905785D+01
 10873.65332031250      0.1905785D+01
 10873.71972656250      0.1905785D+01
 10873.78710937500      0.1905785D+01
 10873.85351562500      0.1905785D+01
 10873.91992187500      0.1905785D+01
 10873.98632812500      0.1905785D+01
 10874.05371093750      0.1905785D+01
 10874.12011718750      0.1905785D+01
 10874.25292968750      0.1905785D+01
 10874.92871093750      0.1905785D+01
 10880.00000000000      0.1905785D+01
 10930.00000000000      0.1905785D+01
 10980.00000000000      0.1905785D+01
 11030.00000000000      0.1905785D+01
 11080.00000000000      0.1905785D+01
 11130.00000000000      0.1905785D+01
 11180.00000000000      0.1905785D+01
 11230.00000000000      0.1905785D+01
 11280.00000000000      0.1905785D+01
 11330.00000000000      0.1905785D+01
 11380.00000000000      0.1905785D+01
 11430.00000000000      0.1905785D+01
 11480.00000000000      0.1905785D+01
 11530.00000000000      0.1905785D+01
 11580.00000000000      0.1905785D+01
 11630.00000000000      0.1905785D+01
 11680.00000000000      0.1905785D+01
 11730.00000000000      0.1905785D+01
 11780.00000000000      0.1905785D+01
 11830.00000000000      0.1905785D+01
 11880.00000000000      0.1905785D+01
 11930.00000000000      0.1905785D+01
 11980.00000000000      0.1905785D+01
 12030.00000000000      0.1905785D+01
 12080.00000000000      0.1905785D+01
 12130.00000000000      0.1905785D+01
 12180.00000000000      0.1905785D+01
 12230.00000000000      0.1905785D+01
 12280.00000000000      0.1905785D+01
 12330.00000000000      0.1905785D+01
 12380.00000000000      0.1905785D+01
 12430.00000000000      0.1905785D+01
 12480.00000000000      0.1905785D+01
 12530.00000000000      0.1905785D+01
 12580.00000000000      0.1905785D+01
 12630.00000000000      0.1905785D+01
 12680.00000000000      0.1905785D+01
 12730.00000000000      0.1905785D+01
 12780.00000000000      0.1905785D+01
 12830.00000000000      0.1905785D+01
 12880.00000000000      0.1905785D+01
 12930.00000000000      0.1905785D+01
 12980.00000000000      0.1905785D+01
 13030.00000000000      0.1905785D+01
 13080.00000000000      0.1905785D+01
 13130.00000000000      0.1905785D+01
 13180.00000000000      0.1905785D+01
 13230.00000000000      0.1905785D+01
 13280.00000000000      0.1905785D+01
 13330.00000000000      0.1905785D+01
 13380.00000000000      0.1905785D+01
 13430.00000000000      0.1905785D+01
 13480.00000000000      0.1905785D+01
 13530.00000000000      0.1905785D+01
 13580.00000000000      0.1905785D+01
 13630.00000000000      0.1905785D+01
 13680.00000000000      0.1905785D+01
 13730.00000000000      0.1905785D+01
 13780.00000000000      0.1905785D+01
 13830.00000000000      0.1905785D+01
 13880.00000000000      0.1905785D+01
 13930.00000000000      0.1905785D+01
 13980.00000000000      0.1905785D+01
 14030.00000000000      0.1905785D+01
 14080.00000000000      0.1905785D+01
 14130.00000000000      0.1905785D+01
 14180.00000000000      0.1905785D+01
 14230.00000000000      0.1905785D+01
 14280.00000000000      0.1905785D+01
 14330.00000000000      0.1905785D+01
 14380.00000000000      0.1905785D+01
 14430.00000000000      0.1905785D+01
 14480.00000000000      0.1905785D+01
 14530.00000000000      0.1905785D+01
 14580.00000000000      0.1905785D+01
 14630.00000000000      0.1905785D+01
 14680.00000000000      0.1905785D+01
 14730.00000000000      0.1905785D+01
 14780.00000000000      0.1905785D+01
 14830.00000000000      0.1905785D+01
 14880.00000000000      0.1905785D+01
 14930.00000000000      0.1905785D+01
 14980.00000000000      0.1905785D+01
 15030.00000000000      0.1905785D+01
 15080.00000000000      0.1905785D+01
 15130.00000000000      0.1905785D+01
 15180.00000000000      0.1905785D+01
 15230.00000000000      0.1905785D+01
 15280.00000000000      0.1905785D+01
 15330.00000000000      0.1905785D+01
 15380.00000000000      0.1905785D+01
 15430.00000000000      0.1905785D+01
 15480.00000000000      0.1905785D+01
 15530.00000000000      0.1905785D+01
 15580.00000000000      0.1905785D+01
 15630.00000000000      0.1905785D+01
 15680.00000000000      0.1905785D+01
 15730.00000000000      0.1905785D+01
 15780.00000000000      0.1905785D+01
 15830.00000000000      0.1905785D+01
 15880.00000000000      0.1905785D+01
 15930.00000000000      0.1905785D+01
 15980.00000000000      0.1905785D+01
 16030.00000000000      0.1905785D+01
 16080.00000000000      0.1905785D+01
 16130.00000000000      0.1905785D+01
 16180.00000000000      0.1905785D+01
 16230.00000000000      0.1905785D+01
 16280.00000000000      0.1905785D+01
 16330.00000000000      0.1905785D+01
 16380.00000000000      0.1905785D+01
 16430.00000000000      0.1905785D+01
 16480.00000000000      0.1905785D+01
 16530.00000000000      0.1905785D+01
 16580.00000000000      0.1905785D+01
 16630.00000000000      0.1905785D+01
 16680.00000000000      0.1905785D+01
 16730.00000000000      0.1905785D+01
 16780.00000000000      0.1905785D+01
 16830.00000000000      0.1905785D+01
 16880.00000000000      0.1905785D+01
 16930.00000000000      0.1905785D+01
 16980.00000000000      0.1905785D+01
 17030.00000000000      0.1905785D+01
 17080.00000000000      0.1905785D+01
 17130.00000000000      0.1905785D+01
 17180.00000000000      0.1905785D+01
 17230.00000000000      0.1905785D+01
 17280.00000000000      0.1905785D+01
 17330.00000000000      0.1905785D+01
 17380.00000000000      0.1905785D+01
 17430.00000000000      0.1905785D+01
 17480.00000000000      0.1905785D+01
 17530.00000000000      0.1905785D+01
 17580.00000000000      0.1905785D+01
 17630.00000000000      0.1905785D+01
 17680.00000000000      0.1905785D+01
 17730.00000000000      0.1905785D+01
 17780.00000000000      0.1905785D+01
 17830.00000000000      0.1905785D+01
 17880.00000000000      0.1905785D+01
 17930.00000000000      0.1905785D+01
 17980.00000000000      0.1905785D+01
 18030.00000000000      0.1905785D+01
 18080.00000000000      0.1905785D+01
 18130.00000000000      0.1905785D+01
 18180.00000000000      0.1905785D+01
 18230.00000000000      0.1905785D+01
 18280.00000000000      0.1905785D+01
 18330.00000000000      0.1905785D+01
 18380.00000000000      0.1905785D+01
 18430.00000000000      0.1905785D+01
 18480.00000000000      0.1905785D+01
 18530.00000000000      0.1905785D+01
 18580.00000000000      0.1905785D+01
 18630.00000000000      0.1905785D+01
 18680.00000000000      0.1905785D+01
 18730.00000000000      0.1905785D+01
 18780.00000000000      0.1905785D+01
 18830.00000000000      0.1905785D+01
 18880.00000000000      0.1905785D+01
 18930.00000000000      0.1905785D+01
 18980.00000000000      0.1905785D+01
 19030.00000000000      0.1905785D+01
 19080.00000000000      0.1905785D+01
 19130.00000000000      0.1905785D+01
 19180.00000000000      0.1905785D+01
 19230.00000000000      0.1905785D+01
 19280.00000000000      0.1905785D+01
 19330.00000000000      0.1905785D+01
 19380.00000000000      0.1905785D+01
 19430.00000000000      0.1905785D+01
 19480.00000000000      0.1905785D+01
 19530.00000000000      0.1905785D+01
 19580.00000000000      0.1905785D+01
 19630.00000000000      0.1905785D+01
 19680.00000000000      0.1905785D+01
 19730.00000000000      0.1905785D+01
 19780.00000000000      0.1905785D+01
 19830.00000000000      0.1905785D+01
 19880.00000000000      0.1905785D+01
 19930.00000000000      0.1905785D+01
 19980.00000000000      0.1905785D+01
 20030.00000000000      0.1905785D+01
 20080.00000000000      0.1905785D+01
 20130.00000000000      0.1905785D+01
 20180.00000000000      0.1905785D+01
 20230.00000000000      0.1905785D+01
 20280.00000000000      0.1905785D+01
 20330.00000000000      0.1905785D+01
 20380.00000000000      0.1905785D+01
 20430.00000000000      0.1905785D+01
 20480.00000000000      0.1905785D+01
 20530.00000000000      0.1905785D+01
 20580.00000000000      0.1905785D+01
 20630.00000000000      0.1905785D+01
 20680.00000000000      0.1905785D+01
 20730.00000000000      0.1905785D+01
 20780.00000000000      0.1905785D+01
 20830.00000000000      0.1905785D+01
 20880.00000000000      0.1905785D+01
 20930.00000000000      0.1905785D+01
 20980.00000000000      0.1905785D+01
 21030.00000000000      0.1905785D+01
 21080.00000000000      0.1905785D+01
 21130.00000000000      0.1905785D+01
 21180.00000000000      0.1905785D+01
 21230.00000000000      0.1905785D+01
 21280.00000000000      0.1905785D+01
 21330.00000000000      0.1905785D+01
 21380.00000000000      0.1905785D+01
 21430.00000000000      0.1905785D+01
 21480.00000000000      0.1905785D+01
 21530.00000000000      0.1905785D+01
 21580.00000000000      0.1905785D+01
 21630.00000000000      0.1905785D+01
 21680.00000000000      0.1905785D+01
 21730.00000000000      0.1905785D+01
 21780.00000000000      0.1905785D+01
 21830.00000000000      0.1905785D+01
 21880.00000000000      0.1905785D+01
 21930.00000000000      0.1905785D+01
 21980.00000000000      0.1905785D+01
 22030.00000000000      0.1905785D+01
 22080.00000000000      0.1905785D+01
 22130.00000000000      0.1905785D+01
 22180.00000000000      0.1905785D+01
 22230.00000000000      0.1905785D+01
 22280.00000000000      0.1905785D+01
 22330.00000000000      0.1905785D+01
 22380.00000000000      0.1905785D+01
 22430.00000000000      0.1905785D+01
 22480.00000000000      0.1905785D+01
 22530.00000000000      0.1905785D+01
 22580.00000000000      0.1905785D+01
 22630.00000000000      0.1905785D+01
 22680.00000000000      0.1905785D+01
 22730.00000000000      0.1905785D+01
 22780.00000000000      0.1905785D+01
 22830.00000000000      0.1905785D+01
 22880.00000000000      0.1905785D+01
 22930.00000000000      0.1905785D+01
 22980.00000000000      0.1905785D+01
 23030.00000000000      0.1905785D+01
 23080.00000000000      0.1905785D+01
 23130.00000000000      0.1905785D+01
 23180.00000000000      0.1905785D+01
 23230.00000000000      0.1905785D+01
 23280.00000000000      0.1905785D+01
 23330.00000000000      0.1905785D+01
 23380.00000000000      0.1905785D+01
 23430.00000000000      0.1905785D+01
 23480.00000000000      0.1905785D+01
 23530.00000000000      0.1905785D+01
 23580.00000000000      0.1905785D+01
 23630.00000000000      0.1905785D+01
 23680.00000000000      0.1905785D+01
 23730.00000000000      0.1905785D+01
 23780.00000000000      0.1905785D+01
 23830.00000000000      0.1905785D+01
 23880.00000000000      0.1905785D+01
 23930.00000000000      0.1905785D+01
 23980.00000000000      0.1905785D+01
 24030.00000000000      0.1905785D+01
 24080.00000000000      0.1905785D+01
 24130.00000000000      0.1905785D+01
 24180.00000000000      0.1905785D+01
 24230.00000000000      0.1905785D+01
 24280.00000000000      0.1905785D+01
 24330.00000000000      0.1905785D+01
 24380.00000000000      0.1905785D+01
 24430.00000000000      0.1905785D+01
 24480.00000000000      0.1905785D+01
 24530.00000000000      0.1905785D+01
 24580.00000000000      0.1905785D+01
 24630.00000000000      0.1905785D+01
 24680.00000000000      0.1905785D+01
 24730.00000000000      0.1905785D+01
 24780.00000000000      0.1905785D+01
 24830.00000000000      0.1905785D+01
 24880.00000000000      0.1905785D+01
 24930.00000000000      0.1905785D+01
 24980.00000000000      0.1905785D+01
 25030.00000000000      0.1905785D+01
 25080.00000000000      0.1905785D+01
 25130.00000000000      0.1905785D+01
 25180.00000000000      0.1905785D+01
 25230.00000000000      0.1905785D+01
 25280.00000000000      0.1905785D+01
 25330.00000000000      0.1905785D+01
 25380.00000000000      0.1905785D+01
 25430.00000000000      0.1905785D+01
 25480.00000000000      0.1905785D+01
 25530.00000000000      0.1905785D+01
 25580.00000000000      0.1905785D+01
 25630.00000000000      0.1905785D+01
 25680.00000000000      0.1905785D+01
 25730.00000000000      0.1905785D+01
 25780.00000000000      0.1905785D+01
 25830.00000000000      0.1905785D+01
 25880.00000000000      0.1905785D+01
 25930.00000000000      0.1905785D+01
 25980.00000000000      0.1905785D+01
 26030.00000000000      0.1905785D+01
 26080.00000000000      0.1905785D+01
 26130.00000000000      0.1905785D+01
 26180.00000000000      0.1905785D+01
 26230.00000000000      0.1905785D+01
 26280.00000000000      0.1905785D+01
 26330.00000000000      0.1905785D+01
 26380.00000000000      0.1905785D+01
 26430.00000000000      0.1905785D+01
 26480.00000000000      0.1905785D+01
 26530.00000000000      0.1905785D+01
 26580.00000000000      0.1905785D+01
 26630.00000000000      0.1905785D+01
 26680.00000000000      0.1905785D+01
 26730.00000000000      0.1905785D+01
 26780.00000000000      0.1905785D+01
 26830.00000000000      0.1905785D+01
 26880.00000000000      0.1905785D+01
 26930.00000000000      0.1905785D+01
 26980.00000000000      0.1905785D+01
 27030.00000000000      0.1905785D+01
 27080.00000000000      0.1905785D+01
 27130.00000000000      0.1905785D+01
 27180.00000000000      0.1905785D+01
 27230.00000000000      0.1905785D+01
 27280.00000000000      0.1905785D+01
 27330.00000000000      0.1905785D+01
 27380.00000000000      0.1905785D+01
 27430.00000000000      0.1905785D+01
 27480.00000000000      0.1905785D+01
 27530.00000000000      0.1905785D+01
 27580.00000000000      0.1905785D+01
 27630.00000000000      0.1905785D+01
 27680.00000000000      0.1905785D+01
 27730.00000000000      0.1905785D+01
 27780.00000000000      0.1905785D+01
 27830.00000000000      0.1905785D+01
 27880.00000000000      0.1905785D+01
 27930.00000000000      0.1905785D+01
 27980.00000000000      0.1905785D+01
 28030.00000000000      0.1905785D+01
 28080.00000000000      0.1905785D+01
 28130.00000000000      0.1905785D+01
 28180.00000000000      0.1905785D+01
 28230.00000000000      0.1905785D+01
 28280.00000000000      0.1905785D+01
 28330.00000000000      0.1905785D+01
 28380.00000000000      0.1905785D+01
 28430.00000000000      0.1905785D+01
 28480.00000000000      0.1905785D+01
 28530.00000000000      0.1905785D+01
 28580.00000000000      0.1905785D+01
 28630.00000000000      0.1905785D+01
 28680.00000000000      0.1905785D+01
 28730.00000000000      0.1905785D+01
 28780.00000000000      0.1905785D+01
 28830.00000000000      0.1905785D+01
 28880.00000000000      0.1905785D+01
 28930.00000000000      0.1905785D+01
 28980.00000000000      0.1905785D+01
 29030.00000000000      0.1905785D+01
 29080.00000000000      0.1905785D+01
 29130.00000000000      0.1905785D+01
 29180.00000000000      0.1905785D+01
 29230.00000000000      0.1905785D+01
 29280.00000000000      0.1905785D+01
 29330.00000000000      0.1905785D+01
 29380.00000000000      0.1905785D+01
 29430.00000000000      0.1905785D+01
 29480.00000000000      0.1905785D+01
 29530.00000000000      0.1905785D+01
 29580.00000000000      0.1905785D+01
 29630.00000000000      0.1905785D+01
 29680.00000000000      0.1905785D+01
 29730.00000000000      0.1905785D+01
 29780.00000000000      0.1905785D+01
 29830.00000000000      0.1905785D+01
 29880.00000000000      0.1905785D+01
 29930.00000000000      0.1905785D+01
 29980.00000000000      0.1905785D+01
 30030.00000000000      0.1905785D+01
 30080.00000000000      0.1905785D+01
 30130.00000000000      0.1905785D+01
 30180.00000000000      0.1905785D+01
 30230.00000000000      0.1905785D+01
 30280.00000000000      0.1905785D+01
 30330.00000000000      0.1905785D+01
 30380.00000000000      0.1905785D+01
 30430.00000000000      0.1905785D+01
 30480.00000000000      0.1905785D+01
 30530.00000000000      0.1905785D+01
 30580.00000000000      0.1905785D+01
 30630.00000000000      0.1905785D+01
 30680.00000000000      0.1905785D+01
 30730.00000000000      0.1905785D+01
 30780.00000000000      0.1905785D+01
 30830.00000000000      0.1905785D+01
 30880.00000000000      0.1905785D+01
 30930.00000000000      0.1905785D+01
 30980.00000000000      0.1905785D+01
 31030.00000000000      0.1905785D+01
 31080.00000000000      0.1905785D+01
 31130.00000000000      0.1905785D+01
 31180.00000000000      0.1905785D+01
 31230.00000000000      0.1905785D+01
 31280.00000000000      0.1905785D+01
 31330.00000000000      0.1905785D+01
 31380.00000000000      0.1905785D+01
 31430.00000000000      0.1905785D+01
 31480.00000000000      0.1905785D+01
 31530.00000000000      0.1905785D+01
 31580.00000000000      0.1905785D+01
 31630.00000000000      0.1905785D+01
 31680.00000000000      0.1905785D+01
 31730.00000000000      0.1905785D+01
 31780.00000000000      0.1905785D+01
 31830.00000000000      0.1905785D+01
 31880.00000000000      0.1905785D+01
 31930.00000000000      0.1905785D+01
 31980.00000000000      0.1905785D+01
 32030.00000000000      0.1905785D+01
 32080.00000000000      0.1905785D+01
 32130.00000000000      0.1905785D+01
 32180.00000000000      0.1905785D+01
 32230.00000000000      0.1905785D+01
 32280.00000000000      0.1905785D+01
 32330.00000000000      0.1905785D+01
 32380.00000000000      0.1905785D+01
 32430.00000000000      0.1905785D+01
 32480.00000000000      0.1905785D+01
 32530.00000000000      0.1905785D+01
 32580.00000000000      0.1905785D+01
 32630.00000000000      0.1905785D+01
 32680.00000000000      0.1905785D+01
 32730.00000000000      0.1905785D+01
 32780.00000000000      0.1905785D+01
 32830.00000000000      0.1905785D+01
 32880.00000000000      0.1905785D+01
 32930.00000000000      0.1905785D+01
 32980.00000000000      0.1905785D+01
 33030.00000000000      0.1905785D+01
 33080.00000000000      0.1905785D+01
 33130.00000000000      0.1905785D+01
 33180.00000000000      0.1905785D+01
 33230.00000000000      0.1905785D+01
 33280.00000000000      0.1905785D+01
 33330.00000000000      0.1905785D+01
 33380.00000000000      0.1905785D+01
 33430.00000000000      0.1905785D+01
 33480.00000000000      0.1905785D+01
 33530.00000000000      0.1905785D+01
 33580.00000000000      0.1905785D+01
 33630.00000000000      0.1905785D+01
 33680.00000000000      0.1905785D+01
 33730.00000000000      0.1905785D+01
 33780.00000000000      0.1905785D+01
 33830.00000000000      0.1905785D+01
 33880.00000000000      0.1905785D+01
 33930.00000000000      0.1905785D+01
 33980.00000000000      0.1905785D+01
 34030.00000000000      0.1905785D+01
 34080.00000000000      0.1905785D+01
 34130.00000000000      0.1905785D+01
 34180.00000000000      0.1905785D+01
 34230.00000000000      0.1905785D+01
 34280.00000000000      0.1905785D+01
 34330.00000000000      0.1905785D+01
 34380.00000000000      0.1905785D+01
 34430.00000000000      0.1905785D+01
 34480.00000000000      0.1905785D+01
 34530.00000000000      0.1905785D+01
 34580.00000000000      0.1905785D+01
 34630.00000000000      0.1905785D+01
 34680.00000000000      0.1905785D+01
 34730.00000000000      0.1905785D+01
 34780.00000000000      0.1905785D+01
 34830.00000000000      0.1905785D+01
 34880.00000000000      0.1905785D+01
 34930.00000000000      0.1905785D+01
 34980.00000000000      0.1905785D+01
 35030.00000000000      0.1905785D+01
 35080.00000000000      0.1905785D+01
 35130.00000000000      0.1905785D+01
 35180.00000000000      0.1905785D+01
 35230.00000000000      0.1905785D+01
 35280.00000000000      0.1905785D+01
 35330.00000000000      0.1905785D+01
 35360.00000000000      0.1905785D+01
