00000.000   973.000 1e19    -1 1e6
12000.099   973.000 1e19    -1 1e6
12000.100   789.018 0    -1e-3 1e3
12000.390   789.018 0    -1e-3 1e3
12000.466   795.490 0    -1e-3 1e3
12000.546   799.594 0    -1e-3 1e3
12000.618   858.741 0    -1e-3 1e3
12000.692   889.797 0    -1e-3 1e3
12000.769   913.164 0    -1e-3 1e3
12000.843   975.254 0    -1e-3 1e3
12000.899   1015.528 0    -1e-3 1e3
12000.949   1055.845 0    -1e-3 1e3
12001.017   1107.892 0    -1e-3 1e3
12001.094   1131.259 0    -1e-3 1e3
12001.158   1166.794 0    -1e-3 1e3
12001.221   1209.540 0    -1e-3 1e3
12001.296   1228.547 0    -1e-3 1e3
12001.370   1283.775 0    -1e-3 1e3
12001.447   1311.413 0    -1e-3 1e3
12001.525   1351.364 0    -1e-3 1e3
12001.603   1400.611 0    -1e-3 1e3
12001.674   1435.899 0    -1e-3 1e3
12001.744   1473.226 0    -1e-3 1e3
12001.822   1509.658 0    -1e-3 1e3
12001.900   1542.322 0    -1e-3 1e3
12001.977   1586.042 0    -1e-3 1e3
12002.037   1638.891 0    -1e-3 1e3
12002.097   1692.828 0    -1e-3 1e3
12002.175   1705.894 0    -1e-3 1e3
12002.235   1763.726 0    -1e-3 1e3
12002.295   1803.132 0    -1e-3 1e3
12002.359   1839.206 0    -1e-3 1e3
12002.422   1888.058 0    -1e-3 1e3
12002.500   1894.088 0    -1e-3 1e3
12002.556   1932.230 0    -1e-3 1e3
12002.613   1980.020 0    -1e-3 1e3
12002.687   2028.965 0    -1e-3 1e3
12002.761   2059.921 0    -1e-3 1e3
12002.839   2067.207 0    -1e-3 1e3
12002.917   2129.771 0    -1e-3 1e3
12002.994   2140.576 0    -1e-3 1e3
12003.072   2187.562 0    -1e-3 1e3
12003.150   2217.462 0    -1e-3 1e3
12003.227   2262.689 0    -1e-3 1e3
12003.305   2267.211 0    -1e-3 1e3
12003.383   2302.891 0    -1e-3 1e3
12003.461   2336.308 0    -1e-3 1e3
12003.538   2384.299 0    -1e-3 1e3
12003.616   2397.114 0    -1e-3 1e3
12003.694   2409.677 0    -1e-3 1e3
12003.768   2476.437 0    -1e-3 1e3
12003.810   2524.845 0    -1e-3 1e3
12003.842   2560.433 0    -1e-3 1e3
12003.920   2574.001 0    -1e-3 1e3
12003.997   2574.253 0    -1e-3 1e3
12004.071   2636.646 0    -1e-3 1e3
12004.161   2692.547 0    -1e-3 1e3
12004.196   2725.155 0    -1e-3 1e3
12004.259   2771.493 0    -1e-3 1e3
12004.339   2783.062 0    -1e-3 1e3
12004.414   2783.637 0    -1e-3 1e3
12004.562   2783.637 0    -1e-3 1e3