23315.648238862
1.4333212299091
0.011286201426085
0.0020334375202487
9.9624283740677e-05
2.1948313477837e-05
1.6773731469737e-06
3.7450983441775e-07
4.5313662085494e-08
1.9934586745761e-08
1.0711394347777e-08
2.5450189394559e-09
1.0773138908375e-09
5.8878833705593e-10
3.7371700828658e-10
3.4630769059413e-10
2.4343839188996e-10
2.3201592509085e-10
2.0783272542403e-10
1.7366849045216e-10
1.5722046867422e-10
1.5194727823493e-10
1.3283499371228e-10
1.2604028662344e-10
1.1294480629245e-10
1.110058452721e-10
1.0560171114908e-10
1.0285513863778e-10
1.0005019942635e-10
9.7752017227483e-11
9.635292275663e-11
9.3404153124848e-11
9.1100529267017e-11
8.8984955837852e-11
8.821222993075e-11
8.6948047162919e-11
8.4127916174583e-11
8.2685586173012e-11
8.1689409892525e-11
8.0934328475117e-11
8.0090724494555e-11
7.9119597333086e-11
7.9026190393536e-11
7.8336566657803e-11
7.6363010739764e-11
7.4238034017905e-11
7.3053703212979e-11
7.2651121832127e-11
7.2182922811325e-11
7.0980190581737e-11
6.9963863859318e-11
6.8506199643291e-11
6.7700117179165e-11
6.7149203710849e-11
6.6431785296999e-11
6.6194804423698e-11
6.5082409045208e-11
6.4637752151934e-11
6.3784303499658e-11
6.1967858901183e-11
6.1788350743678e-11
6.1411816559543e-11
6.036912237452e-11
6.0003962808048e-11
5.9344637603636e-11
5.8443026829927e-11
5.8125359481863e-11
5.7382508371678e-11
5.6563743510088e-11
5.5683056882385e-11
5.5340470722835e-11
5.4247023373757e-11
5.4119450597443e-11
5.343343763539e-11
5.2555285783969e-11
5.1476085975277e-11
5.1208283881914e-11
5.0543668410658e-11
4.9935348004391e-11
4.9246826541087e-11
4.8502890493144e-11
4.7868635201565e-11
4.7632883865621e-11
4.7122681199032e-11
4.624226396362e-11
4.5807725131837e-11
4.4783747310807e-11
4.3838935361865e-11
4.3483864140039e-11
4.2837934854794e-11
4.2305494624614e-11
4.1912710208009e-11
4.1383319909661e-11
4.0612525522716e-11
4.0053550490636e-11
3.9963518099456e-11
3.9347014081729e-11
3.8799578101153e-11
3.787486714341e-11
3.7377481187484e-11
3.705823094247e-11
3.6504328949847e-11
3.6293255165481e-11
3.6025141054357e-11
3.5168676314783e-11
3.4538939031252e-11
3.3986394716861e-11
3.327985740149e-11
3.227370287345e-11
3.1903630752735e-11
3.143374974092e-11
3.0720605197548e-11
3.0662191260066e-11
3.0456670424581e-11
3.0270914034526e-11
2.9638193497856e-11
2.8741726287504e-11
2.8498550454023e-11
2.7969356620205e-11
2.7339899750831e-11
2.7098559397912e-11
2.6376234848446e-11
2.6202855477456e-11
2.5394379565098e-11
2.4394226681006e-11
2.3941393892313e-11
2.3336698520594e-11
2.2787406560626e-11
2.2227535462892e-11
2.2046789589678e-11
2.169308429689e-11
2.1054781961267e-11
2.0782584027769e-11
1.9976508788512e-11
1.9700072692519e-11
1.9555552300185e-11
1.9057305244653e-11
1.8590916183705e-11
1.8504091778391e-11
1.7025055684214e-11
1.685280267116e-11
1.672009614822e-11
1.6384144737015e-11
1.5452743924633e-11
1.5009784599507e-11
1.4899616208087e-11
1.4737814361761e-11
1.4460221444927e-11
1.3337924845985e-11
1.3128137480285e-11
1.2786820974642e-11
1.2007095294188e-11
1.1843808544659e-11
1.0972202743428e-11
1.0600439133451e-11
1.0282828370167e-11
9.7501904697315e-12
9.2626748730167e-12
8.9631175686208e-12
8.714873582558e-12
8.0073711984381e-12
7.6688561318187e-12
7.2707469578716e-12
6.7445137737807e-12
6.5392071423199e-12
5.9648255691051e-12
5.2459941471626e-12
4.9904468800912e-12
4.6202685830888e-12
4.3165067061854e-12
3.9185514729012e-12
3.8334590064553e-12
3.2858305645613e-12
2.7581392007783e-12
2.1656697751931e-12
1.7553340401967e-12
1.418760955907e-12
1.2159188680673e-12
1.0906213235688e-12
6.5779748684503e-13
3.8151056342495e-13
3.5519369366453e-13
3.2752431752021e-13
2.457354674307e-13
1.9294277277871e-13
1.7502706462115e-13
1.5713934120106e-13
1.2760796838184e-13
1.0221976873433e-13
9.9747926116865e-14
9.6033600848516e-14
8.8104516100829e-14
8.7843772250427e-14
8.5324844760831e-14
8.3073386935178e-14
8.110408686916e-14
6.615689932492e-14
6.3192076415251e-14
5.9853827205985e-14
5.8200415471048e-14
5.6119798417564e-14
5.1586534569069e-14
5.0646508654417e-14
4.9313536447527e-14
4.4792096388449e-14
4.0490200856766e-14
4.0395199075963e-14
3.3761848106833e-14
3.207885676103e-14
3.1646546056401e-14
3.088640032823e-14
2.9464285913925e-14
2.9276977211717e-14
2.8927683844462e-14
2.7193885615652e-14
2.6889662495852e-14
2.6870838069716e-14
2.6576906084901e-14
2.6553664594278e-14
2.6346609494657e-14
2.5975728725986e-14
2.2963142718015e-14
2.094398684368e-14
2.0246318746587e-14
2.0081440417704e-14
1.8872757038607e-14
1.8168507146677e-14
1.7981645084311e-14
1.7648279248473e-14
1.6641821169854e-14
1.6252334650988e-14
1.6030538786434e-14
1.555541748685e-14
1.5320238241538e-14
1.5189379781338e-14
1.5187917125587e-14
1.512477626197e-14
1.4754500554517e-14
1.4620270255678e-14
1.4043829477364e-14
1.3924232490855e-14
1.3225921453673e-14
1.3163946691573e-14
1.3079832796674e-14
1.2872672362905e-14
1.2841105068555e-14
1.2552668189655e-14
1.2525948181271e-14
1.2437858593027e-14
1.2420205980024e-14
1.2392158839143e-14
1.2146619410314e-14
1.1835932198909e-14
1.1696489263279e-14
1.1376827651294e-14
1.1371451716066e-14
1.1292451625202e-14
1.1269952609923e-14
1.1176491406237e-14
1.1171480377081e-14
1.115326396843e-14
1.0952497744852e-14
1.0594282109047e-14
1.0451775814929e-14
1.0429338627932e-14
1.0297351414273e-14
1.0186079960961e-14
1.0131497843169e-14
9.8124333275503e-15
9.7749269073061e-15
9.5266462188877e-15
9.4653208759525e-15
9.143478315967e-15
9.0251170454582e-15
9.0171067301457e-15
8.7110015667721e-15
8.5196092927012e-15
8.4871587790535e-15
8.4433642501428e-15
8.4328877918087e-15
8.4276296371959e-15
8.2629316839939e-15
8.2611930909961e-15
8.1784400255547e-15
8.1423791353845e-15
8.0544194652423e-15
7.895300547676e-15
7.8031031976617e-15
7.7945185898223e-15
7.6711941827751e-15
7.6682479575305e-15
7.6281439332862e-15
7.5347238776789e-15
7.5279391126382e-15
7.5194117282509e-15
7.4776570708816e-15
7.4532110621933e-15
7.2858775011096e-15
7.2468977286362e-15
7.2468463081991e-15
7.1710089565779e-15
7.0964000538491e-15
6.9655906550099e-15
6.7884346176671e-15
6.4610743847306e-15
6.4454095729581e-15
6.3919385076568e-15
6.3821305875286e-15
6.1000527308015e-15
6.0594815998941e-15
6.0026045187574e-15
5.9575807081933e-15
5.9478051489209e-15
5.9179875079214e-15
5.9155757703612e-15
5.9043193635043e-15
5.8967628558299e-15
5.8481390440236e-15
5.8170142836609e-15
5.7560042967634e-15
5.7499746037212e-15
5.5983612847771e-15
5.5824957032436e-15
5.5750252941392e-15
5.5057257747328e-15
5.4948043361097e-15
5.4311950601792e-15
5.4227239918147e-15
5.4157727335997e-15
5.4135681839448e-15
5.2836759072934e-15
5.2721463260762e-15
5.2062214468677e-15
5.1196800645855e-15
5.1105673385901e-15
5.0082931606864e-15
4.9833428252142e-15
4.9684389174904e-15
4.8990921898374e-15
4.8742020420572e-15
4.8620059902523e-15
4.776034164442e-15
4.7218301252855e-15
4.6323482698309e-15
4.5724765897428e-15
4.5350774178413e-15
4.5335997631957e-15
4.5250778441419e-15
4.4591060680718e-15
4.4234619443909e-15
4.4097021581469e-15
4.3960190284006e-15
4.3939679082717e-15
4.3404665639788e-15
4.319564305724e-15
4.292493413773e-15
4.2456935067777e-15
4.2194242583107e-15
4.1607326480924e-15
4.137115898411e-15
4.1084405687565e-15
4.0684603174065e-15
4.0669569878194e-15
3.9439243404819e-15
3.8982947730329e-15
3.7484848375307e-15
3.7246638743465e-15
3.7185837075738e-15
3.7151258808202e-15
3.7048668288887e-15
3.6804078155245e-15
3.6722636742156e-15
3.635348780372e-15
3.5614213918633e-15
3.5512648935283e-15
3.5457914502074e-15
3.5144149370489e-15
3.4036105717874e-15
3.3966167046877e-15
3.3938246392327e-15
3.3711327107132e-15
3.3694255202154e-15
3.3495290006357e-15
3.346605104059e-15
3.3435270047921e-15
3.3234477325834e-15
3.3158228357677e-15
3.3137642922675e-15
3.2978914728798e-15
3.1991008830122e-15
3.1886472094429e-15
3.1491475169421e-15
3.1425555100603e-15
3.1382222134226e-15
3.0512043181215e-15
3.0458620381082e-15
3.0419411796116e-15
3.011352317645e-15
2.973844906423e-15
2.9645409099991e-15
2.9634836663213e-15
2.9585785982163e-15
2.9514703051628e-15
2.9161400855354e-15
2.9030595653375e-15
2.9024268079838e-15
2.9002973187353e-15
2.789689675107e-15
2.7841805810559e-15
2.7720729511276e-15
2.7717383588755e-15
2.7556776458479e-15
2.7487952219651e-15
2.7481328828503e-15
2.7365426379749e-15
2.7266548217409e-15
2.7073698885292e-15
2.6863764517038e-15
2.6848237552921e-15
2.6246639423381e-15
2.6234367670003e-15
2.5897869597767e-15
2.5047615854081e-15
2.4854216241279e-15
2.457880433741e-15
2.4573775426955e-15
2.4364405007439e-15
2.3937515708686e-15
2.3830248718211e-15
2.3630477978141e-15
2.336604085951e-15
2.3234624371415e-15
2.320182122313e-15
2.2966903654276e-15
2.2794111669167e-15
2.2773291189537e-15
2.2697390552242e-15
2.2442042901735e-15
2.1069149295291e-15
2.0682528151063e-15
2.0646510839346e-15
2.0528615781572e-15
2.0237868148858e-15
1.943938080254e-15
1.9264944118354e-15
1.918851463099e-15
1.849072754538e-15
1.8448727171307e-15
1.844420148295e-15
1.8386230136461e-15
1.8210084338805e-15
1.795875794572e-15
1.7670356807019e-15
1.7395827504748e-15
1.716361294057e-15
1.6542724367959e-15
1.6516049452817e-15
1.6122791578381e-15
1.6094474346018e-15
1.5827114423552e-15
1.5806955629072e-15
1.5615125056492e-15
1.5550422204188e-15
1.5419622143387e-15
1.5391271387952e-15
1.5357493367982e-15
1.5251307449508e-15
1.5212500928387e-15
1.4638488087354e-15
1.4218131822106e-15
1.4008225751532e-15
1.3962808486578e-15
1.3694991583678e-15
1.3527195473592e-15
1.3392862303415e-15
1.3183494737488e-15
1.2235694147947e-15
1.2156621036185e-15
1.1799395503305e-15
1.1784388113371e-15
1.1678455751684e-15
1.1675919038008e-15
1.1129784024346e-15
1.1090052178933e-15
1.083868461473e-15
1.0674367842896e-15
1.0537054899023e-15
1.0463305398614e-15
1.033611816934e-15
1.0250510248933e-15
1.0192716467582e-15
9.9425783167932e-16
9.8469433115458e-16
9.6347403378726e-16
9.5586579642853e-16
9.3077029344715e-16
9.1713823469321e-16
8.967694051955e-16
8.6402105863072e-16
8.5048225735302e-16
8.3492479949071e-16
8.0302345843233e-16
7.982466331523e-16
7.7954707511271e-16
7.2596325915403e-16
7.0933416293109e-16
7.0731912416919e-16
6.9597614839771e-16
6.7220360023579e-16
6.6553081585295e-16
6.509360252893e-16
6.3286934043936e-16
6.2600805874467e-16
5.5840241141014e-16
5.5828413222344e-16
4.6861486347392e-16
4.4846268186957e-16
4.3077701832761e-16
4.295913514404e-16
4.1083661581821e-16
4.099740450202e-16
3.8095578148039e-16
3.700519912879e-16
3.6006757990252e-16
3.3721727348077e-16
3.0170299325158e-16
2.6684251171387e-16
2.5493989482455e-16
2.414885150393e-16
2.37424334594e-16
2.3116117064955e-16
2.3100089917356e-16
1.8542704179334e-16
1.7680000354982e-16
1.7375570635173e-16
1.4932254922239e-16
1.2628458486981e-16
1.1833357277193e-16
8.7037901894812e-17
5.9567149679803e-17
5.1392057502821e-17
3.7212527903295e-17
2.3720798117966e-18
-1.1165692237634e-18
-1.1230858111459e-17
-3.1438758834467e-17
-4.9277573566047e-17
-5.029136055157e-17
-9.3845150372734e-17
-1.6636734220379e-16
-1.9891303903956e-16
-2.0903115401369e-16
-2.1164884313275e-16
-2.4129137895911e-16
-2.5295244103317e-16
-2.8803624456642e-16
-3.1438874403246e-16
-3.2624130375355e-16
-3.4817612897625e-16
-3.4887999365007e-16
-3.5178454876013e-16
-3.6679572389135e-16
-3.7732090604702e-16
-3.8851209317095e-16
-4.0647097166641e-16
-4.2056283570474e-16
-4.280568884041e-16
-4.3275083925358e-16
-4.3656518387968e-16
-4.7621439089472e-16
-5.0214719839627e-16
-5.2810981288687e-16
-5.4743943457589e-16
-5.5308276102202e-16
-5.5537209541659e-16
-5.5817968244498e-16
-5.6949876104495e-16
-5.7490103833433e-16
-5.8403861568618e-16
-6.0041859267863e-16
-6.1257686224596e-16
-6.4083216569578e-16
-6.57003232743e-16
-6.6714576767132e-16
-7.0392518466265e-16
-7.220783484209e-16
-7.6598252017014e-16
-7.6882665862818e-16
-7.9126384463024e-16
-8.8010080855411e-16
-9.1111193703295e-16
-9.2486556339639e-16
-9.4629887420296e-16
-9.5954716574142e-16
-9.9934502589133e-16
-1.0080492668092e-15
-1.0282280639385e-15
-1.0297365307864e-15
-1.029998380943e-15
-1.0450869027978e-15
-1.082624416714e-15
-1.1025092897175e-15
-1.1208457956392e-15
-1.1452035941936e-15
-1.1625007340678e-15
-1.1770917871307e-15
-1.2137295499855e-15
-1.2332128732982e-15
-1.2644990596308e-15
-1.2650278625331e-15
-1.28944736269e-15
-1.3486616816829e-15
-1.410574860755e-15
-1.4438490868287e-15
-1.4491052126431e-15
-1.5054239525412e-15
-1.5923803955515e-15
-1.6160636262492e-15
-1.6686332785482e-15
-1.6764470347877e-15
-1.6787999223356e-15
-1.7160570370301e-15
-1.7659038759622e-15
-1.7979264759831e-15
-1.8183619256364e-15
-1.8497676555309e-15
-1.8739977430296e-15
-1.880097066711e-15
-1.8983125644119e-15
-1.9004606011513e-15
-1.908412055619e-15
-1.94228274799e-15
-2.0018996926977e-15
-2.0080685844545e-15
-2.0596524967028e-15
-2.0651227179157e-15
-2.0656407410981e-15
-2.0923310476452e-15
-2.1966528162414e-15
-2.2514123704394e-15
-2.2664444393809e-15
-2.2680573346157e-15
-2.2757300568636e-15
-2.3031014318054e-15
-2.3066300567119e-15
-2.319915375321e-15
-2.3251228289224e-15
-2.3502016322906e-15
-2.4089577285212e-15
-2.4177611289452e-15
-2.4242170498505e-15
-2.5250306887257e-15
-2.5336807294125e-15
-2.5552241169615e-15
-2.5630586009792e-15
-2.5779951296355e-15
-2.6055329016667e-15
-2.6173516493711e-15
-2.6195901844191e-15
-2.6786858032906e-15
-2.6916289313742e-15
-2.7002340110312e-15
-2.706150289468e-15
-2.7161156319474e-15
-2.7229424695717e-15
-2.740703950244e-15
-2.7656056032418e-15
-2.7852868918548e-15
-2.8576826163371e-15
-2.864383231864e-15
-2.8893488734358e-15
-2.9140450735236e-15
-2.9617919317352e-15
-2.9734651432268e-15
-3.0166587249641e-15
-3.0381763639376e-15
-3.0421136149942e-15
-3.0638668470542e-15
-3.1139687463032e-15
-3.1558951545603e-15
-3.1729851178034e-15
-3.1979313213115e-15
-3.2404205611061e-15
-3.2466494299874e-15
-3.2504571770716e-15
-3.265634481789e-15
-3.2656638997562e-15
-3.2867571831098e-15
-3.3141222638707e-15
-3.31618416226e-15
-3.3477868840568e-15
-3.4373816782206e-15
-3.4820420866394e-15
-3.4873234094886e-15
-3.5101247017661e-15
-3.5111253639455e-15
-3.6223415660763e-15
-3.6324100662171e-15
-3.6422726075285e-15
-3.7169348789025e-15
-3.7171851124089e-15
-3.8079218548725e-15
-3.8144968400962e-15
-3.8290573644633e-15
-3.8431407002637e-15
-3.866537040325e-15
-3.8741511147613e-15
-3.8835599803041e-15
-3.8942231792946e-15
-3.8961484547815e-15
-3.899665583386e-15
-3.9276591284216e-15
-4.0130153010199e-15
-4.0415655124263e-15
-4.0691999728542e-15
-4.1922254668933e-15
-4.2097252508891e-15
-4.2379938611514e-15
-4.243496128131e-15
-4.2680111996792e-15
-4.2752834875079e-15
-4.3380675256985e-15
-4.3482426212086e-15
-4.355227472996e-15
-4.3981410935857e-15
-4.6064431232695e-15
-4.6874747398868e-15
-4.7461988512405e-15
-4.7489876898458e-15
-4.7911104680526e-15
-4.8096890822091e-15
-4.81741103749e-15
-4.8736709500563e-15
-4.9199631424386e-15
-4.9328909818552e-15
-4.9624855029965e-15
-4.9756370527333e-15
-5.0501084820542e-15
-5.0931415688479e-15
-5.104884042704e-15
-5.1827227789256e-15
-5.2470216243692e-15
-5.3926438606351e-15
-5.469546182723e-15
-5.4846467551435e-15
-5.5516605486392e-15
-5.7232511219064e-15
-5.8427039835549e-15
-5.9164285892539e-15
-5.9488731667302e-15
-5.9742136304482e-15
-5.9809370408729e-15
-6.042331212998e-15
-6.0812676547538e-15
-6.0865425395702e-15
-6.0947828871166e-15
-6.2167079338783e-15
-6.2932874365171e-15
-6.3515922330618e-15
-6.3823141974726e-15
-6.3975023485113e-15
-6.5756995288515e-15
-6.6866079552379e-15
-7.0284081701999e-15
-7.0582848579453e-15
-7.0775300229551e-15
-7.0989489389449e-15
-7.1012265002891e-15
-7.1063976081794e-15
-7.1436003358294e-15
-7.1651944810414e-15
-7.3727170226601e-15
-7.4195724872746e-15
-7.4628810120867e-15
-7.5201035714064e-15
-7.5293751325949e-15
-7.5656797442359e-15
-7.6065138084781e-15
-7.7482923813125e-15
-7.7518983752791e-15
-7.7645693445654e-15
-7.7708632875745e-15
-7.828754937739e-15
-7.9328517322706e-15
-7.9361685535418e-15
-7.9439968105602e-15
-8.0066353487687e-15
-8.012919587709e-15
-8.0139750881967e-15
-8.0217581485434e-15
-8.1824570667339e-15
-8.1878778637582e-15
-8.2303018526403e-15
-8.5147445514755e-15
-8.5556685841616e-15
-8.6365791639451e-15
-8.7209861043893e-15
-8.7491448394328e-15
-8.8574084209193e-15
-8.8755279803466e-15
-8.9122334315545e-15
-8.9496820727571e-15
-9.0595791603316e-15
-9.0751461837525e-15
-9.2450661548641e-15
-9.370017258242e-15
-9.4875380416987e-15
-9.5112455030977e-15
-9.5149787320964e-15
-9.6805666512706e-15
-9.717064933786e-15
-9.7245823762734e-15
-9.7577830530877e-15
-9.8186052680798e-15
-9.8513569968702e-15
-1.0390452431829e-14
-1.0647453103758e-14
-1.104243008204e-14
-1.1047708262964e-14
-1.1271238860065e-14
-1.1996868119365e-14
-1.2023287765004e-14
-1.2235128065935e-14
-1.2235867678617e-14
-1.2891309787554e-14
-1.3095509447475e-14
-1.3185567998487e-14
-1.4119091738161e-14
-1.4223012670921e-14
-1.4406944075374e-14
-1.4672981962499e-14
-1.4784387072631e-14
-1.4810418628029e-14
-1.4949187060445e-14
-1.5042183945083e-14
-1.5239962814166e-14
-1.5633036356588e-14
-1.6205366806539e-14
-1.6562715053594e-14
-1.6914910319503e-14
-1.6956555207722e-14
-1.785388413872e-14
-1.8089367475788e-14
-1.9136192106362e-14
-1.9343268148323e-14
-1.9498852166836e-14
-1.9869813245028e-14
-2.0128642293425e-14
-2.1622012402338e-14
-2.1883642065345e-14
-2.3669324305444e-14
-2.3953642891754e-14
-2.4116815928019e-14
-2.4617033900301e-14
-2.5087207605408e-14
-2.6181439744747e-14
-2.6618169783985e-14
-2.7516290127391e-14
-2.7886641501286e-14
-2.8146071590296e-14
-2.9369890360049e-14
-2.9548436324346e-14
-3.2296797078013e-14
-3.2525763595419e-14
-3.4967618050688e-14
-3.6320462234044e-14
-3.7478423589587e-14
-3.8593588098048e-14
-4.207999111831e-14
-4.2406986454159e-14
-4.3024790810823e-14
-4.7326516575132e-14
-5.244561774597e-14
-5.278752649608e-14
-5.6794865379115e-14
-5.9165259386162e-14
-6.2785203046352e-14
-6.8055017720773e-14
-6.8677381886465e-14
-7.1655958621811e-14
-8.1922112352327e-14
-8.3418346703066e-14
-8.6306316405467e-14
-9.4003441508147e-14
-9.4880731804713e-14
-9.877301983413e-14
-1.2257510979282e-13
-1.6984941747538e-13
-2.2139133092769e-13
-2.3962831324393e-13
-2.9407143057612e-13
-3.6892130594623e-13
-3.8968070649559e-13
-4.8883467805866e-13
-5.5429314818772e-13
-5.6095769512456e-13
-9.4152223258964e-13
-1.2823733014813e-12
-1.5581772545651e-12
-1.6363031663083e-12
-2.1585560226607e-12
-2.7688273194728e-12
-2.9187027155239e-12
-3.225791420145e-12
-3.4435199025904e-12
-3.6071693135282e-12
-4.0476434841931e-12
-4.6273384603488e-12
-5.0204122166125e-12
-5.0962254363213e-12
-6.0554400881465e-12
-6.6466048773192e-12
-7.3061454061669e-12
-7.6952766122955e-12
-8.1022555112333e-12
-8.422008139464e-12
-8.9655394679083e-12
-9.4705140000466e-12
-1.0063114354899e-11
-1.0428005996305e-11
-1.0457476958118e-11
-1.0831492780393e-11
-1.1265897494011e-11
-1.1474772552632e-11
-1.189864441451e-11
-1.2591164714209e-11
-1.3001581715149e-11
-1.3650430165761e-11
-1.403722287244e-11
-1.4212583996483e-11
-1.5128829565222e-11
-1.5559083150732e-11
-1.6160212857624e-11
-1.6479844554865e-11
-1.6982206681194e-11
-1.7756916234021e-11
-1.8112952190658e-11
-1.8913168797243e-11
-1.9316761240836e-11
-2.0144839309309e-11
-2.0790885654159e-11
-2.1145362915311e-11
-2.190185025004e-11
-2.2886725184029e-11
-2.3176484716693e-11
-2.4034239185204e-11
-2.466191809892e-11
-2.5203394521267e-11
-2.5666506388444e-11
-2.6367309399745e-11
-2.6859786218478e-11
-2.6995379484498e-11
-2.7780744526678e-11
-2.8305569532905e-11
-2.8851959379623e-11
-3.0612347793867e-11
-3.084214385917e-11
-3.1536612494111e-11
-3.2148787229204e-11
-3.2448496072077e-11
-3.2797585486977e-11
-3.2997194387572e-11
-3.3653634656962e-11
-3.4409505063685e-11
-3.4564426313131e-11
-3.5013709662359e-11
-3.616842797693e-11
-3.6452996151953e-11
-3.7105409015418e-11
-3.7547055222793e-11
-3.9288846867015e-11
-3.9512800568548e-11
-4.0464851426691e-11
-4.1079363241133e-11
-4.1751514637893e-11
-4.2187939243901e-11
-4.3294001032343e-11
-4.3408925329674e-11
-4.5213663432299e-11
-4.5892290920999e-11
-4.649146888435e-11
-4.6704154077042e-11
-4.8523400771449e-11
-4.9173423289285e-11
-5.0087037317204e-11
-5.0813266827498e-11
-5.1613833164721e-11
-5.1739364511646e-11
-5.3668345198119e-11
-5.4223603032983e-11
-5.6122472891744e-11
-5.7832059914093e-11
-5.8508276217766e-11
-5.9720159226432e-11
-6.1150749353474e-11
-6.3650089266611e-11
-6.4789028020701e-11
-6.8644173976989e-11
-7.1678095069307e-11
-1.2602645545195e-10
