# Region      : all 
# Cells       : 80000
# Volume      : 3.128689e+00
# Time        	weightedVolAverage(C)	weightedVolAverage(T)
0             	0.000000e+00	2.145000e+03
10000         	1.032750e-01	2.145000e+03
20000         	1.972534e-01	2.145000e+03
30000         	2.846479e-01	2.145000e+03
40000         	3.667800e-01	2.145000e+03
50000         	4.444463e-01	2.145000e+03
60000         	5.181942e-01	2.145000e+03
70000         	5.884308e-01	2.145000e+03
80000         	6.554751e-01	2.145000e+03
90000         	7.195860e-01	2.145000e+03
100000        	7.809796e-01	2.145000e+03
110000        	8.398396e-01	2.145000e+03
120000        	8.963255e-01	2.145000e+03
130000        	9.505770e-01	2.145000e+03
140000        	1.002718e+00	2.145000e+03
150000        	1.052861e+00	2.145000e+03
160000        	1.101106e+00	2.145000e+03
170000        	1.147544e+00	2.145000e+03
180000        	1.192260e+00	2.145000e+03
190000        	1.235333e+00	2.145000e+03
200000        	1.276832e+00	2.145000e+03
210000        	1.316827e+00	2.145000e+03
220000        	1.355378e+00	2.145000e+03
230000        	1.392546e+00	2.145000e+03
240000        	1.428386e+00	2.145000e+03
250000        	1.462949e+00	2.145000e+03
260000        	1.496285e+00	2.145000e+03
270000        	1.528442e+00	2.145000e+03
280000        	1.559464e+00	2.145000e+03
290000        	1.589392e+00	2.145000e+03
300000        	1.618269e+00	2.145000e+03
310000        	1.646132e+00	2.145000e+03
320000        	1.673019e+00	2.145000e+03
330000        	1.698965e+00	2.145000e+03
340000        	1.724004e+00	2.145000e+03
350000        	1.748168e+00	2.145000e+03
360000        	1.771489e+00	2.145000e+03
370000        	1.793997e+00	2.145000e+03
380000        	1.815721e+00	2.145000e+03
390000        	1.836688e+00	2.145000e+03
400000        	1.856926e+00	2.145000e+03
410000        	1.876460e+00	2.145000e+03
420000        	1.895314e+00	2.145000e+03
430000        	1.913513e+00	2.145000e+03
440000        	1.931080e+00	2.145000e+03
450000        	1.948036e+00	2.145000e+03
460000        	1.964403e+00	2.145000e+03
470000        	1.980202e+00	2.145000e+03
480000        	1.995453e+00	2.145000e+03
490000        	2.010175e+00	2.145000e+03
500000        	2.024385e+00	2.145000e+03
510000        	2.038103e+00	2.145000e+03
520000        	2.051344e+00	2.145000e+03
530000        	2.064126e+00	2.145000e+03
540000        	2.076464e+00	2.145000e+03
550000        	2.088375e+00	2.145000e+03
560000        	2.099872e+00	2.145000e+03
570000        	2.110971e+00	2.145000e+03
580000        	2.121684e+00	2.145000e+03
590000        	2.132026e+00	2.145000e+03
600000        	2.142010e+00	2.145000e+03
610000        	2.151647e+00	2.145000e+03
620000        	2.160950e+00	2.145000e+03
630000        	2.169930e+00	2.145000e+03
640000        	2.178599e+00	2.145000e+03
650000        	2.186968e+00	2.145000e+03
660000        	2.195046e+00	2.145000e+03
670000        	2.202845e+00	2.145000e+03
680000        	2.210373e+00	2.145000e+03
690000        	2.217640e+00	2.145000e+03
700000        	2.224655e+00	2.145000e+03
710000        	2.231426e+00	2.145000e+03
720000        	2.237964e+00	2.145000e+03
730000        	2.244274e+00	2.145000e+03
740000        	2.250366e+00	2.145000e+03
750000        	2.256246e+00	2.145000e+03
760000        	2.261923e+00	2.145000e+03
770000        	2.267403e+00	2.145000e+03
780000        	2.272693e+00	2.145000e+03
790000        	2.277800e+00	2.145000e+03
800000        	2.282729e+00	2.145000e+03
810000        	2.287488e+00	2.145000e+03
820000        	2.292082e+00	2.145000e+03
830000        	2.296517e+00	2.145000e+03
840000        	2.300798e+00	2.145000e+03
850000        	2.304930e+00	2.145000e+03
860000        	2.308919e+00	2.145000e+03
870000        	2.312770e+00	2.145000e+03
880000        	2.316488e+00	2.145000e+03
890000        	2.320077e+00	2.145000e+03
900000        	2.323541e+00	2.145000e+03
910000        	2.326885e+00	2.145000e+03
920000        	2.330114e+00	2.145000e+03
930000        	2.333231e+00	2.145000e+03
940000        	2.336240e+00	2.145000e+03
950000        	2.339145e+00	2.145000e+03
960000        	2.341948e+00	2.145000e+03
970000        	2.344655e+00	2.145000e+03
980000        	2.347268e+00	2.145000e+03
990000        	2.349790e+00	2.145000e+03
1e+06         	2.352225e+00	2.145000e+03
1.01e+06      	2.354575e+00	2.145000e+03
1.02e+06      	2.356844e+00	2.145000e+03
1.03e+06      	2.359034e+00	2.145000e+03
1.04e+06      	2.361149e+00	2.145000e+03
1.05e+06      	2.363190e+00	2.145000e+03
1.06e+06      	2.365160e+00	2.145000e+03
1.07e+06      	2.367062e+00	2.145000e+03
1.08e+06      	2.368898e+00	2.145000e+03
1.09e+06      	2.370671e+00	2.145000e+03
1.1e+06       	2.372382e+00	2.145000e+03
1.11e+06      	2.374033e+00	2.145000e+03
1.12e+06      	2.375628e+00	2.145000e+03
1.13e+06      	2.377167e+00	2.145000e+03
1.14e+06      	2.378653e+00	2.145000e+03
1.15e+06      	2.380087e+00	2.145000e+03
1.16e+06      	2.381472e+00	2.145000e+03
1.17e+06      	2.382809e+00	2.145000e+03
1.18e+06      	2.384099e+00	2.145000e+03
1.19e+06      	2.385345e+00	2.145000e+03
1.2e+06       	2.386547e+00	2.145000e+03
1.21e+06      	2.387708e+00	2.145000e+03
1.22e+06      	2.388829e+00	2.145000e+03
1.23e+06      	2.389911e+00	2.145000e+03
1.24e+06      	2.390955e+00	2.145000e+03
1.25e+06      	2.391963e+00	2.145000e+03
1.26e+06      	2.392936e+00	2.145000e+03
1.27e+06      	2.393876e+00	2.145000e+03
1.28e+06      	2.394783e+00	2.145000e+03
1.29e+06      	2.395658e+00	2.145000e+03
1.3e+06       	2.396503e+00	2.145000e+03
1.31e+06      	2.397319e+00	2.145000e+03
1.32e+06      	2.398107e+00	2.145000e+03
1.33e+06      	2.398867e+00	2.145000e+03
1.34e+06      	2.399601e+00	2.145000e+03
1.35e+06      	2.400310e+00	2.145000e+03
1.36e+06      	2.400994e+00	2.145000e+03
1.37e+06      	2.401654e+00	2.145000e+03
1.38e+06      	2.402292e+00	2.145000e+03
1.39e+06      	2.402907e+00	2.145000e+03
1.4e+06       	2.403501e+00	2.145000e+03
1.41e+06      	2.404074e+00	2.145000e+03
1.42e+06      	2.404628e+00	2.145000e+03
1.43e+06      	2.405162e+00	2.145000e+03
1.44e+06      	2.405678e+00	2.145000e+03
1.45e+06      	2.406176e+00	2.145000e+03
1.46e+06      	2.406657e+00	2.145000e+03
1.47e+06      	2.407121e+00	2.145000e+03
1.48e+06      	2.407569e+00	2.145000e+03
1.49e+06      	2.408001e+00	2.145000e+03
1.5e+06       	2.408419e+00	2.145000e+03
1.51e+06      	2.408822e+00	2.145000e+03
1.52e+06      	2.409211e+00	2.145000e+03
1.53e+06      	2.409586e+00	2.145000e+03
1.54e+06      	2.409949e+00	2.145000e+03
1.55e+06      	2.410299e+00	2.145000e+03
1.56e+06      	2.410636e+00	2.145000e+03
1.57e+06      	2.410962e+00	2.145000e+03
1.58e+06      	2.411277e+00	2.145000e+03
1.59e+06      	2.411581e+00	2.145000e+03
1.6e+06       	2.411874e+00	2.145000e+03
1.61e+06      	2.412157e+00	2.145000e+03
1.62e+06      	2.412431e+00	2.145000e+03
1.63e+06      	2.412694e+00	2.145000e+03
1.64e+06      	2.412949e+00	2.145000e+03
1.65e+06      	2.413195e+00	2.145000e+03
1.66e+06      	2.413432e+00	2.145000e+03
1.67e+06      	2.413662e+00	2.145000e+03
1.68e+06      	2.413883e+00	2.145000e+03
1.69e+06      	2.414097e+00	2.145000e+03
1.7e+06       	2.414303e+00	2.145000e+03
1.71e+06      	2.414502e+00	2.145000e+03
1.72e+06      	2.414693e+00	2.145000e+03
1.73e+06      	2.414879e+00	2.145000e+03
1.74e+06      	2.415058e+00	2.145000e+03
1.75e+06      	2.415230e+00	2.145000e+03
1.76e+06      	2.415398e+00	2.145000e+03
1.77e+06      	2.415559e+00	2.145000e+03
1.78e+06      	2.415714e+00	2.145000e+03
1.79e+06      	2.415863e+00	2.145000e+03
1.8e+06       	2.416008e+00	2.145000e+03
1.81e+06      	2.416148e+00	2.145000e+03
1.82e+06      	2.416283e+00	2.145000e+03
1.83e+06      	2.416413e+00	2.145000e+03
1.84e+06      	2.416539e+00	2.145000e+03
1.85e+06      	2.416660e+00	2.145000e+03
1.86e+06      	2.416778e+00	2.145000e+03
1.87e+06      	2.416891e+00	2.145000e+03
1.88e+06      	2.417001e+00	2.145000e+03
1.89e+06      	2.417106e+00	2.145000e+03
1.9e+06       	2.417208e+00	2.145000e+03
1.91e+06      	2.417307e+00	2.145000e+03
1.92e+06      	2.417401e+00	2.145000e+03
1.93e+06      	2.417493e+00	2.145000e+03
1.94e+06      	2.417582e+00	2.145000e+03
1.95e+06      	2.417668e+00	2.145000e+03
1.96e+06      	2.417752e+00	2.145000e+03
1.97e+06      	2.417832e+00	2.145000e+03
1.98e+06      	2.417910e+00	2.145000e+03
1.99e+06      	2.417984e+00	2.145000e+03
2e+06         	2.418057e+00	2.145000e+03
2.01e+06      	2.418126e+00	2.145000e+03
2.02e+06      	2.418193e+00	2.145000e+03
2.03e+06      	2.418258e+00	2.145000e+03
2.04e+06      	2.418321e+00	2.145000e+03
2.05e+06      	2.418381e+00	2.145000e+03
2.06e+06      	2.418439e+00	2.145000e+03
2.07e+06      	2.418495e+00	2.145000e+03
2.08e+06      	2.418549e+00	2.145000e+03
2.09e+06      	2.418601e+00	2.145000e+03
2.1e+06       	2.418652e+00	2.145000e+03
2.11e+06      	2.418701e+00	2.145000e+03
2.12e+06      	2.418748e+00	2.145000e+03
2.13e+06      	2.418792e+00	2.145000e+03
2.14e+06      	2.418835e+00	2.145000e+03
2.15e+06      	2.418878e+00	2.145000e+03
2.16e+06      	2.418918e+00	2.145000e+03
2.17e+06      	2.418957e+00	2.145000e+03
2.18e+06      	2.418994e+00	2.145000e+03
2.19e+06      	2.419030e+00	2.145000e+03
2.2e+06       	2.419064e+00	2.145000e+03
2.21e+06      	2.419096e+00	2.145000e+03
2.22e+06      	2.419127e+00	2.145000e+03
2.23e+06      	2.419157e+00	2.145000e+03
2.24e+06      	2.419186e+00	2.145000e+03
2.25e+06      	2.419213e+00	2.145000e+03
2.26e+06      	2.419240e+00	2.145000e+03
2.27e+06      	2.419265e+00	2.145000e+03
2.28e+06      	2.419290e+00	2.145000e+03
2.29e+06      	2.419313e+00	2.145000e+03
2.3e+06       	2.419336e+00	2.145000e+03
2.31e+06      	2.419358e+00	2.145000e+03
2.32e+06      	2.419380e+00	2.145000e+03
2.33e+06      	2.419401e+00	2.145000e+03
2.34e+06      	2.419421e+00	2.145000e+03
2.35e+06      	2.419440e+00	2.145000e+03
2.36e+06      	2.419459e+00	2.145000e+03
2.37e+06      	2.419477e+00	2.145000e+03
2.38e+06      	2.419495e+00	2.145000e+03
2.39e+06      	2.419512e+00	2.145000e+03
2.4e+06       	2.419529e+00	2.145000e+03
2.41e+06      	2.419545e+00	2.145000e+03
2.42e+06      	2.419560e+00	2.145000e+03
2.43e+06      	2.419576e+00	2.145000e+03
2.44e+06      	2.419590e+00	2.145000e+03
2.45e+06      	2.419604e+00	2.145000e+03
2.46e+06      	2.419618e+00	2.145000e+03
2.47e+06      	2.419631e+00	2.145000e+03
2.48e+06      	2.419644e+00	2.145000e+03
2.49e+06      	2.419657e+00	2.145000e+03
2.5e+06       	2.419669e+00	2.145000e+03
2.51e+06      	2.419681e+00	2.145000e+03
2.52e+06      	2.419692e+00	2.145000e+03
2.53e+06      	2.419703e+00	2.145000e+03
2.54e+06      	2.419714e+00	2.145000e+03
2.55e+06      	2.419724e+00	2.145000e+03
2.56e+06      	2.419734e+00	2.145000e+03
2.57e+06      	2.419744e+00	2.145000e+03
2.58e+06      	2.419753e+00	2.145000e+03
2.59e+06      	2.419763e+00	2.145000e+03
2.6e+06       	2.419771e+00	2.145000e+03
2.61e+06      	2.419780e+00	2.145000e+03
2.62e+06      	2.419788e+00	2.145000e+03
2.63e+06      	2.419796e+00	2.145000e+03
2.64e+06      	2.419804e+00	2.145000e+03
2.65e+06      	2.419812e+00	2.145000e+03
2.66e+06      	2.419819e+00	2.145000e+03
2.67e+06      	2.419826e+00	2.145000e+03
2.68e+06      	2.419833e+00	2.145000e+03
2.69e+06      	2.419840e+00	2.145000e+03
2.7e+06       	2.419846e+00	2.145000e+03
2.71e+06      	2.419853e+00	2.145000e+03
2.72e+06      	2.419859e+00	2.145000e+03
2.73e+06      	2.419865e+00	2.145000e+03
2.74e+06      	2.419870e+00	2.145000e+03
2.75e+06      	2.419876e+00	2.145000e+03
2.76e+06      	2.419881e+00	2.145000e+03
2.77e+06      	2.419887e+00	2.145000e+03
2.78e+06      	2.419892e+00	2.145000e+03
2.79e+06      	2.419896e+00	2.145000e+03
2.8e+06       	2.419901e+00	2.145000e+03
2.81e+06      	2.419906e+00	2.145000e+03
2.82e+06      	2.419910e+00	2.145000e+03
2.83e+06      	2.419915e+00	2.145000e+03
2.84e+06      	2.419919e+00	2.145000e+03
2.85e+06      	2.419923e+00	2.145000e+03
2.86e+06      	2.419923e+00	2.145000e+03
2.87e+06      	2.419923e+00	2.145000e+03
2.88e+06      	2.419923e+00	2.145000e+03
2.89e+06      	2.419923e+00	2.145000e+03
2.9e+06       	2.419923e+00	2.145000e+03
2.91e+06      	2.419923e+00	2.145000e+03
2.92e+06      	2.419923e+00	2.145000e+03
2.93e+06      	2.419923e+00	2.145000e+03
2.94e+06      	2.419923e+00	2.145000e+03
2.95e+06      	2.419923e+00	2.145000e+03
2.96e+06      	2.419923e+00	2.145000e+03
2.97e+06      	2.419923e+00	2.145000e+03
2.98e+06      	2.419923e+00	2.145000e+03
2.99e+06      	2.419923e+00	2.145000e+03
3e+06         	2.419923e+00	2.145000e+03
3.01e+06      	2.419923e+00	2.145000e+03
3.02e+06      	2.419923e+00	2.145000e+03
3.03e+06      	2.419923e+00	2.145000e+03
3.04e+06      	2.419923e+00	2.145000e+03
3.05e+06      	2.419923e+00	2.145000e+03
3.06e+06      	2.419923e+00	2.145000e+03
3.07e+06      	2.419923e+00	2.145000e+03
3.08e+06      	2.419923e+00	2.145000e+03
3.09e+06      	2.419923e+00	2.145000e+03
3.1e+06       	2.419923e+00	2.145000e+03
3.11e+06      	2.419923e+00	2.145000e+03
3.12e+06      	2.419923e+00	2.145000e+03
3.13e+06      	2.419923e+00	2.145000e+03
3.14e+06      	2.419923e+00	2.145000e+03
3.15e+06      	2.419923e+00	2.145000e+03
3.16e+06      	2.419923e+00	2.145000e+03
3.17e+06      	2.419923e+00	2.145000e+03
3.18e+06      	2.419923e+00	2.145000e+03
3.19e+06      	2.419923e+00	2.145000e+03
3.2e+06       	2.419923e+00	2.145000e+03
3.21e+06      	2.419923e+00	2.145000e+03
3.22e+06      	2.419923e+00	2.145000e+03
3.23e+06      	2.419923e+00	2.145000e+03
3.24e+06      	2.419923e+00	2.145000e+03
3.25e+06      	2.419923e+00	2.145000e+03
3.26e+06      	2.419923e+00	2.145000e+03
3.27e+06      	2.419923e+00	2.145000e+03
3.28e+06      	2.419923e+00	2.145000e+03
3.29e+06      	2.419923e+00	2.145000e+03
3.3e+06       	2.419923e+00	2.145000e+03
3.31e+06      	2.419923e+00	2.145000e+03
3.32e+06      	2.419923e+00	2.145000e+03
3.33e+06      	2.419923e+00	2.145000e+03
3.34e+06      	2.419923e+00	2.145000e+03
3.35e+06      	2.419923e+00	2.145000e+03
3.36e+06      	2.419923e+00	2.145000e+03
3.37e+06      	2.419923e+00	2.145000e+03
3.38e+06      	2.419923e+00	2.145000e+03
3.39e+06      	2.419923e+00	2.145000e+03
3.4e+06       	2.419923e+00	2.145000e+03
3.41e+06      	2.419923e+00	2.145000e+03
3.42e+06      	2.419923e+00	2.145000e+03
3.43e+06      	2.419923e+00	2.145000e+03
3.44e+06      	2.419923e+00	2.145000e+03
3.45e+06      	2.419923e+00	2.145000e+03
3.46e+06      	2.419923e+00	2.145000e+03
3.47e+06      	2.419923e+00	2.145000e+03
3.48e+06      	2.419923e+00	2.145000e+03
3.49e+06      	2.419923e+00	2.145000e+03
3.5e+06       	2.419923e+00	2.145000e+03
3.51e+06      	2.419923e+00	2.145000e+03
3.52e+06      	2.419923e+00	2.145000e+03
3.53e+06      	2.419923e+00	2.145000e+03
3.54e+06      	2.419923e+00	2.145000e+03
3.55e+06      	2.419923e+00	2.145000e+03
3.56e+06      	2.419923e+00	2.145000e+03
3.57e+06      	2.419923e+00	2.145000e+03
3.58e+06      	2.419923e+00	2.145000e+03
3.59e+06      	2.419923e+00	2.145000e+03
3.6e+06       	2.419923e+00	2.145000e+03
3.61e+06      	2.419923e+00	2.145000e+03
3.62e+06      	2.419923e+00	2.145000e+03
3.63e+06      	2.419923e+00	2.145000e+03
3.64e+06      	2.419923e+00	2.145000e+03
3.65e+06      	2.419923e+00	2.145000e+03
3.66e+06      	2.419923e+00	2.145000e+03
3.67e+06      	2.419923e+00	2.145000e+03
3.68e+06      	2.419923e+00	2.145000e+03
3.69e+06      	2.419923e+00	2.145000e+03
3.7e+06       	2.419923e+00	2.145000e+03
3.71e+06      	2.419923e+00	2.145000e+03
3.72e+06      	2.419923e+00	2.145000e+03
3.73e+06      	2.419923e+00	2.145000e+03
3.74e+06      	2.419923e+00	2.145000e+03
3.75e+06      	2.419923e+00	2.145000e+03
3.76e+06      	2.419923e+00	2.145000e+03
3.77e+06      	2.419923e+00	2.145000e+03
3.78e+06      	2.419923e+00	2.145000e+03
3.79e+06      	2.419923e+00	2.145000e+03
3.8e+06       	2.419923e+00	2.145000e+03
3.81e+06      	2.419923e+00	2.145000e+03
3.82e+06      	2.419923e+00	2.145000e+03
3.83e+06      	2.419923e+00	2.145000e+03
3.84e+06      	2.419923e+00	2.145000e+03
3.85e+06      	2.419923e+00	2.145000e+03
3.86e+06      	2.419923e+00	2.145000e+03
3.87e+06      	2.419923e+00	2.145000e+03
3.88e+06      	2.419923e+00	2.145000e+03
3.89e+06      	2.419923e+00	2.145000e+03
3.9e+06       	2.419923e+00	2.145000e+03
3.91e+06      	2.419923e+00	2.145000e+03
3.92e+06      	2.419923e+00	2.145000e+03
3.93e+06      	2.419923e+00	2.145000e+03
3.94e+06      	2.419923e+00	2.145000e+03
3.95e+06      	2.419923e+00	2.145000e+03
3.96e+06      	2.419923e+00	2.145000e+03
3.97e+06      	2.419923e+00	2.145000e+03
3.98e+06      	2.419923e+00	2.145000e+03
3.99e+06      	2.419923e+00	2.145000e+03
4e+06         	2.419923e+00	2.145000e+03
4.01e+06      	2.419923e+00	2.145000e+03
4.02e+06      	2.419923e+00	2.145000e+03
4.03e+06      	2.419923e+00	2.145000e+03
4.04e+06      	2.419923e+00	2.145000e+03
4.05e+06      	2.419923e+00	2.145000e+03
4.06e+06      	2.419923e+00	2.145000e+03
4.07e+06      	2.419923e+00	2.145000e+03
4.08e+06      	2.419923e+00	2.145000e+03
4.09e+06      	2.419923e+00	2.145000e+03
4.1e+06       	2.419923e+00	2.145000e+03
4.11e+06      	2.419923e+00	2.145000e+03
4.12e+06      	2.419923e+00	2.145000e+03
4.13e+06      	2.419923e+00	2.145000e+03
4.14e+06      	2.419923e+00	2.145000e+03
4.15e+06      	2.419923e+00	2.145000e+03
4.16e+06      	2.419923e+00	2.145000e+03
4.17e+06      	2.419923e+00	2.145000e+03
4.18e+06      	2.419923e+00	2.145000e+03
4.19e+06      	2.419923e+00	2.145000e+03
4.2e+06       	2.419923e+00	2.145000e+03
4.21e+06      	2.419923e+00	2.145000e+03
4.22e+06      	2.419923e+00	2.145000e+03
4.23e+06      	2.419923e+00	2.145000e+03
4.24e+06      	2.419923e+00	2.145000e+03
4.25e+06      	2.419923e+00	2.145000e+03
4.26e+06      	2.419923e+00	2.145000e+03
4.27e+06      	2.419923e+00	2.145000e+03
4.28e+06      	2.419923e+00	2.145000e+03
4.29e+06      	2.419923e+00	2.145000e+03
4.3e+06       	2.419923e+00	2.145000e+03
4.31e+06      	2.419923e+00	2.145000e+03
4.32e+06      	2.419923e+00	2.145000e+03
4.33e+06      	2.419923e+00	2.145000e+03
4.34e+06      	2.419923e+00	2.145000e+03
4.35e+06      	2.419923e+00	2.145000e+03
4.36e+06      	2.419923e+00	2.145000e+03
4.37e+06      	2.419923e+00	2.145000e+03
4.38e+06      	2.419923e+00	2.145000e+03
4.39e+06      	2.419923e+00	2.145000e+03
4.4e+06       	2.419923e+00	2.145000e+03
4.41e+06      	2.419923e+00	2.145000e+03
4.42e+06      	2.419923e+00	2.145000e+03
4.43e+06      	2.419923e+00	2.145000e+03
4.44e+06      	2.419923e+00	2.145000e+03
4.45e+06      	2.419923e+00	2.145000e+03
4.46e+06      	2.419923e+00	2.145000e+03
4.47e+06      	2.419923e+00	2.145000e+03
4.48e+06      	2.419923e+00	2.145000e+03
4.49e+06      	2.419923e+00	2.145000e+03
4.5e+06       	2.419923e+00	2.145000e+03
4.51e+06      	2.419923e+00	2.145000e+03
4.52e+06      	2.419923e+00	2.145000e+03
4.53e+06      	2.419923e+00	2.145000e+03
4.54e+06      	2.419923e+00	2.145000e+03
4.55e+06      	2.419923e+00	2.145000e+03
4.56e+06      	2.419923e+00	2.145000e+03
4.57e+06      	2.419923e+00	2.145000e+03
4.58e+06      	2.419923e+00	2.145000e+03
4.59e+06      	2.419923e+00	2.145000e+03
4.6e+06       	2.419923e+00	2.145000e+03
4.61e+06      	2.419923e+00	2.145000e+03
4.62e+06      	2.419923e+00	2.145000e+03
4.63e+06      	2.419923e+00	2.145000e+03
4.64e+06      	2.419923e+00	2.145000e+03
4.65e+06      	2.419923e+00	2.145000e+03
4.66e+06      	2.419923e+00	2.145000e+03
4.67e+06      	2.419923e+00	2.145000e+03
4.68e+06      	2.419923e+00	2.145000e+03
4.69e+06      	2.419923e+00	2.145000e+03
4.7e+06       	2.419923e+00	2.145000e+03
4.71e+06      	2.419923e+00	2.145000e+03
4.72e+06      	2.419923e+00	2.145000e+03
4.73e+06      	2.419923e+00	2.145000e+03
4.74e+06      	2.419923e+00	2.145000e+03
4.75e+06      	2.419923e+00	2.145000e+03
4.76e+06      	2.419923e+00	2.145000e+03
4.77e+06      	2.419923e+00	2.145000e+03
4.78e+06      	2.419923e+00	2.145000e+03
4.79e+06      	2.419923e+00	2.145000e+03
4.8e+06       	2.419923e+00	2.145000e+03
4.81e+06      	2.419923e+00	2.145000e+03
4.82e+06      	2.419923e+00	2.145000e+03
4.83e+06      	2.419923e+00	2.145000e+03
4.84e+06      	2.419923e+00	2.145000e+03
4.85e+06      	2.419923e+00	2.145000e+03
4.86e+06      	2.419923e+00	2.145000e+03
4.87e+06      	2.419923e+00	2.145000e+03
4.88e+06      	2.419923e+00	2.145000e+03
4.89e+06      	2.419923e+00	2.145000e+03
4.9e+06       	2.419923e+00	2.145000e+03
4.91e+06      	2.419923e+00	2.145000e+03
4.92e+06      	2.419923e+00	2.145000e+03
4.93e+06      	2.419923e+00	2.145000e+03
4.94e+06      	2.419923e+00	2.145000e+03
4.95e+06      	2.419923e+00	2.145000e+03
4.96e+06      	2.419923e+00	2.145000e+03
4.97e+06      	2.419923e+00	2.145000e+03
4.98e+06      	2.419923e+00	2.145000e+03
4.99e+06      	2.419923e+00	2.145000e+03
5e+06         	2.419923e+00	2.145000e+03
5.01e+06      	2.419923e+00	2.145000e+03
5.02e+06      	2.419923e+00	2.145000e+03
5.03e+06      	2.419923e+00	2.145000e+03
5.04e+06      	2.419923e+00	2.145000e+03
5.05e+06      	2.419923e+00	2.145000e+03
5.06e+06      	2.419923e+00	2.145000e+03
5.07e+06      	2.419923e+00	2.145000e+03
5.08e+06      	2.419923e+00	2.145000e+03
5.09e+06      	2.419923e+00	2.145000e+03
5.1e+06       	2.419923e+00	2.145000e+03
5.11e+06      	2.419923e+00	2.145000e+03
5.12e+06      	2.419923e+00	2.145000e+03
5.13e+06      	2.419923e+00	2.145000e+03
5.14e+06      	2.419923e+00	2.145000e+03
5.15e+06      	2.419923e+00	2.145000e+03
5.16e+06      	2.419923e+00	2.145000e+03
5.17e+06      	2.419923e+00	2.145000e+03
5.18e+06      	2.419923e+00	2.145000e+03
5.19e+06      	2.419923e+00	2.145000e+03
5.2e+06       	2.419923e+00	2.145000e+03
5.21e+06      	2.419923e+00	2.145000e+03
5.22e+06      	2.419923e+00	2.145000e+03
5.23e+06      	2.419923e+00	2.145000e+03
5.24e+06      	2.419923e+00	2.145000e+03
5.25e+06      	2.419923e+00	2.145000e+03
5.26e+06      	2.419923e+00	2.145000e+03
5.27e+06      	2.419923e+00	2.145000e+03
5.28e+06      	2.419923e+00	2.145000e+03
5.29e+06      	2.419923e+00	2.145000e+03
5.3e+06       	2.419923e+00	2.145000e+03
5.31e+06      	2.419923e+00	2.145000e+03
5.32e+06      	2.419923e+00	2.145000e+03
5.33e+06      	2.419923e+00	2.145000e+03
5.34e+06      	2.419923e+00	2.145000e+03
5.35e+06      	2.419923e+00	2.145000e+03
5.36e+06      	2.419923e+00	2.145000e+03
5.37e+06      	2.419923e+00	2.145000e+03
5.38e+06      	2.419923e+00	2.145000e+03
5.39e+06      	2.419923e+00	2.145000e+03
5.4e+06       	2.419923e+00	2.145000e+03
5.41e+06      	2.419923e+00	2.145000e+03
5.42e+06      	2.419923e+00	2.145000e+03
5.43e+06      	2.419923e+00	2.145000e+03
5.44e+06      	2.419923e+00	2.145000e+03
5.45e+06      	2.419923e+00	2.145000e+03
5.46e+06      	2.419923e+00	2.145000e+03
5.47e+06      	2.419923e+00	2.145000e+03
5.48e+06      	2.419923e+00	2.145000e+03
5.49e+06      	2.419923e+00	2.145000e+03
5.5e+06       	2.419923e+00	2.145000e+03
5.51e+06      	2.419923e+00	2.145000e+03
5.52e+06      	2.419923e+00	2.145000e+03
5.53e+06      	2.419923e+00	2.145000e+03
5.54e+06      	2.419923e+00	2.145000e+03
5.55e+06      	2.419923e+00	2.145000e+03
5.56e+06      	2.419923e+00	2.145000e+03
5.57e+06      	2.419923e+00	2.145000e+03
5.58e+06      	2.419923e+00	2.145000e+03
5.59e+06      	2.419923e+00	2.145000e+03
5.6e+06       	2.419923e+00	2.145000e+03
5.61e+06      	2.419923e+00	2.145000e+03
5.62e+06      	2.419923e+00	2.145000e+03
5.63e+06      	2.419923e+00	2.145000e+03
5.64e+06      	2.419923e+00	2.145000e+03
5.65e+06      	2.419923e+00	2.145000e+03
5.66e+06      	2.419923e+00	2.145000e+03
5.67e+06      	2.419923e+00	2.145000e+03
5.68e+06      	2.419923e+00	2.145000e+03
5.69e+06      	2.419923e+00	2.145000e+03
5.7e+06       	2.419923e+00	2.145000e+03
5.71e+06      	2.419923e+00	2.145000e+03
5.72e+06      	2.419923e+00	2.145000e+03
5.73e+06      	2.419923e+00	2.145000e+03
5.74e+06      	2.419923e+00	2.145000e+03
5.75e+06      	2.419923e+00	2.145000e+03
5.76e+06      	2.419923e+00	2.145000e+03
5.77e+06      	2.419923e+00	2.145000e+03
5.78e+06      	2.419923e+00	2.145000e+03
5.79e+06      	2.419923e+00	2.145000e+03
5.8e+06       	2.419923e+00	2.145000e+03
5.81e+06      	2.419923e+00	2.145000e+03
5.82e+06      	2.419923e+00	2.145000e+03
5.83e+06      	2.419923e+00	2.145000e+03
5.84e+06      	2.419923e+00	2.145000e+03
5.85e+06      	2.419923e+00	2.145000e+03
5.86e+06      	2.419923e+00	2.145000e+03
5.87e+06      	2.419923e+00	2.145000e+03
5.88e+06      	2.419923e+00	2.145000e+03
5.89e+06      	2.419923e+00	2.145000e+03
5.9e+06       	2.419923e+00	2.145000e+03
5.91e+06      	2.419923e+00	2.145000e+03
5.92e+06      	2.419923e+00	2.145000e+03
5.93e+06      	2.419923e+00	2.145000e+03
5.94e+06      	2.419923e+00	2.145000e+03
5.95e+06      	2.419923e+00	2.145000e+03
5.96e+06      	2.419923e+00	2.145000e+03
5.97e+06      	2.419923e+00	2.145000e+03
5.98e+06      	2.419923e+00	2.145000e+03
5.99e+06      	2.419923e+00	2.145000e+03
6e+06         	2.419923e+00	2.145000e+03
6.01e+06      	2.419923e+00	2.145000e+03
6.02e+06      	2.419923e+00	2.145000e+03
6.03e+06      	2.419923e+00	2.145000e+03
6.04e+06      	2.419923e+00	2.145000e+03
6.05e+06      	2.419923e+00	2.145000e+03
6.06e+06      	2.419923e+00	2.145000e+03
6.07e+06      	2.419923e+00	2.145000e+03
6.08e+06      	2.419923e+00	2.145000e+03
6.09e+06      	2.419923e+00	2.145000e+03
6.1e+06       	2.419923e+00	2.145000e+03
6.11e+06      	2.419923e+00	2.145000e+03
6.12e+06      	2.419923e+00	2.145000e+03
6.13e+06      	2.419923e+00	2.145000e+03
6.14e+06      	2.419923e+00	2.145000e+03
6.15e+06      	2.419923e+00	2.145000e+03
6.16e+06      	2.419923e+00	2.145000e+03
6.17e+06      	2.419923e+00	2.145000e+03
6.18e+06      	2.419923e+00	2.145000e+03
6.19e+06      	2.419923e+00	2.145000e+03
6.2e+06       	2.419923e+00	2.145000e+03
6.21e+06      	2.419923e+00	2.145000e+03
6.22e+06      	2.419923e+00	2.145000e+03
6.23e+06      	2.419923e+00	2.145000e+03
6.24e+06      	2.419923e+00	2.145000e+03
6.25e+06      	2.419923e+00	2.145000e+03
6.26e+06      	2.419923e+00	2.145000e+03
6.27e+06      	2.419923e+00	2.145000e+03
6.28e+06      	2.419923e+00	2.145000e+03
6.29e+06      	2.419923e+00	2.145000e+03
6.3e+06       	2.419923e+00	2.145000e+03
6.31e+06      	2.419923e+00	2.145000e+03
6.32e+06      	2.419923e+00	2.145000e+03
6.33e+06      	2.419923e+00	2.145000e+03
6.34e+06      	2.419923e+00	2.145000e+03
6.35e+06      	2.419923e+00	2.145000e+03
6.36e+06      	2.419923e+00	2.145000e+03
6.37e+06      	2.419923e+00	2.145000e+03
6.38e+06      	2.419923e+00	2.145000e+03
6.39e+06      	2.419923e+00	2.145000e+03
6.4e+06       	2.419923e+00	2.145000e+03
6.41e+06      	2.419923e+00	2.145000e+03
6.42e+06      	2.419923e+00	2.145000e+03
6.43e+06      	2.419923e+00	2.145000e+03
6.44e+06      	2.419923e+00	2.145000e+03
6.45e+06      	2.419923e+00	2.145000e+03
6.46e+06      	2.419923e+00	2.145000e+03
6.47e+06      	2.419923e+00	2.145000e+03
6.48e+06      	2.419923e+00	2.145000e+03
6.49e+06      	2.419923e+00	2.145000e+03
6.5e+06       	2.419923e+00	2.145000e+03
6.51e+06      	2.419923e+00	2.145000e+03
6.52e+06      	2.419923e+00	2.145000e+03
6.53e+06      	2.419923e+00	2.145000e+03
6.54e+06      	2.419923e+00	2.145000e+03
6.55e+06      	2.419923e+00	2.145000e+03
6.56e+06      	2.419923e+00	2.145000e+03
6.57e+06      	2.419923e+00	2.145000e+03
6.58e+06      	2.419923e+00	2.145000e+03
6.59e+06      	2.419923e+00	2.145000e+03
6.6e+06       	2.419923e+00	2.145000e+03
6.61e+06      	2.419923e+00	2.145000e+03
6.62e+06      	2.419923e+00	2.145000e+03
6.63e+06      	2.419923e+00	2.145000e+03
6.64e+06      	2.419923e+00	2.145000e+03
6.65e+06      	2.419923e+00	2.145000e+03
6.66e+06      	2.419923e+00	2.145000e+03
6.67e+06      	2.419923e+00	2.145000e+03
6.68e+06      	2.419923e+00	2.145000e+03
6.69e+06      	2.419923e+00	2.145000e+03
6.7e+06       	2.419923e+00	2.145000e+03
6.71e+06      	2.419923e+00	2.145000e+03
6.72e+06      	2.419923e+00	2.145000e+03
6.73e+06      	2.419923e+00	2.145000e+03
6.74e+06      	2.419923e+00	2.145000e+03
6.75e+06      	2.419923e+00	2.145000e+03
6.76e+06      	2.419923e+00	2.145000e+03
6.77e+06      	2.419923e+00	2.145000e+03
6.78e+06      	2.419923e+00	2.145000e+03
6.79e+06      	2.419923e+00	2.145000e+03
6.8e+06       	2.419923e+00	2.145000e+03
6.81e+06      	2.419923e+00	2.145000e+03
6.82e+06      	2.419923e+00	2.145000e+03
6.83e+06      	2.419923e+00	2.145000e+03
6.84e+06      	2.419923e+00	2.145000e+03
6.85e+06      	2.419923e+00	2.145000e+03
6.86e+06      	2.419923e+00	2.145000e+03
6.87e+06      	2.419923e+00	2.145000e+03
6.88e+06      	2.419923e+00	2.145000e+03
6.89e+06      	2.419923e+00	2.145000e+03
6.9e+06       	2.419923e+00	2.145000e+03
6.91e+06      	2.419923e+00	2.145000e+03
6.92e+06      	2.419923e+00	2.145000e+03
6.93e+06      	2.419923e+00	2.145000e+03
6.94e+06      	2.419923e+00	2.145000e+03
6.95e+06      	2.419923e+00	2.145000e+03
6.96e+06      	2.419923e+00	2.145000e+03
6.97e+06      	2.419923e+00	2.145000e+03
6.98e+06      	2.419923e+00	2.145000e+03
6.99e+06      	2.419923e+00	2.145000e+03
7e+06         	2.419923e+00	2.145000e+03
7.01e+06      	2.419923e+00	2.145000e+03
7.02e+06      	2.419923e+00	2.145000e+03
7.03e+06      	2.419923e+00	2.145000e+03
7.04e+06      	2.419923e+00	2.145000e+03
7.05e+06      	2.419923e+00	2.145000e+03
7.06e+06      	2.419923e+00	2.145000e+03
7.07e+06      	2.419923e+00	2.145000e+03
7.08e+06      	2.419923e+00	2.145000e+03
7.09e+06      	2.419923e+00	2.145000e+03
7.1e+06       	2.419923e+00	2.145000e+03
7.11e+06      	2.419923e+00	2.145000e+03
7.12e+06      	2.419923e+00	2.145000e+03
7.13e+06      	2.419923e+00	2.145000e+03
7.14e+06      	2.419923e+00	2.145000e+03
7.15e+06      	2.419923e+00	2.145000e+03
7.16e+06      	2.419923e+00	2.145000e+03
7.17e+06      	2.419923e+00	2.145000e+03
7.18e+06      	2.419923e+00	2.145000e+03
7.19e+06      	2.419923e+00	2.145000e+03
7.2e+06       	2.419923e+00	2.145000e+03
7.21e+06      	2.419923e+00	2.145000e+03
7.22e+06      	2.419923e+00	2.145000e+03
7.23e+06      	2.419923e+00	2.145000e+03
7.24e+06      	2.419923e+00	2.145000e+03
7.25e+06      	2.419923e+00	2.145000e+03
7.26e+06      	2.419923e+00	2.145000e+03
7.27e+06      	2.419923e+00	2.145000e+03
7.28e+06      	2.419923e+00	2.145000e+03
7.29e+06      	2.419923e+00	2.145000e+03
7.3e+06       	2.419923e+00	2.145000e+03
7.31e+06      	2.419923e+00	2.145000e+03
7.32e+06      	2.419923e+00	2.145000e+03
7.33e+06      	2.419923e+00	2.145000e+03
7.34e+06      	2.419923e+00	2.145000e+03
7.35e+06      	2.419923e+00	2.145000e+03
7.36e+06      	2.419923e+00	2.145000e+03
7.37e+06      	2.419923e+00	2.145000e+03
7.38e+06      	2.419923e+00	2.145000e+03
7.39e+06      	2.419923e+00	2.145000e+03
7.4e+06       	2.419923e+00	2.145000e+03
7.41e+06      	2.419923e+00	2.145000e+03
7.42e+06      	2.419923e+00	2.145000e+03
7.43e+06      	2.419923e+00	2.145000e+03
7.44e+06      	2.419923e+00	2.145000e+03
7.45e+06      	2.419923e+00	2.145000e+03
7.46e+06      	2.419923e+00	2.145000e+03
7.47e+06      	2.419923e+00	2.145000e+03
7.48e+06      	2.419923e+00	2.145000e+03
7.49e+06      	2.419923e+00	2.145000e+03
7.5e+06       	2.419923e+00	2.145000e+03
7.51e+06      	2.419923e+00	2.145000e+03
7.52e+06      	2.419923e+00	2.145000e+03
7.53e+06      	2.419923e+00	2.145000e+03
7.54e+06      	2.419923e+00	2.145000e+03
7.55e+06      	2.419923e+00	2.145000e+03
7.56e+06      	2.419923e+00	2.145000e+03
7.57e+06      	2.419923e+00	2.145000e+03
7.58e+06      	2.419923e+00	2.145000e+03
7.59e+06      	2.419923e+00	2.145000e+03
7.6e+06       	2.419923e+00	2.145000e+03
7.61e+06      	2.419923e+00	2.145000e+03
7.62e+06      	2.419923e+00	2.145000e+03
7.63e+06      	2.419923e+00	2.145000e+03
7.64e+06      	2.419923e+00	2.145000e+03
7.65e+06      	2.419923e+00	2.145000e+03
7.66e+06      	2.419923e+00	2.145000e+03
7.67e+06      	2.419923e+00	2.145000e+03
7.68e+06      	2.419923e+00	2.145000e+03
7.69e+06      	2.419923e+00	2.145000e+03
7.7e+06       	2.419923e+00	2.145000e+03
7.71e+06      	2.419923e+00	2.145000e+03
7.72e+06      	2.419923e+00	2.145000e+03
7.73e+06      	2.419923e+00	2.145000e+03
7.74e+06      	2.419923e+00	2.145000e+03
7.75e+06      	2.419923e+00	2.145000e+03
7.76e+06      	2.419923e+00	2.145000e+03
7.77e+06      	2.419923e+00	2.145000e+03
7.78e+06      	2.419923e+00	2.145000e+03
7.79e+06      	2.419923e+00	2.145000e+03
7.8e+06       	2.419923e+00	2.145000e+03
7.81e+06      	2.419923e+00	2.145000e+03
7.82e+06      	2.419923e+00	2.145000e+03
7.83e+06      	2.419923e+00	2.145000e+03
7.84e+06      	2.419923e+00	2.145000e+03
7.85e+06      	2.419923e+00	2.145000e+03
7.86e+06      	2.419923e+00	2.145000e+03
7.87e+06      	2.419923e+00	2.145000e+03
7.88e+06      	2.419923e+00	2.145000e+03
7.89e+06      	2.419923e+00	2.145000e+03
7.9e+06       	2.419923e+00	2.145000e+03
7.91e+06      	2.419923e+00	2.145000e+03
7.92e+06      	2.419923e+00	2.145000e+03
7.93e+06      	2.419923e+00	2.145000e+03
7.94e+06      	2.419923e+00	2.145000e+03
7.95e+06      	2.419923e+00	2.145000e+03
7.96e+06      	2.419923e+00	2.145000e+03
7.97e+06      	2.419923e+00	2.145000e+03
7.98e+06      	2.419923e+00	2.145000e+03
7.99e+06      	2.419923e+00	2.145000e+03
8e+06         	2.419923e+00	2.145000e+03
8.01e+06      	2.419923e+00	2.145000e+03
8.02e+06      	2.419923e+00	2.145000e+03
8.03e+06      	2.419923e+00	2.145000e+03
8.04e+06      	2.419923e+00	2.145000e+03
8.05e+06      	2.419923e+00	2.145000e+03
8.06e+06      	2.419923e+00	2.145000e+03
8.07e+06      	2.419923e+00	2.145000e+03
8.08e+06      	2.419923e+00	2.145000e+03
8.09e+06      	2.419923e+00	2.145000e+03
8.1e+06       	2.419923e+00	2.145000e+03
8.11e+06      	2.419923e+00	2.145000e+03
8.12e+06      	2.419923e+00	2.145000e+03
8.13e+06      	2.419923e+00	2.145000e+03
8.14e+06      	2.419923e+00	2.145000e+03
8.15e+06      	2.419923e+00	2.145000e+03
8.16e+06      	2.419923e+00	2.145000e+03
8.17e+06      	2.419923e+00	2.145000e+03
8.18e+06      	2.419923e+00	2.145000e+03
8.19e+06      	2.419923e+00	2.145000e+03
8.2e+06       	2.419923e+00	2.145000e+03
8.21e+06      	2.419923e+00	2.145000e+03
8.22e+06      	2.419923e+00	2.145000e+03
8.23e+06      	2.419923e+00	2.145000e+03
8.24e+06      	2.419923e+00	2.145000e+03
8.25e+06      	2.419923e+00	2.145000e+03
8.26e+06      	2.419923e+00	2.145000e+03
8.27e+06      	2.419923e+00	2.145000e+03
8.28e+06      	2.419923e+00	2.145000e+03
8.29e+06      	2.419923e+00	2.145000e+03
8.3e+06       	2.419923e+00	2.145000e+03
8.31e+06      	2.419923e+00	2.145000e+03
8.32e+06      	2.419923e+00	2.145000e+03
8.33e+06      	2.419923e+00	2.145000e+03
8.34e+06      	2.419923e+00	2.145000e+03
8.35e+06      	2.419923e+00	2.145000e+03
8.36e+06      	2.419923e+00	2.145000e+03
8.37e+06      	2.419923e+00	2.145000e+03
8.38e+06      	2.419923e+00	2.145000e+03
8.39e+06      	2.419923e+00	2.145000e+03
8.4e+06       	2.419923e+00	2.145000e+03
8.41e+06      	2.419923e+00	2.145000e+03
8.42e+06      	2.419923e+00	2.145000e+03
8.43e+06      	2.419923e+00	2.145000e+03
8.44e+06      	2.419923e+00	2.145000e+03
8.45e+06      	2.419923e+00	2.145000e+03
8.46e+06      	2.419923e+00	2.145000e+03
8.47e+06      	2.419923e+00	2.145000e+03
8.48e+06      	2.419923e+00	2.145000e+03
8.49e+06      	2.419923e+00	2.145000e+03
8.5e+06       	2.419923e+00	2.145000e+03
8.51e+06      	2.419923e+00	2.145000e+03
8.52e+06      	2.419923e+00	2.145000e+03
8.53e+06      	2.419923e+00	2.145000e+03
8.54e+06      	2.419923e+00	2.145000e+03
8.55e+06      	2.419923e+00	2.145000e+03
8.56e+06      	2.419923e+00	2.145000e+03
8.57e+06      	2.419923e+00	2.145000e+03
8.58e+06      	2.419923e+00	2.145000e+03
8.59e+06      	2.419923e+00	2.145000e+03
8.6e+06       	2.419923e+00	2.145000e+03
8.61e+06      	2.419923e+00	2.145000e+03
8.62e+06      	2.419923e+00	2.145000e+03
8.63e+06      	2.419923e+00	2.145000e+03
8.64e+06      	2.419923e+00	2.145000e+03
8.65e+06      	2.419923e+00	2.145000e+03
8.66e+06      	2.419923e+00	2.145000e+03
8.67e+06      	2.419923e+00	2.145000e+03
8.68e+06      	2.419923e+00	2.145000e+03
8.69e+06      	2.419923e+00	2.145000e+03
8.7e+06       	2.419923e+00	2.145000e+03
8.71e+06      	2.419923e+00	2.145000e+03
8.72e+06      	2.419923e+00	2.145000e+03
8.73e+06      	2.419923e+00	2.145000e+03
8.74e+06      	2.419923e+00	2.145000e+03
8.75e+06      	2.419923e+00	2.145000e+03
8.76e+06      	2.419923e+00	2.145000e+03
8.77e+06      	2.419923e+00	2.145000e+03
8.78e+06      	2.419923e+00	2.145000e+03
8.79e+06      	2.419923e+00	2.145000e+03
8.8e+06       	2.419923e+00	2.145000e+03
8.81e+06      	2.419923e+00	2.145000e+03
8.82e+06      	2.419923e+00	2.145000e+03
8.83e+06      	2.419923e+00	2.145000e+03
8.84e+06      	2.419923e+00	2.145000e+03
8.85e+06      	2.419923e+00	2.145000e+03
8.86e+06      	2.419923e+00	2.145000e+03
8.87e+06      	2.419923e+00	2.145000e+03
8.88e+06      	2.419923e+00	2.145000e+03
8.89e+06      	2.419923e+00	2.145000e+03
8.9e+06       	2.419923e+00	2.145000e+03
8.91e+06      	2.419923e+00	2.145000e+03
8.92e+06      	2.419923e+00	2.145000e+03
8.93e+06      	2.419923e+00	2.145000e+03
8.94e+06      	2.419923e+00	2.145000e+03
8.95e+06      	2.419923e+00	2.145000e+03
8.96e+06      	2.419923e+00	2.145000e+03
8.97e+06      	2.419923e+00	2.145000e+03
8.98e+06      	2.419923e+00	2.145000e+03
8.99e+06      	2.419923e+00	2.145000e+03
9e+06         	2.419923e+00	2.145000e+03
9.01e+06      	2.419923e+00	2.145000e+03
9.02e+06      	2.419923e+00	2.145000e+03
9.03e+06      	2.419923e+00	2.145000e+03
9.04e+06      	2.419923e+00	2.145000e+03
9.05e+06      	2.419923e+00	2.145000e+03
9.06e+06      	2.419923e+00	2.145000e+03
9.07e+06      	2.419923e+00	2.145000e+03
9.08e+06      	2.419923e+00	2.145000e+03
9.09e+06      	2.419923e+00	2.145000e+03
9.1e+06       	2.419923e+00	2.145000e+03
9.11e+06      	2.419923e+00	2.145000e+03
9.12e+06      	2.419923e+00	2.145000e+03
9.13e+06      	2.419923e+00	2.145000e+03
9.14e+06      	2.419923e+00	2.145000e+03
9.15e+06      	2.419923e+00	2.145000e+03
9.16e+06      	2.419923e+00	2.145000e+03
9.17e+06      	2.419923e+00	2.145000e+03
9.18e+06      	2.419923e+00	2.145000e+03
9.19e+06      	2.419923e+00	2.145000e+03
9.2e+06       	2.419923e+00	2.145000e+03
9.21e+06      	2.419923e+00	2.145000e+03
9.22e+06      	2.419923e+00	2.145000e+03
9.23e+06      	2.419923e+00	2.145000e+03
9.24e+06      	2.419923e+00	2.145000e+03
9.25e+06      	2.419923e+00	2.145000e+03
9.26e+06      	2.419923e+00	2.145000e+03
9.27e+06      	2.419923e+00	2.145000e+03
9.28e+06      	2.419923e+00	2.145000e+03
9.29e+06      	2.419923e+00	2.145000e+03
9.3e+06       	2.419923e+00	2.145000e+03
9.31e+06      	2.419923e+00	2.145000e+03
9.32e+06      	2.419923e+00	2.145000e+03
9.33e+06      	2.419923e+00	2.145000e+03
9.34e+06      	2.419923e+00	2.145000e+03
9.35e+06      	2.419923e+00	2.145000e+03
9.36e+06      	2.419923e+00	2.145000e+03
9.37e+06      	2.419923e+00	2.145000e+03
9.38e+06      	2.419923e+00	2.145000e+03
9.39e+06      	2.419923e+00	2.145000e+03
9.4e+06       	2.419923e+00	2.145000e+03
9.41e+06      	2.419923e+00	2.145000e+03
9.42e+06      	2.419923e+00	2.145000e+03
9.43e+06      	2.419923e+00	2.145000e+03
9.44e+06      	2.419923e+00	2.145000e+03
9.45e+06      	2.419923e+00	2.145000e+03
9.46e+06      	2.419923e+00	2.145000e+03
9.47e+06      	2.419923e+00	2.145000e+03
9.48e+06      	2.419923e+00	2.145000e+03
9.49e+06      	2.419923e+00	2.145000e+03
9.5e+06       	2.419923e+00	2.145000e+03
9.51e+06      	2.419923e+00	2.145000e+03
9.52e+06      	2.419923e+00	2.145000e+03
9.53e+06      	2.419923e+00	2.145000e+03
9.54e+06      	2.419923e+00	2.145000e+03
9.55e+06      	2.419923e+00	2.145000e+03
9.56e+06      	2.419923e+00	2.145000e+03
9.57e+06      	2.419923e+00	2.145000e+03
9.58e+06      	2.419923e+00	2.145000e+03
9.59e+06      	2.419923e+00	2.145000e+03
9.6e+06       	2.419923e+00	2.145000e+03
9.61e+06      	2.419923e+00	2.145000e+03
9.62e+06      	2.419923e+00	2.145000e+03
9.63e+06      	2.419923e+00	2.145000e+03
9.64e+06      	2.419923e+00	2.145000e+03
9.65e+06      	2.419923e+00	2.145000e+03
9.66e+06      	2.419923e+00	2.145000e+03
9.67e+06      	2.419923e+00	2.145000e+03
9.68e+06      	2.419923e+00	2.145000e+03
9.69e+06      	2.419923e+00	2.145000e+03
9.7e+06       	2.419923e+00	2.145000e+03
9.71e+06      	2.419923e+00	2.145000e+03
9.72e+06      	2.419923e+00	2.145000e+03
9.73e+06      	2.419923e+00	2.145000e+03
9.74e+06      	2.419923e+00	2.145000e+03
9.75e+06      	2.419923e+00	2.145000e+03
9.76e+06      	2.419923e+00	2.145000e+03
9.77e+06      	2.419923e+00	2.145000e+03
9.78e+06      	2.419923e+00	2.145000e+03
9.79e+06      	2.419923e+00	2.145000e+03
9.8e+06       	2.419923e+00	2.145000e+03
9.81e+06      	2.419923e+00	2.145000e+03
9.82e+06      	2.419923e+00	2.145000e+03
9.83e+06      	2.419923e+00	2.145000e+03
9.84e+06      	2.419923e+00	2.145000e+03
9.85e+06      	2.419923e+00	2.145000e+03
9.86e+06      	2.419923e+00	2.145000e+03
9.87e+06      	2.419923e+00	2.145000e+03
9.88e+06      	2.419923e+00	2.145000e+03
9.89e+06      	2.419923e+00	2.145000e+03
9.9e+06       	2.419923e+00	2.145000e+03
9.91e+06      	2.419923e+00	2.145000e+03
9.92e+06      	2.419923e+00	2.145000e+03
9.93e+06      	2.419923e+00	2.145000e+03
9.94e+06      	2.419923e+00	2.145000e+03
9.95e+06      	2.419923e+00	2.145000e+03
9.96e+06      	2.419923e+00	2.145000e+03
9.97e+06      	2.419923e+00	2.145000e+03
9.98e+06      	2.419923e+00	2.145000e+03
9.99e+06      	2.419923e+00	2.145000e+03
1e+07         	2.419923e+00	2.145000e+03
